Name of the State,Name of the District,Name of the Block,Number of Gram Panchayats,Name  of Gram Panchayats,Openning Balance for FY 2019-20,Total Fund Available for the FY 2019-20,Total Expenditure on Wages for FY 2019-20,Total Expenditure on Materials for FY 2019-20,Total Tax Paid for FY 2019-20,Total Admin Expenses  for FY 2019-20,Grand Total Expenditure for FY 2019-20,Total Unspent Balance for FY 2019-20,Total Payment Due for FY 2019-20
Odisha,Bolangir,Agalpur,1,Agalpur,0.9,33.49,32.54,0,0,0,32.54,0.95,0.38
Odisha,Bolangir,Agalpur,2,Babufasad,0.56,45.57,33.11,11.13,0.17,0,44.42,1.15,0.97
Odisha,Bolangir,Agalpur,3,Badtika,-1.64,36.42,32.64,5.33,0.09,0,38.06,-1.64,0.08
Odisha,Bolangir,Agalpur,4,Bakti,-0.44,14.12,12.99,1.55,0.01,0,14.56,-0.44,0.01
Odisha,Bolangir,Agalpur,5,Bendra,0.49,33.99,30.79,2.63,0.04,0,33.46,0.53,0.92
Odisha,Bolangir,Agalpur,6,Bharsuja,0.81,94.52,65.82,27.18,0.34,0,93.35,1.17,0.39
Odisha,Bolangir,Agalpur,7,Budula,0.9,51.75,48.86,1.96,0.03,0,50.86,0.89,0.28
Odisha,Bolangir,Agalpur,8,Duduka,-0.53,33.87,34.27,0,0,0,34.27,-0.39,0.06
Odisha,Bolangir,Agalpur,9,Jharanipali,-0.61,34.84,34.44,0.92,0.05,0,35.41,-0.58,0.69
Odisha,Bolangir,Agalpur,10,Kutasingha,-0.38,39.41,39.79,0,0,0,39.79,-0.38,0.06
Odisha,Bolangir,Agalpur,11,Luhuramunda,0,23.86,23.71,0,0,0,23.71,0.16,0.4
Odisha,Bolangir,Agalpur,12,Mursundhi,0,11.28,11.06,0,0,0,11.06,0.22,0.06
Odisha,Bolangir,Agalpur,13,Nagaon-A,-0.33,40.7,37.59,3.36,0.06,0,41.01,-0.3,0.08
Odisha,Bolangir,Agalpur,14,Nagaon-B,0.42,23.45,21.16,1.66,0,0,22.82,0.63,1.07
Odisha,Bolangir,Agalpur,15,Nuniapali,-2.44,28.93,31.38,0,0,0,31.38,-2.44,0.13
Odisha,Bolangir,Agalpur,16,Patuapali,-0.76,23.29,22.21,1.83,0.02,0,24.06,-0.78,0.14
Odisha,Bolangir,Agalpur,17,Rinbachan,0.05,12.46,12.39,0,0,0,12.39,0.07,0.02
Odisha,Bolangir,Agalpur,18,Roth,0.23,37.08,25.79,10.74,0.15,0,36.68,0.4,0.43
Odisha,Bolangir,Agalpur,19,Salebhata,1.08,26.65,25.57,0,0,0,25.57,1.08,0.08
Odisha,Bolangir,Agalpur,20,Uperbahal,1.49,39.35,37.75,0.08,0,0,37.83,1.52,0.35
Odisha,Bolangir,Agalpur,,Total,-0.19,685.03,613.87,68.38,0.97,0,683.21,1.82,6.62
Odisha,Bolangir,Agalpur,,Block Level Line Deptt.,-42.5,-42.5,30.3,78.72,0.91,3.66,113.59,-156.09,0.32
Odisha,Bolangir,Agalpur,,Po,-4.9,90.91,0,NA,NA,24.07,24.07,66.84,NA
Odisha,Bolangir,Agalpur,,Grand Total,-47.59,733.44,644.17,147.1,1.88,27.73,820.87,-87.43,6.94
Odisha,Bolangir,Balangir,1,Baidipali,-1.46,28.77,30.23,0,0,0,30.22,-1.46,0.06
Odisha,Bolangir,Balangir,2,Barapudugia,-1.76,23.13,24.89,0,0,0,24.89,-1.76,0.01
Odisha,Bolangir,Balangir,3,Barkani,-0.99,24.96,25.95,0,0,0,25.95,-0.99,0.02
Odisha,Bolangir,Balangir,4,Bhundimuhan,-1.91,45.32,33.7,13.34,0.14,0,47.18,-1.86,0
Odisha,Bolangir,Balangir,5,Bhutiarbahal,0.57,23.22,22.42,0,0,0,22.43,0.79,0.33
Odisha,Bolangir,Balangir,6,Bidighat,-0.26,8.56,6.64,2.17,0,0,8.81,-0.26,0
Odisha,Bolangir,Balangir,7,Chandanbhati,-0.19,11.79,11.98,0,0,0,11.98,-0.19,0
Odisha,Bolangir,Balangir,8,Chikalbahal,1.3,34.06,26.24,6.47,0.02,0,32.74,1.32,0.02
Odisha,Bolangir,Balangir,9,Chudapali,0.05,61.89,55.15,6.61,0.07,0,61.83,0.06,0.01
Odisha,Bolangir,Balangir,10,Jhankarpali,0.66,23.7,22.81,0.21,0,0,23.02,0.69,0.11
Odisha,Bolangir,Balangir,11,Khaliapali,0.31,6.19,5.88,0,0,0,5.88,0.31,0.09
Odisha,Bolangir,Balangir,12,Khujenpali,-0.03,12.56,12.59,0,0,0,12.59,-0.03,0.03
Odisha,Bolangir,Balangir,13,Khuntpali,0.26,28.01,26.39,1.3,0.02,0,27.71,0.3,0.07
Odisha,Bolangir,Balangir,14,Kudasingha,-0.04,20.33,18.77,1.6,0,0,20.37,-0.04,0.02
Odisha,Bolangir,Balangir,15,Kutumdola,0,26.49,26.42,0.06,0,0,26.49,0,0.18
Odisha,Bolangir,Balangir,16,Madhiapali,-0.24,9.95,10.19,0,0,0,10.19,-0.24,0
Odisha,Bolangir,Balangir,17,Manhira,0.23,14.81,14.46,0,0,0,14.46,0.35,0.29
Odisha,Bolangir,Balangir,18,Mayabarha,0,59.68,49.74,9.14,0.05,0,58.93,0.74,0.02
Odisha,Bolangir,Balangir,19,Mirdhapali,0.4,16.09,15.69,0,0,0,15.69,0.4,0
Odisha,Bolangir,Balangir,20,Sadeipali,-0.45,7.3,7.76,0,0,0,7.76,-0.45,0.14
Odisha,Bolangir,Balangir,21,Sahajbahal,-0.33,15.09,15.4,0.02,0,0,15.42,-0.33,0.02
Odisha,Bolangir,Balangir,22,Sakma,0.03,6.54,6.5,0,0,0,6.5,0.03,0.1
Odisha,Bolangir,Balangir,23,Sibtala,-1.03,26.79,27.55,0,0,0,27.54,-0.75,0.21
Odisha,Bolangir,Balangir,24,Sikachhida,-0.63,15.82,16.42,0.02,0,0,16.45,-0.63,0.1
Odisha,Bolangir,Balangir,25,Tusrabahal,-0.49,36.44,28.56,8.18,0.09,0,36.83,-0.39,0
Odisha,Bolangir,Balangir,,Total,-5.99,587.47,542.32,49.13,0.4,0,591.85,-4.38,1.83
Odisha,Bolangir,Balangir,,Block Level Line Deptt.,-8.61,-8.61,56.14,69.55,0.55,0.25,126.48,-135.09,0.33
Odisha,Bolangir,Balangir,,Po,-12.01,44.14,0,NA,NA,28.97,28.97,15.17,NA
Odisha,Bolangir,Balangir,,Grand Total,-26.62,623,598.46,118.68,0.95,29.22,747.3,-124.3,2.16
Odisha,Bolangir,Bangomunda,1,Alanda,-0.36,58.75,43.22,16.05,0,0,59.27,-0.52,0.78
Odisha,Bolangir,Bangomunda,2,Arsatula,-3.17,28.35,27.75,3.78,0,0,31.53,-3.17,0.32
Odisha,Bolangir,Bangomunda,3,Baldha,-1.6,83.88,72.61,11.73,0.86,0,85.21,-1.33,1.52
Odisha,Bolangir,Bangomunda,4,Bangomunda,0.06,44.11,36.63,7.04,0,0,43.68,0.43,1.09
Odisha,Bolangir,Bangomunda,5,Belpada,-3.88,69.75,62.51,11.23,0,0,73.74,-3.99,3.43
Odisha,Bolangir,Bangomunda,6,Bhalumunda,2.9,40.96,31.93,6.13,0,0,38.06,2.9,0.11
Odisha,Bolangir,Bangomunda,7,Bhursagura,0,27.22,27.22,0,0,0,27.22,0,0.17
Odisha,Bolangir,Bangomunda,8,Bhuslad,2.99,170.95,116.94,50.64,0.49,0,168.07,2.88,0.56
Odisha,Bolangir,Bangomunda,9,Biripali,2.93,25.23,21.9,0,0,0,21.89,3.34,1.86
Odisha,Bolangir,Bangomunda,10,Chandotara,2.36,42.4,40.01,0,0,0,40.01,2.39,0.3
Odisha,Bolangir,Bangomunda,11,Chulifunka,4.89,51.64,41.84,4.86,0.05,0,46.75,4.89,0.26
Odisha,Bolangir,Bangomunda,12,Dedgaon,0.26,88.94,65.85,22.86,0,0,88.71,0.23,0.12
Odisha,Bolangir,Bangomunda,13,Gandharabandh,0,24.12,25.14,5.89,0,0,31.03,-6.91,0.26
Odisha,Bolangir,Bangomunda,14,Gandharla,0.5,90.7,83.98,6.32,0,0,90.29,0.41,1.32
Odisha,Bolangir,Bangomunda,15,Jamkhunta,4.1,55,40.44,10.45,0,0,50.89,4.1,2.05
Odisha,Bolangir,Bangomunda,16,Jhalap,0.58,62.22,48.83,12.82,0,0,61.64,0.58,0.82
Odisha,Bolangir,Bangomunda,17,Jharial,1.67,27.05,24.16,1.76,0,0,25.91,1.14,2.33
Odisha,Bolangir,Bangomunda,18,Jurabandh,0.83,39.14,32.71,5.96,0,0,38.67,0.47,0.39
Odisha,Bolangir,Bangomunda,19,Kansil,0,29.97,30.25,0,0,0,30.25,-0.28,0.13
Odisha,Bolangir,Bangomunda,20,Kapilbhata,-0.48,82.2,54.78,27.9,0,0,82.68,-0.48,0.68
Odisha,Bolangir,Bangomunda,21,Khaira,1,36.98,34.5,1.46,0,0,35.96,1.02,0.24
Odisha,Bolangir,Bangomunda,22,Kundabutula,6.69,22.62,14.91,0,0,0,14.91,7.71,2.21
Odisha,Bolangir,Bangomunda,23,Mundapadar,-0.04,48.36,36.69,11.8,0,0,48.49,-0.13,3.41
Odisha,Bolangir,Bangomunda,24,Sindhekela,4.19,56.58,48.1,4.29,0,0,52.39,4.19,0.26
Odisha,Bolangir,Bangomunda,25,Themra,-0.21,111.64,81.47,30.58,0,0,112.05,-0.41,2.5
Odisha,Bolangir,Bangomunda,26,Turekela,0,39.16,32.34,6.89,0,0,39.23,-0.07,0.62
Odisha,Bolangir,Bangomunda,,Total,26.2,1457.93,1176.7,260.45,1.4,0,1438.54,19.39,27.76
Odisha,Bolangir,Bangomunda,,Block Level Line Deptt.,-103.71,-103.71,225.89,94.91,0.67,0,321.47,-425.18,9.54
Odisha,Bolangir,Bangomunda,,Po,0.75,254.58,0,NA,NA,38.98,38.98,215.6,NA
Odisha,Bolangir,Bangomunda,,Grand Total,-76.77,1608.81,1402.59,355.36,2.07,38.98,1798.99,-190.19,37.3
Odisha,Bolangir,Belpara,1,Bagdor,-0.15,65.07,54,11.22,0,0,65.22,-0.15,0.26
Odisha,Bolangir,Belpara,2,Bahabal,-0.24,37.65,37.78,0,0,0,37.78,-0.14,0
Odisha,Bolangir,Belpara,3,Balikhamar,0,9.21,9.3,0,0,0,9.3,-0.09,1.32
Odisha,Bolangir,Belpara,4,Beheramunda,0.67,39.36,38.7,0,0,0,38.7,0.67,0.22
Odisha,Bolangir,Belpara,5,Belpada,3.01,33.71,28.04,2.35,0,0,30.39,3.32,1.24
Odisha,Bolangir,Belpara,6,Bharuapali,-0.08,28.8,28.9,0,0,0,28.9,-0.1,0.89
Odisha,Bolangir,Belpara,7,Darlipali,0,39.21,25.93,13.29,0,0,39.21,0,0.17
Odisha,Bolangir,Belpara,8,Dhumabhata,1.14,66.39,65.25,0,0,0,65.25,1.13,3.17
Odisha,Bolangir,Belpara,9,Gambhari,0.71,45.71,43.52,1.46,0.01,0,45,0.71,0.76
Odisha,Bolangir,Belpara,10,Ghagurli,2.95,79.08,64.99,10.2,0,0,75.19,3.89,4.91
Odisha,Bolangir,Belpara,11,Juba,1.41,35.09,33.64,0,0,0,33.64,1.45,0.3
Odisha,Bolangir,Belpara,12,Kandhenjhula,0.46,24.95,24.5,0,0,0,24.5,0.46,0.04
Odisha,Bolangir,Belpara,13,Kanut,-0.8,55.32,56.12,0,0,0,56.12,-0.8,0.21
Odisha,Bolangir,Belpara,14,Kapani,0.21,20.75,20.55,0,0,0,20.55,0.21,0.53
Odisha,Bolangir,Belpara,15,Madhyapur,1.92,22.49,20.6,0,0,0,20.6,1.89,0.47
Odisha,Bolangir,Belpara,16,Mandal,0.29,57.18,45.72,11.18,0,0,56.91,0.27,0.31
Odisha,Bolangir,Belpara,17,Nunhad,1.84,39.5,32.2,5.43,0,0,37.63,1.87,0.13
Odisha,Bolangir,Belpara,18,Pandrijore,2.55,49.41,46.86,0,0,0,46.86,2.55,0.22
Odisha,Bolangir,Belpara,19,Parlimal,1.22,24.22,11.55,11.44,0,0,23,1.22,0.11
Odisha,Bolangir,Belpara,20,Salendi,-0.04,21.47,21.51,0,0,0,21.51,-0.04,1.96
Odisha,Bolangir,Belpara,21,Sarmuhan,4.86,46.35,41.49,0,0,0,41.49,4.86,1.41
Odisha,Bolangir,Belpara,22,Sihini,3.94,16.85,12.74,0,0,0,12.74,4.1,2.44
Odisha,Bolangir,Belpara,23,Sulekela,-0.14,56.08,56.22,0,0,0,56.22,-0.14,0.28
Odisha,Bolangir,Belpara,24,Tentelmunda,-2.41,42.98,41.82,3.56,0,0,45.38,-2.4,0.48
Odisha,Bolangir,Belpara,,Total,23.32,956.84,861.93,70.15,0.01,0,932.09,24.75,21.83
Odisha,Bolangir,Belpara,,Block Level Line Deptt.,-75.86,-75.86,54.61,42.17,0,0.44,97.22,-173.08,4.57
Odisha,Bolangir,Belpara,,Po,-15.33,63.68,0,NA,NA,40.35,40.35,23.33,NA
Odisha,Bolangir,Belpara,,Grand Total,-67.86,944.65,916.54,112.32,0.01,40.79,1069.66,-125,26.4
Odisha,Bolangir,Deogaon,1,Arjunpur,-0.27,13.9,14.16,0,0,0,14.16,-0.26,0.09
Odisha,Bolangir,Deogaon,2,Badbahal,-0.07,62.92,32.49,30.51,0,0,62.99,-0.07,0
Odisha,Bolangir,Deogaon,3,Badbandh,1.66,31.16,24.93,4.54,0,0,29.48,1.68,0.02
Odisha,Bolangir,Deogaon,4,Bandhpara,0.97,25.49,22.82,1.71,0,0,24.52,0.97,0.54
Odisha,Bolangir,Deogaon,5,Brahmanijore,9.2,22.82,13.62,0,0,0,13.62,9.2,0
Odisha,Bolangir,Deogaon,6,Deogaon,0.03,25.68,21.7,3.96,0,0,25.65,0.03,0.19
Odisha,Bolangir,Deogaon,7,Desandh,-5.84,33.61,39.45,0,0,0,39.45,-5.84,0.24
Odisha,Bolangir,Deogaon,8,Dhandamal,3.94,31.95,28.01,0,0,0,28,3.94,0.29
Odisha,Bolangir,Deogaon,9,Dumerpita,0,14.94,14.91,0,0,0,14.91,0.03,0.19
Odisha,Bolangir,Deogaon,10,Gaibahal,0.73,33.72,31.88,1.1,0,0,32.99,0.73,0.1
Odisha,Bolangir,Deogaon,11,Gourgoth,-0.65,44.85,38.94,6.3,0,0,45.23,-0.38,0.24
Odisha,Bolangir,Deogaon,12,Gudkhapala,0,23.88,17.8,6.08,0,0,23.88,0,0.14
Odisha,Bolangir,Deogaon,13,Hatisara,0,11.71,11.71,0,0,0,11.71,0,0.33
Odisha,Bolangir,Deogaon,14,Jarasingha,1.86,24.55,16.5,6.2,0,0,22.69,1.86,0.01
Odisha,Bolangir,Deogaon,15,Kultapada,1.4,42.02,35.15,5.47,0,0,40.62,1.4,0
Odisha,Bolangir,Deogaon,16,Kuturla,9.82,32.82,22.96,0.04,0,0,23,9.82,0.13
Odisha,Bolangir,Deogaon,17,Landapathar,5.6,32.08,26.49,0,0,0,26.49,5.6,0.12
Odisha,Bolangir,Deogaon,18,Mahalei,7.19,39.87,29.56,3.12,0,0,32.68,7.19,0.04
Odisha,Bolangir,Deogaon,19,Makundpur,0.49,53.63,42.76,10.38,0,0,53.14,0.49,0
Odisha,Bolangir,Deogaon,20,Ramchandrapur,-0.27,27.28,24.63,2.92,0,0,27.55,-0.27,0.7
Odisha,Bolangir,Deogaon,21,Salepali,1.81,20.32,18.51,0,0,0,18.51,1.81,1.37
Odisha,Bolangir,Deogaon,22,Sarasmal,1.14,38.57,36.36,1.06,0,0,37.42,1.14,0.08
Odisha,Bolangir,Deogaon,23,Sikuan,-0.96,18.55,12.36,7.16,0,0,19.52,-0.96,0.02
Odisha,Bolangir,Deogaon,24,Singhanmunda,3.59,16.79,13.11,0,0,0,13.11,3.68,0.54
Odisha,Bolangir,Deogaon,25,Sirabahal(Udar),-12.07,7.58,19.54,0.1,0,0,19.64,-12.06,0.12
Odisha,Bolangir,Deogaon,26,Uperjhar,0.26,16.67,12.83,3.58,0,0,16.41,0.26,0
Odisha,Bolangir,Deogaon,,Total,29.57,747.38,623.15,94.22,0,0,717.37,30,5.48
Odisha,Bolangir,Deogaon,,Block Level Line Deptt.,-259.87,-259.87,45.38,109.96,0.58,0.4,156.33,-416.2,0.33
Odisha,Bolangir,Deogaon,,Po,96.04,236.07,0,NA,NA,42.36,42.36,193.71,NA
Odisha,Bolangir,Deogaon,,Grand Total,-134.26,723.58,668.53,204.18,0.58,42.76,916.06,-192.49,5.81
Odisha,Bolangir,Gudvella,1,Badangomunda,0.31,29.18,24.87,3.98,0,0,28.86,0.32,0.08
Odisha,Bolangir,Gudvella,2,Birmunda,0.39,44.38,34.59,9.26,0.13,0,43.98,0.39,0.23
Odisha,Bolangir,Gudvella,3,Chinched,-0.76,27.83,23.89,4.66,0.04,0,28.58,-0.76,0.22
Odisha,Bolangir,Gudvella,4,Deulgudi,0,58.47,38.44,19.81,0.22,0,58.47,0,0.18
Odisha,Bolangir,Gudvella,5,Gambhariguda,0,56.61,45.37,11.12,0.1,0,56.6,0.01,0.05
Odisha,Bolangir,Gudvella,6,Ghuna,1.4,52.27,42.05,8.55,0.08,0,50.69,1.58,0.1
Odisha,Bolangir,Gudvella,7,Gudvela,0.04,29.54,22.49,6.91,0.02,0,29.42,0.12,0.04
Odisha,Bolangir,Gudvella,8,Jamut,1.17,44.32,22.15,20.96,0.04,0,43.15,1.17,2.55
Odisha,Bolangir,Gudvella,9,Madhekela,-0.5,42.86,40.55,2.81,0,0,43.36,-0.5,0.09
Odisha,Bolangir,Gudvella,10,Nuapada,-0.17,70.69,61.98,8.7,0,0,70.67,0.02,0.37
Odisha,Bolangir,Gudvella,11,Rusuda,0.63,85.55,66.31,18.48,0.2,0,84.99,0.56,0.39
Odisha,Bolangir,Gudvella,12,Samara,-0.03,15.42,13.62,1.84,0,0,15.45,-0.03,0
Odisha,Bolangir,Gudvella,13,Tentelkhunti,1.06,44.26,39.9,3.2,0.04,0,43.15,1.12,0.39
Odisha,Bolangir,Gudvella,,Total,3.55,601.38,476.21,120.27,0.88,0,597.37,4.02,4.7
Odisha,Bolangir,Gudvella,,Block Level Line Deptt.,-0.06,-0.06,52.23,113.71,1.8,0,167.74,-167.8,0.57
Odisha,Bolangir,Gudvella,,Po,-1.33,147.46,0,NA,NA,10.48,10.48,136.98,NA
Odisha,Bolangir,Gudvella,,Grand Total,2.16,748.78,528.44,233.98,2.68,10.48,775.59,-26.8,5.27
Odisha,Bolangir,Khaprakhol,1,Baghmund,3.01,61.74,55.78,3.05,0,0,58.82,2.92,0.68
Odisha,Bolangir,Khaprakhol,2,Bender,3.82,88.32,55.3,28.64,0,0,83.93,4.39,0.55
Odisha,Bolangir,Khaprakhol,3,Bhanpur,0.19,37.01,31.7,2.62,0,0,34.32,2.69,1.62
Odisha,Bolangir,Khaprakhol,4,Changria,0,64.53,57.3,7.17,0,0,64.47,0.06,0.25
Odisha,Bolangir,Khaprakhol,5,Dameipali,4.07,28.52,24.43,0,0,0,24.44,4.09,0.22
Odisha,Bolangir,Khaprakhol,6,Dhandamunda,0.52,101.04,85.08,15.24,0.11,0,100.43,0.61,3.66
Odisha,Bolangir,Khaprakhol,7,Ghunsar,-0.33,40.28,34.63,5.97,0,0,40.61,-0.33,1.38
Odisha,Bolangir,Khaprakhol,8,Karuanjhar,-0.65,22.01,22.66,0,0,0,22.66,-0.65,0.98
Odisha,Bolangir,Khaprakhol,9,Khaprakhol,2.01,141.85,76.13,63.72,0,0,139.84,2.01,1.97
Odisha,Bolangir,Khaprakhol,10,Lathor,5.37,46.47,33.44,7.66,0,0,41.1,5.37,1.06
Odisha,Bolangir,Khaprakhol,11,Luhasingha,0.33,112,88.33,23.41,0,0,111.74,0.25,2.42
Odisha,Bolangir,Khaprakhol,12,Maharapadar,0.42,92.51,89.21,2.83,0,0,92.04,0.47,0.75
Odisha,Bolangir,Khaprakhol,13,Malpara,0,45.58,41.34,4.24,0,0,45.58,0,0.37
Odisha,Bolangir,Khaprakhol,14,Matiabhata,0.29,87.37,74.54,12.29,0.04,0,86.87,0.5,1.21
Odisha,Bolangir,Khaprakhol,15,Nandupala,2.74,44.87,39.13,3.03,0,0,42.15,2.73,0.2
Odisha,Bolangir,Khaprakhol,16,Padiabahal,3.54,70.24,64.96,1.79,0,0,66.75,3.49,2.49
Odisha,Bolangir,Khaprakhol,17,Rengali,0.31,55.1,51.91,2.87,0,0,54.78,0.32,2.39
Odisha,Bolangir,Khaprakhol,18,Sahajpani,0,38.43,32.3,6.12,0,0,38.43,0,0.16
Odisha,Bolangir,Khaprakhol,19,Tankapani,0.32,107.27,85.09,21.85,0,0,106.94,0.33,1.17
Odisha,Bolangir,Khaprakhol,20,Telenpali,2.12,65.6,63.06,0.63,0,0,63.69,1.9,0.66
Odisha,Bolangir,Khaprakhol,21,Udiapali,0.23,48.49,48.2,0.1,0,0,48.3,0.18,0.8
Odisha,Bolangir,Khaprakhol,,Total,28.31,1399.22,1154.51,213.22,0.16,0,1367.88,31.34,25
Odisha,Bolangir,Khaprakhol,,Block Level Line Deptt.,-108.13,-108.13,107.46,141.18,0,1.09,249.73,-357.86,9.94
Odisha,Bolangir,Khaprakhol,,Po,-3.03,216.77,0,NA,NA,58.02,58.02,158.75,NA
Odisha,Bolangir,Khaprakhol,,Grand Total,-82.86,1507.86,1261.97,354.4,0.16,59.11,1675.63,-167.77,34.94
Odisha,Bolangir,Loisinga,1,Badibahal,-5.21,89.36,63.92,30.48,0.17,0,94.57,-5.21,0.98
Odisha,Bolangir,Loisinga,2,Badimunda,1.44,43.85,28,14.26,0.16,0,42.42,1.44,1.19
Odisha,Bolangir,Loisinga,3,Banipali,0,37.91,31.05,15.03,0.14,0,46.22,-8.3,1.85
Odisha,Bolangir,Loisinga,4,Budhipadar,0.65,63.23,32.85,29.41,0.33,0,62.58,0.66,0.2
Odisha,Bolangir,Loisinga,5,Burda,-0.34,16.12,13.07,4.48,0.06,0,17.61,-1.5,1.22
Odisha,Bolangir,Loisinga,6,Dunguripali,-8.51,45.33,36.2,17.54,0.15,0,53.89,-8.56,0.46
Odisha,Bolangir,Loisinga,7,Hirapur,1.99,43.99,29.59,12.23,0.18,0,42,1.99,0.36
Odisha,Bolangir,Loisinga,8,Jharmunda,0.86,31.26,24.56,5.87,0.05,0,30.48,0.78,0.74
Odisha,Bolangir,Loisinga,9,Jogisurda,0.44,25.97,21.96,3.93,0.03,0,25.91,0.06,0.35
Odisha,Bolangir,Loisinga,10,Kandajuri,-1.69,26.06,14.57,12.39,0.8,0,27.75,-1.69,0.29
Odisha,Bolangir,Loisinga,11,Kusang,0.49,25.43,16.27,9.81,0.12,0,26.19,-0.76,0.2
Odisha,Bolangir,Loisinga,12,Kusmel,-1.95,36.2,34.26,3.86,0.02,0,38.15,-1.95,0.39
Odisha,Bolangir,Loisinga,13,Kutenpali,3.14,17.07,13.91,0,0,0,13.91,3.16,0.34
Odisha,Bolangir,Loisinga,14,Loisingha,-0.21,52.22,33.24,19.18,0.12,0,52.55,-0.33,0.08
Odisha,Bolangir,Loisinga,15,Magurbeda,0,37.34,27.2,16.98,0.16,0,44.33,-6.99,0.71
Odisha,Bolangir,Loisinga,16,Ratakhandi,-5.92,30.17,24.92,11.07,0.14,0,36.14,-5.96,0.07
Odisha,Bolangir,Loisinga,17,Rengali,-2.54,39.61,30.77,11.24,0.14,0,42.15,-2.54,0.39
Odisha,Bolangir,Loisinga,18,Sargad,-2.82,33,19.84,15.84,0.15,0,35.82,-2.82,0.15
Odisha,Bolangir,Loisinga,19,Taliudar,2.28,23.93,19.65,1.99,0.02,0,21.66,2.28,0.7
Odisha,Bolangir,Loisinga,20,Uperbahal,-5.11,138.78,58.79,84.56,0.67,0,144.03,-5.25,3.04
Odisha,Bolangir,Loisinga,,Total,-23,856.86,574.6,320.12,3.62,0,898.34,-41.49,13.72
Odisha,Bolangir,Loisinga,,Block Level Line Deptt.,-67.61,-67.61,34.29,53.71,0.62,0,88.63,-156.24,1.3
Odisha,Bolangir,Loisinga,,Po,31.34,121.36,0,NA,NA,34.15,34.15,87.21,NA
Odisha,Bolangir,Loisinga,,Grand Total,-59.27,910.61,608.89,373.83,4.24,34.15,1021.12,-110.52,15.02
Odisha,Bolangir,Muribahal,1,Badsaimara,-0.28,63.34,60,6.12,0,0,66.12,-2.78,1.46
Odisha,Bolangir,Muribahal,2,Bandupala,0,19.38,21.14,0,0,0,21.14,-1.76,1.09
Odisha,Bolangir,Muribahal,3,Bankel,-9.8,43.09,54.89,0.91,0,0,55.8,-12.72,1.49
Odisha,Bolangir,Muribahal,4,Belpadar,-3.12,18.58,23.26,0,0,0,23.26,-4.67,1.17
Odisha,Bolangir,Muribahal,5,Bitabandh,0,16.52,18.98,6.79,0,0,25.77,-9.25,1.61
Odisha,Bolangir,Muribahal,6,Chalki,-7.33,30.22,34.33,5.84,0,0,40.17,-9.95,0.7
Odisha,Bolangir,Muribahal,7,Chanabahal,-12.12,54.29,65.21,0.96,0,0,66.17,-11.88,1.79
Odisha,Bolangir,Muribahal,8,Dangarpada,0,43.16,46.35,0.62,0,0,46.97,-3.81,0.49
Odisha,Bolangir,Muribahal,9,Gadgadabahal,0,20.03,19.43,5.24,0,0,24.66,-4.63,0.65
Odisha,Bolangir,Muribahal,10,Ganrei,-17.64,38.74,51.53,4.84,0,0,56.37,-17.64,0.9
Odisha,Bolangir,Muribahal,11,Goimund,0,28.5,29.03,0,0,0,29.03,-0.53,0.81
Odisha,Bolangir,Muribahal,12,Gudighat,-9.46,46.19,55.66,0,0,0,55.66,-9.46,0.94
Odisha,Bolangir,Muribahal,13,Haldi,-2.31,70.63,67.13,5.79,0,0,72.91,-2.29,0.68
Odisha,Bolangir,Muribahal,14,Ichhapada,-4.89,85.75,82.98,12.06,0.43,0,95.48,-9.72,2.38
Odisha,Bolangir,Muribahal,15,Lakhana,-3.05,19.72,24.3,3.87,0,0,28.17,-8.45,0.77
Odisha,Bolangir,Muribahal,16,Lebda,0.03,27.31,39.32,2.79,0,0,42.12,-14.81,0.59
Odisha,Bolangir,Muribahal,17,Malisira,-0.66,52.99,49.97,3.63,0,0,53.6,-0.61,1.28
Odisha,Bolangir,Muribahal,18,Muribahal,0,53.57,49.44,7.56,0,0,57,-3.42,0.51
Odisha,Bolangir,Muribahal,19,Patrapali,-10.08,51.12,46.06,16.07,0,0,62.12,-11.01,2.41
Odisha,Bolangir,Muribahal,20,Patrapali- Kha,0,19.87,13.9,6.24,0,0,20.14,-0.28,0.24
Odisha,Bolangir,Muribahal,21,Tentelkhunti,-1.53,32.25,35,0,0,0,35,-2.75,0.37
Odisha,Bolangir,Muribahal,22,Tupaudar,0.44,17.15,16.19,1.77,0,0,17.96,-0.81,1.04
Odisha,Bolangir,Muribahal,,Total,-81.79,852.39,904.09,91.11,0.43,0,995.63,-143.24,23.35
Odisha,Bolangir,Muribahal,,Block Level Line Deptt.,-34.41,-34.41,46.76,57.22,0,0.64,104.63,-139.04,4.31
Odisha,Bolangir,Muribahal,,Po,-5.69,133.69,0,NA,NA,30.77,30.77,102.92,NA
Odisha,Bolangir,Muribahal,,Grand Total,-121.9,951.67,950.85,148.33,0.43,31.41,1131.03,-179.36,27.66
Odisha,Bolangir,Patnagarh,1,Balipata,1.05,30.53,29.47,0,0,0,29.47,1.05,0.28
Odisha,Bolangir,Patnagarh,2,Baneimunda,-1.31,48.34,44.69,4.96,0,0,49.65,-1.31,0.14
Odisha,Bolangir,Patnagarh,3,Barpadar,-1.5,15.09,16.5,0,0,0,16.5,-1.41,0.35
Odisha,Bolangir,Patnagarh,4,Batharla,1.02,13.52,11.09,1.45,0,0,12.54,0.98,0
Odisha,Bolangir,Patnagarh,5,Bhainsa,0.81,22.24,21.39,0,0,0,21.39,0.84,0.36
Odisha,Bolangir,Patnagarh,6,Bharatbahal,0,8.26,8.22,0,0,0,8.22,0.04,0.14
Odisha,Bolangir,Patnagarh,7,Dangabahal,0,34.64,26.4,6.13,0,0,32.53,2.11,2.29
Odisha,Bolangir,Patnagarh,8,Deulgaon,1.59,38.59,35.82,1.33,0,0,37.14,1.44,0.4
Odisha,Bolangir,Patnagarh,9,Dhatuk,0,42.18,35.61,6.51,0,0,42.12,0.06,0.2
Odisha,Bolangir,Patnagarh,10,Dhubalpada,-0.23,18.06,18.29,0,0,0,18.29,-0.23,1.12
Odisha,Bolangir,Patnagarh,11,Gangasagar,0.17,11.09,10.91,0,0,0,10.91,0.18,0.65
Odisha,Bolangir,Patnagarh,12,Gerda,-0.39,39.94,40,0.26,0,0,40.26,-0.31,0.63
Odisha,Bolangir,Patnagarh,13,Ghasian,0.32,21.96,20.57,1.05,0,0,21.62,0.34,0.05
Odisha,Bolangir,Patnagarh,14,Ghuchepali,-1.02,23.7,24.67,0,0,0,24.67,-0.97,0.27
Odisha,Bolangir,Patnagarh,15,Jogimunda,0.93,27.73,25.65,1.03,0,0,26.68,1.05,0.23
Odisha,Bolangir,Patnagarh,16,Kendumundi,-0.5,47.75,47.61,0.63,0,0,48.24,-0.49,0.11
Odisha,Bolangir,Patnagarh,17,Kerbeda,0,20.91,20.91,0,0,0,20.91,0,0.78
Odisha,Bolangir,Patnagarh,18,Khuntsamlei,1.84,21.53,19.37,0.31,0,0,19.69,1.84,0.05
Odisha,Bolangir,Patnagarh,19,Khursel,0,23.18,23.07,0.12,0,0,23.19,-0.01,0.22
Odisha,Bolangir,Patnagarh,20,Larambha,0,44.25,43.57,0.58,0,0,44.15,0.1,0.88
Odisha,Bolangir,Patnagarh,21,Maruan,1.32,36.17,34.47,0.36,0,0,34.83,1.34,0.15
Odisha,Bolangir,Patnagarh,22,Mundomahul,-0.83,21.1,21.94,0,0,0,21.94,-0.84,0.12
Odisha,Bolangir,Patnagarh,23,Pandamunda,2.82,41.52,38.6,0,0,0,38.6,2.92,0.16
Odisha,Bolangir,Patnagarh,24,Phatamunda,0,23.47,17.48,5.83,0,0,23.31,0.15,0.62
Odisha,Bolangir,Patnagarh,25,Salepali,0.93,21.88,20.96,0,0,0,20.96,0.92,0.13
Odisha,Bolangir,Patnagarh,26,Solbandh,-0.79,14.1,14.89,0,0,0,14.89,-0.79,0.71
Odisha,Bolangir,Patnagarh,27,Sunamudi,3.31,37.07,32.94,1.05,0,0,33.99,3.08,0.64
Odisha,Bolangir,Patnagarh,28,Tamian,4.31,79.79,58.74,16.77,0,0,75.51,4.27,0.58
Odisha,Bolangir,Patnagarh,29,Tendapadar,2.68,23.61,20.94,0,0,0,20.94,2.68,0.33
Odisha,Bolangir,Patnagarh,30,Ulba,0.4,21.83,20.94,0,0,0,20.94,0.89,1.16
Odisha,Bolangir,Patnagarh,,Total,16.94,874,805.7,48.38,0,0,854.09,19.92,13.79
Odisha,Bolangir,Patnagarh,,Block Level Line Deptt.,-36.16,-36.16,57.92,51.07,0,0,108.99,-145.15,2.97
Odisha,Bolangir,Patnagarh,,Po,14.14,94,0,NA,NA,44.23,44.23,49.77,NA
Odisha,Bolangir,Patnagarh,,Grand Total,-5.08,931.84,863.62,99.45,0,44.23,1007.31,-75.46,16.76
Odisha,Bolangir,Puintala,1,Ainlasari,0,28.57,28.41,0.17,0,0,28.59,-0.02,0.15
Odisha,Bolangir,Puintala,2,Ankriapadar,-0.12,18.04,17.6,0.55,0,0,18.16,-0.12,0.09
Odisha,Bolangir,Puintala,3,Atgaon,0.73,33.8,28.2,4.88,0,0,33.08,0.73,0.13
Odisha,Bolangir,Puintala,4,Bahalpadar,0.93,37.28,36.32,0,0,0,36.32,0.96,0.12
Odisha,Bolangir,Puintala,5,Bairasar,2.81,10.57,7.78,0,0,0,7.78,2.8,0
Odisha,Bolangir,Puintala,6,Bandhpada,1.75,12.33,9.55,1.03,0,0,10.59,1.75,0
Odisha,Bolangir,Puintala,7,Bhaler,3.62,17.3,13.1,0.58,0,0,13.68,3.62,0.02
Odisha,Bolangir,Puintala,8,Bileisarda,0.67,35.45,28.65,6.11,0.09,0,34.85,0.61,0.16
Odisha,Bolangir,Puintala,9,Bubel,0.66,21.86,21.25,0.6,0,0,21.85,0.01,0.44
Odisha,Bolangir,Puintala,10,Chhatamakhna,2.71,21.4,18.72,0,0,0,18.72,2.68,0.26
Odisha,Bolangir,Puintala,11,Chhatapipal,2.24,52.38,48.73,1.88,0,0,50.62,1.76,0.3
Odisha,Bolangir,Puintala,12,Daspur,5.27,33.2,22.44,5.45,0.04,0,27.93,5.27,0
Odisha,Bolangir,Puintala,13,Durgapali,2.52,7.83,4.77,0.53,0,0,5.3,2.52,0.14
Odisha,Bolangir,Puintala,14,Gaintala,2.55,7.88,5.33,0,0,0,5.33,2.55,0
Odisha,Bolangir,Puintala,15,Jamgaon,5.47,46.02,28.57,11.9,0,0,40.47,5.55,0.91
Odisha,Bolangir,Puintala,16,Khaliapali,-0.63,22.27,21.44,1.46,0.01,0,22.91,-0.63,0.05
Odisha,Bolangir,Puintala,17,Kurul,0.2,11.42,11.21,0.02,0,0,11.22,0.2,0.01
Odisha,Bolangir,Puintala,18,Lukapada,3.85,40.99,30.98,6.02,0.04,0,37.04,3.94,0.4
Odisha,Bolangir,Puintala,19,Mahimunda,0.96,17.13,15.24,0.93,0.01,0,16.17,0.96,0
Odisha,Bolangir,Puintala,20,Malmunda,-1.96,6.24,7.67,0.27,0,0,7.94,-1.69,0.94
Odisha,Bolangir,Puintala,21,Patharla(Talgaj),4.02,46.21,40.64,1.55,0,0,42.19,4.02,0.32
Odisha,Bolangir,Puintala,22,Pipirda,0.02,16.15,16.56,0,0,0,16.56,-0.41,0.06
Odisha,Bolangir,Puintala,23,Puintala,2.42,9.41,7,0,0,0,7,2.42,0.03
Odisha,Bolangir,Puintala,24,Randa,2.81,25.11,21.67,0.61,0.02,0,22.3,2.81,0.15
Odisha,Bolangir,Puintala,25,Sauntpur,0.8,16.24,15.43,0,0,0,15.43,0.82,0.17
Odisha,Bolangir,Puintala,,Total,44.28,595.08,507.26,44.53,0.21,0,552,43.08,4.84
Odisha,Bolangir,Puintala,,Block Level Line Deptt.,-73.15,-73.15,11.77,18.46,0.2,0,30.43,-103.58,0.59
Odisha,Bolangir,Puintala,,Po,-1.1,86.74,0,NA,NA,61.25,61.25,25.49,NA
Odisha,Bolangir,Puintala,,Grand Total,-29.96,608.67,519.03,62.99,0.41,61.25,643.68,-35.01,5.43
Odisha,Bolangir,Saintala,1,Ambpali,-2,31.88,27.76,6.26,0,0,34.02,-2.14,0.6
Odisha,Bolangir,Saintala,2,Belgaon,-2.26,17.49,19.22,0.53,0,0,19.75,-2.26,0.23
Odisha,Bolangir,Saintala,3,Bhadra,0.23,34.07,32.92,0.92,0,0,33.84,0.23,0.09
Odisha,Bolangir,Saintala,4,Bibina,0,9.73,9.91,1.53,0,0,11.45,-1.71,1.47
Odisha,Bolangir,Saintala,5,Budabahal,-4.11,47.94,39.77,12.27,0,0,52.04,-4.11,1.96
Odisha,Bolangir,Saintala,6,Deng,-2.93,40.78,33.18,10.52,0,0,43.71,-2.93,0.22
Odisha,Bolangir,Saintala,7,Dharapgarh,-1.09,22.1,18.88,4.3,0,0,23.18,-1.09,0.36
Odisha,Bolangir,Saintala,8,Dunguripali,-5.06,33.66,29.45,9.53,0,0,38.98,-5.31,0.71
Odisha,Bolangir,Saintala,9,Gandpatrapali,-0.16,30.81,29.54,1.45,0,0,30.99,-0.18,0.08
Odisha,Bolangir,Saintala,10,Ghunsar,3.75,30.2,22.08,4.39,0,0,26.47,3.73,1.37
Odisha,Bolangir,Saintala,11,Jhinkidunguri,-2.69,38.92,32.44,9.02,0,0,41.45,-2.53,0.76
Odisha,Bolangir,Saintala,12,Jurabandh,-4.56,35.58,27.55,12.59,0,0,40.15,-4.56,0.93
Odisha,Bolangir,Saintala,13,Kandhkelgaon,-3.78,84,67.72,20.07,0,0,87.8,-3.8,0.59
Odisha,Bolangir,Saintala,14,Kansar,-0.35,40,24.8,15.54,0,0,40.35,-0.35,0.04
Odisha,Bolangir,Saintala,15,Karamtala,-4.38,63.01,52.97,22.19,0,0,75.16,-12.16,2.84
Odisha,Bolangir,Saintala,16,Kermeli,-0.64,34.27,27.51,22.53,0,0,50.04,-15.76,1.75
Odisha,Bolangir,Saintala,17,Kuikeda,-2.11,6.13,8.81,2.38,0,0,11.2,-5.07,0.42
Odisha,Bolangir,Saintala,18,Kumbhari,-3.67,9.61,11.48,1.83,0,0,13.31,-3.7,0.44
Odisha,Bolangir,Saintala,19,Saintala,-2.33,27.91,22.85,7.39,0,0,30.24,-2.33,3.34
Odisha,Bolangir,Saintala,20,Siskela,-1.51,32.52,27.56,6.46,0,0,34.02,-1.51,0.15
Odisha,Bolangir,Saintala,21,Talbahal,0,10.2,10.17,0,0,0,10.17,0.02,1.18
Odisha,Bolangir,Saintala,22,Tikrapada,2.54,113.16,81.58,29.04,0,0,110.62,2.54,0.64
Odisha,Bolangir,Saintala,,Total,-37.11,793.96,658.18,200.76,0,0,858.94,-64.97,20.18
Odisha,Bolangir,Saintala,,Block Level Line Deptt.,-102.02,-102.02,157.27,142.8,0,0,300.06,-402.08,2.4
Odisha,Bolangir,Saintala,,Po,64.02,310.83,0,NA,NA,35.44,35.44,275.39,NA
Odisha,Bolangir,Saintala,,Grand Total,-75.11,1002.78,815.45,343.56,0,35.44,1194.44,-191.66,22.58
Odisha,Bolangir,Titlagarh,1,Adabahal,-2.46,33.56,29.71,6.29,0,0,36.01,-2.45,1.45
Odisha,Bolangir,Titlagarh,2,Bandupala,0.68,71.62,59.49,11.26,0,0,70.75,0.86,0.35
Odisha,Bolangir,Titlagarh,3,Banjipadar,-8.28,91.53,76.81,23.06,0,0,99.87,-8.33,1.18
Odisha,Bolangir,Titlagarh,4,Bhalegaon,-4.59,31.38,32.63,3.34,0,0,35.97,-4.59,0.25
Odisha,Bolangir,Titlagarh,5,Bijepur,-22.1,88.31,98.2,12.17,0,0,110.36,-22.06,1.01
Odisha,Bolangir,Titlagarh,6,Binekela,-7.49,23.05,28.37,2.16,0,0,30.54,-7.49,2.9
Odisha,Bolangir,Titlagarh,7,Digsira,-1.45,51.49,43.03,10.03,0,0,53.06,-1.57,0.7
Odisha,Bolangir,Titlagarh,8,Ghantbahali,-4.63,29.5,29.93,4.19,0,0,34.12,-4.63,0.48
Odisha,Bolangir,Titlagarh,9,Ghodar,-2.16,31.47,28.42,5.27,0,0,33.7,-2.23,1.32
Odisha,Bolangir,Titlagarh,10,Jagua,1.72,46.26,42.18,2.36,0,0,44.54,1.72,0.23
Odisha,Bolangir,Titlagarh,11,Katarkela,0,35.82,33.62,2.26,0,0,35.87,-0.06,0.21
Odisha,Bolangir,Titlagarh,12,Kholan,-6.34,33.12,33.19,6.28,0,0,39.47,-6.34,0.93
Odisha,Bolangir,Titlagarh,13,Kursud,0.13,40.1,35.3,4.78,0,0,40.08,0.02,1.36
Odisha,Bolangir,Titlagarh,14,Kuskela,-3.9,34.63,35.94,2.58,0,0,38.53,-3.9,0.81
Odisha,Bolangir,Titlagarh,15,Luthurbandh,-5.33,14.33,19.66,0,0,0,19.66,-5.33,0.93
Odisha,Bolangir,Titlagarh,16,Mahulpada,-5.41,41.6,40.62,6.34,0,0,46.96,-5.37,2.73
Odisha,Bolangir,Titlagarh,17,Manigaon,-3.83,41.21,40.92,4.12,0,0,45.04,-3.83,0.2
Odisha,Bolangir,Titlagarh,18,Marlad,1.57,35.66,29.22,4.88,0,0,34.1,1.57,0.24
Odisha,Bolangir,Titlagarh,19,Naren,4.43,60.68,56.24,0,0,0,56.24,4.43,0.24
Odisha,Bolangir,Titlagarh,20,Parasara,-4.16,32.43,36.59,0,0,0,36.59,-4.16,0.7
Odisha,Bolangir,Titlagarh,21,Sagadghat,-6.96,35.91,38.49,4.44,0,0,42.93,-7.02,4.06
Odisha,Bolangir,Titlagarh,22,Sihini,3.56,71.23,49.03,18.89,0,0,67.92,3.31,0.43
Odisha,Bolangir,Titlagarh,23,Siluan,-5.08,22.54,22.98,4.64,0,0,27.62,-5.08,1.03
Odisha,Bolangir,Titlagarh,24,Surda,0,37.26,35.64,1.62,0,0,37.26,0,4.66
Odisha,Bolangir,Titlagarh,,Total,-82.08,1034.67,976.25,140.95,0,0,1117.2,-82.53,28.42
Odisha,Bolangir,Titlagarh,,Block Level Line Deptt.,-98.29,-98.29,56.22,15.56,0,0,71.77,-170.06,4.36
Odisha,Bolangir,Titlagarh,,Po,23.12,80.82,0,NA,NA,36.69,36.69,44.13,NA
Odisha,Bolangir,Titlagarh,,Grand Total,-157.25,1017.2,1032.47,156.51,0,36.69,1225.66,-208.46,32.78
Odisha,Bolangir,Turekela,1,Badbanki,-3.33,71.04,70.98,3.41,0,0,74.39,-3.35,0.32
Odisha,Bolangir,Turekela,2,Baddakla,0.36,40.01,39.77,0.2,0,0,39.97,0.04,0.62
Odisha,Bolangir,Turekela,3,Buromal,0,32.61,32.55,0.06,0,0,32.61,0,0.11
Odisha,Bolangir,Turekela,4,Chatuanka,0,9.45,9.34,0.1,0,0,9.44,0.01,0.03
Odisha,Bolangir,Turekela,5,Chaulsukha,0.97,32.55,31.46,0.21,0,0,31.67,0.88,0.09
Odisha,Bolangir,Turekela,6,Dhamandanga,-1.04,65.99,66.96,0.15,0,0,67.11,-1.12,0.71
Odisha,Bolangir,Turekela,7,Dholmandal,-5.56,22.01,27.57,0,0,0,27.58,-5.56,0.42
Odisha,Bolangir,Turekela,8,Ghunesh,-2.25,40.23,39.25,3.24,0,0,42.49,-2.25,0
Odisha,Bolangir,Turekela,9,Halanbhata,1.05,25.33,16.93,7.4,0,0,24.33,1,0.51
Odisha,Bolangir,Turekela,10,Hial,1.11,52.32,50.14,0.81,0,0,50.95,1.37,0.64
Odisha,Bolangir,Turekela,11,Jharni,0.01,25.15,22.73,2.12,0.27,0,25.12,0.03,0.06
Odisha,Bolangir,Turekela,12,Kameimunda,0.95,26.87,25.54,0.37,0,0,25.92,0.95,0.35
Odisha,Bolangir,Turekela,13,Kandei,-2.56,35.42,30.84,7.12,0.13,0,38.09,-2.67,0.22
Odisha,Bolangir,Turekela,14,Karuanmunda,0.74,35.87,34.95,0.18,0,0,35.13,0.74,0.34
Odisha,Bolangir,Turekela,15,Khagsa,1.41,22.91,18.97,2.23,0.3,0,21.49,1.41,0.34
Odisha,Bolangir,Turekela,16,Kuibahal,-0.12,39,34.43,4.62,0.13,0,39.18,-0.18,0.28
Odisha,Bolangir,Turekela,17,Mahakhand,-0.55,30.34,30.48,0.4,0,0,30.88,-0.53,0.14
Odisha,Bolangir,Turekela,18,Mahulpati,0.79,82.62,61.67,19.03,1.11,0,81.82,0.8,0.29
Odisha,Bolangir,Turekela,19,Turekela,-0.23,35.51,35.63,0.08,0,0,35.71,-0.2,0.34
Odisha,Bolangir,Turekela,,Total,-8.25,725.24,680.17,51.73,1.94,0,733.85,-8.61,5.82
Odisha,Bolangir,Turekela,,Block Level Line Deptt.,-68.03,-68.03,72.93,40.64,0.75,0.26,114.58,-182.61,1.2
Odisha,Bolangir,Turekela,,Po,-4.16,43.78,0,NA,NA,33.37,33.37,10.41,NA
Odisha,Bolangir,Turekela,,Grand Total,-80.43,700.99,753.1,92.37,2.69,33.63,881.8,-180.81,7.02
Odisha,Boudh,Boudh,1,Ainlapali,0,16.01,15.09,2.52,0,0,17.61,-1.6,0.81
Odisha,Boudh,Boudh,2,Ambajhari,-0.47,25.01,20.71,4.72,0.01,0,25.44,-0.43,0.28
Odisha,Boudh,Boudh,3,Badhigaon,0,44.49,36.4,7.52,0.48,0,44.39,0.1,0.92
Odisha,Boudh,Boudh,4,Baghiapada,0,34.26,32.05,2.19,0,0,34.25,0.01,0.35
Odisha,Boudh,Boudh,5,Bahira,-0.54,26.15,23.22,2.16,0,0,25.37,0.78,3.25
Odisha,Boudh,Boudh,6,Baunsuni,0,23.8,21.93,1.78,0,0,23.71,0.09,0.72
Odisha,Boudh,Boudh,7,Brahmanipali,-0.07,48.11,42.67,5.35,0.2,0,48.21,-0.1,0.36
Odisha,Boudh,Boudh,8,Gochhapada,-0.36,61.36,51.62,10.01,0.11,0,61.74,-0.37,0.28
Odisha,Boudh,Boudh,9,Gundulia,-0.25,32.89,35.86,0,0,0,35.85,-2.96,0.32
Odisha,Boudh,Boudh,10,Kasurbandha,0,9.01,8.19,0.88,0,0,9.08,-0.07,0.35
Odisha,Boudh,Boudh,11,Khaliapali (Purumunda),0,9,9.51,1.4,0,0,10.91,-1.91,1.64
Odisha,Boudh,Boudh,12,Khuntabandha,-0.37,1.61,2.6,0.26,0,0,2.86,-1.25,0.08
Odisha,Boudh,Boudh,13,Laxmiprasad,-0.45,14.41,13.72,1.35,0.16,0,15.24,-0.83,0
Odisha,Boudh,Boudh,14,Manupali,0,7.42,10.87,0.17,0,0,11.04,-3.63,1.02
Odisha,Boudh,Boudh,15,Mundapada,-1,26.08,27,0.09,0,0,27.08,-1,0.17
Odisha,Boudh,Boudh,16,Mundipadar,-0.03,19.07,19.14,0,0,0,19.14,-0.06,0.15
Odisha,Boudh,Boudh,17,Murusundhi,-0.14,19.67,17.61,2.12,0.01,0,19.74,-0.08,0.14
Odisha,Boudh,Boudh,18,Padmanpur,0,10.55,12.28,0,0,0,12.28,-1.74,1.82
Odisha,Boudh,Boudh,19,Roxa,-0.03,11.72,14.03,1.76,0.01,0,15.81,-4.08,3.85
Odisha,Boudh,Boudh,20,Sagada,-0.01,21.21,17.92,2.62,0.46,0,21,0.21,1.81
Odisha,Boudh,Boudh,21,Talasarada,0,28.47,30.92,0.06,0,0,30.98,-2.51,3.59
Odisha,Boudh,Boudh,22,Telibandha,-0.65,18.95,19.8,0.08,0,0,19.89,-0.93,1.62
Odisha,Boudh,Boudh,23,Tikarapada,-0.07,28.06,27.66,0.52,0,0,28.18,-0.12,2.42
Odisha,Boudh,Boudh,,Total,-4.43,537.31,510.8,47.56,1.44,0,559.8,-22.49,25.96
Odisha,Boudh,Boudh,,Block Level Line Deptt.,-8.62,-8.62,374.63,147.1,4.81,14.67,541.22,-549.84,12.7
Odisha,Boudh,Boudh,,Po,0,280.36,0,NA,NA,31.78,31.78,248.58,NA
Odisha,Boudh,Boudh,,Grand Total,-13.06,809.05,885.43,194.66,6.25,46.45,1132.8,-323.75,38.66
Odisha,Boudh,Harabhanga,1,Adenigarh,-0.11,6.98,19.3,0,0,0,19.3,-12.32,1.1
Odisha,Boudh,Harabhanga,2,Bamanda,-0.38,15.59,17.42,0,0,0,17.42,-1.83,4.94
Odisha,Boudh,Harabhanga,3,Bandhapathar,-0.35,10.11,10.9,0,0,0,10.9,-0.79,2.81
Odisha,Boudh,Harabhanga,4,Banibhusanapur,-0.51,26.26,21.08,6.26,0.75,0,28.08,-1.82,7.04
Odisha,Boudh,Harabhanga,5,Biranarasinghpur,-0.02,14,12.85,1.2,0,0,14.05,-0.05,2.61
Odisha,Boudh,Harabhanga,6,Chhatranga,-0.06,27.5,23.26,4.53,0,0,27.78,-0.28,3.11
Odisha,Boudh,Harabhanga,7,Dhalpur,-0.75,23.61,24.76,0,0,0,24.76,-1.15,3.36
Odisha,Boudh,Harabhanga,8,Harabhanga,-0.08,13.2,15.53,0.59,0,0,16.11,-2.92,0.84
Odisha,Boudh,Harabhanga,9,Karanjakata,0,12.66,10.5,2.15,0.01,0,12.66,0,2.31
Odisha,Boudh,Harabhanga,10,Kusang,-0.74,12.85,11.75,1.88,0,0,13.63,-0.78,3.13
Odisha,Boudh,Harabhanga,11,Lunibahal,0,21.13,16.65,6.33,0.01,0,22.99,-1.86,3.12
Odisha,Boudh,Harabhanga,12,Mahalikpada,0,26.74,21.19,5.45,0.04,0,26.68,0.07,2.05
Odisha,Boudh,Harabhanga,13,Mathura,-0.73,12.81,16.06,0,0,0,16.06,-3.25,0.74
Odisha,Boudh,Harabhanga,14,Pitambarpur,-0.01,13.35,14.48,0,0,0,14.48,-1.13,0.87
Odisha,Boudh,Harabhanga,15,Purunakatak,-0.39,13.63,15.06,1.29,0,0,16.35,-2.72,2.59
Odisha,Boudh,Harabhanga,16,Radhanagar,-1.26,14.92,14.07,3.48,0.24,0,17.79,-2.87,1.79
Odisha,Boudh,Harabhanga,17,Ramgarh,-1.71,17.77,13.78,6.53,0,0,20.31,-2.54,0.67
Odisha,Boudh,Harabhanga,18,Sampoch,-0.02,16.74,16.26,1.48,0,0,17.73,-1,1.93
Odisha,Boudh,Harabhanga,19,Sankuloi,0,12.7,9.34,3.61,0.01,0,12.96,-0.26,1.19
Odisha,Boudh,Harabhanga,20,Sarasara,-0.02,10.46,11.24,0,0,0,11.24,-0.77,1.78
Odisha,Boudh,Harabhanga,21,Talagaon,-0.18,62.57,35.22,27.48,0.18,0,62.88,-0.31,3.23
Odisha,Boudh,Harabhanga,22,Tileswar,-0.08,17.74,19.51,0.45,0,0,19.96,-2.22,2.34
Odisha,Boudh,Harabhanga,,Total,-7.42,403.33,370.18,72.7,1.25,0,444.12,-40.8,53.56
Odisha,Boudh,Harabhanga,,Block Level Line Deptt.,-2.92,-2.92,504.29,153.03,3.64,0.06,661.02,-663.94,21.2
Odisha,Boudh,Harabhanga,,Po,-27.22,334.79,0,NA,NA,35.45,35.45,299.34,NA
Odisha,Boudh,Harabhanga,,Grand Total,-37.56,735.2,874.47,225.73,4.89,35.51,1140.59,-405.4,74.76
Odisha,Boudh,Kantamal,1,Ambagaon,0,47.86,43.2,4.85,0,0,48.05,-0.19,0.11
Odisha,Boudh,Kantamal,2,Baragaon,-0.72,67.79,63.89,8.73,0,0,72.62,-4.83,2.45
Odisha,Boudh,Kantamal,3,Baragochha,-1.17,26.86,28.27,0.26,0,0,28.53,-1.67,4.12
Odisha,Boudh,Kantamal,4,Bilaspur,0,50.71,36.12,15.67,0,0,51.79,-1.08,1.15
Odisha,Boudh,Kantamal,5,Dapala,0,38.15,42.3,2.23,0,0,44.53,-6.38,3.84
Odisha,Boudh,Kantamal,6,Ghantapada,-2.53,29.94,33.64,2.63,0,0,36.27,-6.33,3.18
Odisha,Boudh,Kantamal,7,Ghikundi,-0.61,16.75,16,2.14,0,0,18.14,-1.38,0.12
Odisha,Boudh,Kantamal,8,Gudvelipadar,0,17.8,18.33,1.88,0,0,20.21,-2.41,0.71
Odisha,Boudh,Kantamal,9,Jogendrapur,-0.06,44.2,36.92,9.87,0,0,46.79,-2.59,0.64
Odisha,Boudh,Kantamal,10,Kantamal,-0.7,33.85,26.63,9.09,0,0,35.73,-1.88,0.56
Odisha,Boudh,Kantamal,11,Khaliapali,-0.55,12.09,13.1,1.09,0,0,14.19,-2.1,1.21
Odisha,Boudh,Kantamal,12,Khamanamunda,-0.64,31.94,26.57,6.75,0,0,33.32,-1.39,2.55
Odisha,Boudh,Kantamal,13,Khatakhatia,-3.07,37.49,42.01,0.61,0,0,42.61,-5.12,1.22
Odisha,Boudh,Kantamal,14,Khuntigora,-0.5,15.25,16.67,7.84,0,0,24.51,-9.27,1.47
Odisha,Boudh,Kantamal,15,Kultajore,0,69.08,55.94,15.62,0,0,71.56,-2.47,1.87
Odisha,Boudh,Kantamal,16,Lambasari,-0.23,73.58,71.66,12.34,0,0,84.01,-10.42,6.07
Odisha,Boudh,Kantamal,17,Manamunda,0.31,25.87,26.75,1.32,0,0,28.07,-2.2,0.59
Odisha,Boudh,Kantamal,18,Narayanprasad,-0.01,33.43,32.68,12.09,0,0,44.76,-11.33,2.26
Odisha,Boudh,Kantamal,19,Palasagora,-0.15,72.08,65.03,9.8,0,0,74.82,-2.74,2.1
Odisha,Boudh,Kantamal,20,Rengali,-0.6,61.5,51.67,13,0.01,0,64.68,-3.18,1.82
Odisha,Boudh,Kantamal,21,Rundimahul,-0.43,20.3,20.56,0.8,0,0,21.36,-1.06,0.64
Odisha,Boudh,Kantamal,22,Similipadar,0.55,32.03,31.27,3.12,0,0,34.38,-2.36,0.92
Odisha,Boudh,Kantamal,23,Sundhipadar,0.78,62.06,53.39,9.15,0,0,62.54,-0.48,2.83
Odisha,Boudh,Kantamal,24,Uma,1.25,20.11,20.14,0.43,0,0,20.58,-0.46,0.22
Odisha,Boudh,Kantamal,,Total,-9.07,940.72,872.72,151.31,0.01,0,1024.03,-83.31,42.63
Odisha,Boudh,Kantamal,,Block Level Line Deptt.,-0.72,-0.72,252.82,174.28,0.76,0.82,428.69,-429.41,8.55
Odisha,Boudh,Kantamal,,Po,-12.67,74.36,0,NA,NA,28.09,28.09,46.27,NA
Odisha,Boudh,Kantamal,,Grand Total,-22.46,1014.36,1125.54,325.59,0.77,28.91,1480.81,-466.45,51.18
Odisha,Deogharh,Barkote,1,Ballam,-0.27,20.21,18.72,1.22,0,0,19.95,0.27,0.05
Odisha,Deogharh,Barkote,2,Ballanda,-4.07,9.94,7.99,5.38,0,0,13.37,-3.43,0.22
Odisha,Deogharh,Barkote,3,Bamparada,0.08,38.18,28.89,5.27,0,0,34.16,4.02,0.31
Odisha,Deogharh,Barkote,4,Basaloi,0.01,20.7,19.98,1.67,0,0,21.65,-0.95,0.42
Odisha,Deogharh,Barkote,5,Bijayanagar,-8.49,29.16,23.47,12.76,0,0,36.23,-7.07,0.15
Odisha,Deogharh,Barkote,6,Dandasingha,0.29,15.24,14.95,2.14,0,0,17.09,-1.85,0.13
Odisha,Deogharh,Barkote,7,Danra,-0.99,41.27,33.18,7.95,0,0,41.13,0.14,0.3
Odisha,Deogharh,Barkote,8,Dantaribahal,0.09,29.92,16.73,13.11,0,0,29.83,0.09,0.05
Odisha,Deogharh,Barkote,9,Golabandha,0,24.54,17.32,7.05,0,0,24.38,0.16,0.09
Odisha,Deogharh,Barkote,10,Gursang,-0.29,48.57,35.16,13.89,0,0,49.05,-0.48,0.27
Odisha,Deogharh,Barkote,11,Jharakandhal,0.08,24.07,20.11,3.21,0,0,23.32,0.75,0.17
Odisha,Deogharh,Barkote,12,Kadupada,-0.09,26.95,16.91,10.97,0,0,27.87,-0.92,0.33
Odisha,Deogharh,Barkote,13,Kaliapal,0.21,26.87,20.32,6.3,0,0,26.62,0.25,0.43
Odisha,Deogharh,Barkote,14,Kalla,-0.11,14.9,13.07,1.44,0,0,14.51,0.39,0.25
Odisha,Deogharh,Barkote,15,Kandhal,0.26,15.73,9.31,6.14,0,0,15.45,0.28,0.29
Odisha,Deogharh,Barkote,16,Kantapali,0,30.31,18.9,11.42,0,0,30.31,0,0.04
Odisha,Deogharh,Barkote,17,Kaunsibahal,0.03,20.12,17.57,2.5,0,0,20.08,0.03,0.16
Odisha,Deogharh,Barkote,18,Kelda,-0.27,74.8,55.33,19.84,0,0,75.16,-0.37,0.87
Odisha,Deogharh,Barkote,19,Madhyapur,-0.02,20.79,14.82,3.29,0,0,18.11,2.68,0.38
Odisha,Deogharh,Barkote,20,Raitabahal,-0.51,16.68,9.45,7.87,0,0,17.32,-0.64,0.06
Odisha,Deogharh,Barkote,21,Rambhei,0,22.65,16.46,6.19,0,0,22.65,0,0.16
Odisha,Deogharh,Barkote,22,Saida,0,17.11,13.9,3.23,0,0,17.14,-0.03,0.19
Odisha,Deogharh,Barkote,23,Saruali,-0.48,123.61,56.9,67.15,0,0,124.04,-0.43,0.47
Odisha,Deogharh,Barkote,24,Singsal,-0.45,16.99,17.52,0,0,0,17.52,-0.52,0.3
Odisha,Deogharh,Barkote,,Total,-15.01,729.3,516.95,219.98,0,0,736.94,-7.63,6.07
Odisha,Deogharh,Barkote,,Block Level Line Deptt.,-30.08,-30.08,182.4,151.76,1.37,0,335.52,-365.6,10.65
Odisha,Deogharh,Barkote,,Po,-60.07,69.86,0,NA,NA,18.6,18.6,51.26,NA
Odisha,Deogharh,Barkote,,Grand Total,-105.15,769.08,699.35,371.74,1.37,18.6,1091.06,-321.97,16.72
Odisha,Deogharh,Reamal,1,Adas,0,54.26,38.6,15.52,0,0,54.12,0.14,0
Odisha,Deogharh,Reamal,2,Baghbar,0.03,39.87,26.39,12.63,0.81,0,39.84,0.03,0.05
Odisha,Deogharh,Reamal,3,Budhapal,-0.8,4.11,4.91,0,0,0,4.91,-0.8,0.03
Odisha,Deogharh,Reamal,4,Budido,0.01,34.8,32.35,2.43,0,0,34.79,0.01,0.19
Odisha,Deogharh,Reamal,5,Chadeimara,-0.44,6.61,5.2,1.8,0,0,7,-0.39,0
Odisha,Deogharh,Reamal,6,Gundiapali,0,13.58,12.75,0.86,0,0,13.61,-0.02,0.08
Odisha,Deogharh,Reamal,7,Kantabahal,-0.27,6.93,7.21,0,0,0,7.21,-0.27,0
Odisha,Deogharh,Reamal,8,Karlaga,-3.37,72.85,39.2,37.02,0,0,76.22,-3.37,0.12
Odisha,Deogharh,Reamal,9,Khilei,0,22.3,17.97,4.31,0,0,22.28,0.01,0.04
Odisha,Deogharh,Reamal,10,Kolhabasa,0,4.74,4.74,0,0,0,4.74,0,0
Odisha,Deogharh,Reamal,11,Kundheigola,-0.9,1.58,2.48,0,0,0,2.48,-0.9,0.03
Odisha,Deogharh,Reamal,12,Lulang,-0.3,26.14,14.47,11.97,0,0,26.45,-0.3,0
Odisha,Deogharh,Reamal,13,Mahaleipada,0,20.72,13.28,7.44,0,0,20.72,0,0.13
Odisha,Deogharh,Reamal,14,Naulipada,-0.92,35.05,20.56,15.41,0,0,35.97,-0.92,0.04
Odisha,Deogharh,Reamal,15,Nuadihi,-7.61,16.79,8.54,15.85,0,0,24.39,-7.61,0.04
Odisha,Deogharh,Reamal,16,Nuapada,0,1.2,1.2,0,0,0,1.2,0,0.02
Odisha,Deogharh,Reamal,17,Palsama,-2.59,8.51,8.86,2.25,0,0,11.11,-2.59,0.04
Odisha,Deogharh,Reamal,18,Para,-0.01,43.61,24,19.62,0,0,43.62,-0.01,0.2
Odisha,Deogharh,Reamal,19,Reamal,-0.86,28.16,6.91,22.15,0,0,29.05,-0.89,0.01
Odisha,Deogharh,Reamal,20,Tabada,0,17.53,10.54,6.99,0,0,17.53,0,0.12
Odisha,Deogharh,Reamal,21,Tarange,0,23.89,21.44,2.46,0,0,23.91,-0.02,0.09
Odisha,Deogharh,Reamal,22,Tentalabahal,0,9.71,4.99,4.72,0,0,9.71,0,0
Odisha,Deogharh,Reamal,23,Tinkbir,-0.3,89.53,47.21,41.95,0.87,0,90.04,-0.51,0
Odisha,Deogharh,Reamal,24,Tuhilamal,-0.39,14.42,10.44,4.35,0,0,14.79,-0.37,0.05
Odisha,Deogharh,Reamal,25,Tungamal,0,5.7,1.48,4.23,0,0,5.7,0,0
Odisha,Deogharh,Reamal,26,Utunia,-0.17,13.31,12.19,1.29,0,0,13.48,-0.17,0
Odisha,Deogharh,Reamal,,Total,-18.91,615.89,397.92,235.25,1.69,0,634.86,-18.96,1.27
Odisha,Deogharh,Reamal,,Block Level Line Deptt.,-16.64,-16.64,501.94,168.56,4.63,0,675.14,-691.78,4.02
Odisha,Deogharh,Reamal,,Po,-11.74,391.49,0,NA,NA,43.89,43.89,347.6,NA
Odisha,Deogharh,Reamal,,Grand Total,-47.3,990.74,899.86,403.81,6.32,43.89,1353.89,-363.14,5.29
Odisha,Deogharh,Tileibani,1,Badchapal,1.46,39.2,23.14,14.34,0,0,37.49,1.71,0.33
Odisha,Deogharh,Tileibani,2,Baniakilinda,-1.9,43.25,24.08,21.05,0,0,45.12,-1.87,0.09
Odisha,Deogharh,Tileibani,3,Cheplipali,2.63,44.49,23.99,17.87,0,0,41.86,2.63,0.31
Odisha,Deogharh,Tileibani,4,Dholpada,1.37,5.55,4.18,0,0,0,4.18,1.37,0.02
Odisha,Deogharh,Tileibani,5,Dimirikuda,-1.52,35.97,24.67,12.82,0,0,37.49,-1.52,0.41
Odisha,Deogharh,Tileibani,6,Dudhianali,-0.62,8.82,9.04,0.45,0,0,9.49,-0.67,0.23
Odisha,Deogharh,Tileibani,7,Gandam,0,12.16,7.51,4.65,0,0,12.16,0,0.19
Odisha,Deogharh,Tileibani,8,Jharagogua,0.37,13.89,7.31,6.22,0,0,13.52,0.37,0.14
Odisha,Deogharh,Tileibani,9,Jharmunda,0,5.34,5.17,0.2,0,0,5.37,-0.03,0.46
Odisha,Deogharh,Tileibani,10,Kalanda,0,17.57,14.94,2.63,0,0,17.57,0,0.26
Odisha,Deogharh,Tileibani,11,Kansar,0.37,18.16,13.48,4.3,0,0,17.78,0.37,0.11
Odisha,Deogharh,Tileibani,12,Kendeijhori,0.53,19.73,12.97,6.24,0,0,19.22,0.51,0.06
Odisha,Deogharh,Tileibani,13,Laimora,0,17.15,12.67,4.47,0,0,17.15,0,0.42
Odisha,Deogharh,Tileibani,14,Palakudar,0,11.72,9.54,2.18,0,0,11.72,0,0.17
Odisha,Deogharh,Tileibani,15,Parposi,1.82,17.88,10.72,5.21,0,0,15.93,1.96,0.22
Odisha,Deogharh,Tileibani,16,Sado,0,16.6,10.77,5.83,0,0,16.6,0,0.44
Odisha,Deogharh,Tileibani,17,Suguda,0.11,3.09,2.98,0,0,0,2.98,0.11,0.03
Odisha,Deogharh,Tileibani,18,Tainsar,1.47,22.32,17.71,2.54,0,0,20.25,2.07,0.33
Odisha,Deogharh,Tileibani,19,Talkundi,0,10.52,10.51,0,0,0,10.51,0.01,0.01
Odisha,Deogharh,Tileibani,20,Tileibani,0.1,26.66,17.56,9.01,0,0,26.57,0.09,0.08
Odisha,Deogharh,Tileibani,,Total,6.19,390.05,262.95,120.01,0,0,382.96,7.09,4.3
Odisha,Deogharh,Tileibani,,Block Level Line Deptt.,-30.52,-30.52,315.73,189.8,0,1.51,507.04,-537.56,9.43
Odisha,Deogharh,Tileibani,,Po,0,409.26,0,NA,NA,24.62,24.62,384.64,NA
Odisha,Deogharh,Tileibani,,Grand Total,-24.34,768.79,578.68,309.81,0,26.13,914.62,-145.83,13.73
Odisha,Dhenkanal,Bhuban,1,Arakhapal,0.1,25.65,10.79,14.94,0.01,0,25.74,-0.09,0.01
Odisha,Dhenkanal,Bhuban,2,Balibo,0.88,26.38,26.13,1.13,0,0,27.25,-0.87,0.36
Odisha,Dhenkanal,Bhuban,3,Baruan (B),0.1,19.1,9.9,12.32,0.04,0,22.25,-3.15,0
Odisha,Dhenkanal,Bhuban,4,Bhusal,0.45,25.16,24.95,0,0,0,24.95,0.21,0.74
Odisha,Dhenkanal,Bhuban,5,Dayanabil,0.78,19.93,11.21,10.36,0.05,0,21.63,-1.69,0.07
Odisha,Dhenkanal,Bhuban,6,Dhalapada,0.47,28.75,15.27,18.86,0.08,0,34.21,-5.47,0
Odisha,Dhenkanal,Bhuban,7,Dighi,0.08,24.71,19.03,9.2,0.03,0,28.26,-3.55,0.52
Odisha,Dhenkanal,Bhuban,8,Ekatali,0.46,49.02,36.99,13.48,0,0,50.47,-1.45,1.01
Odisha,Dhenkanal,Bhuban,9,G.N.Prasad,0.52,31.27,20.65,28.69,0.19,0,49.54,-18.26,0.85
Odisha,Dhenkanal,Bhuban,10,Jamunakote,0.11,17.98,18.17,0,0,0,18.17,-0.19,0.04
Odisha,Dhenkanal,Bhuban,11,Jiral,0.52,13.69,5.53,8.01,0,0,13.54,0.16,0.66
Odisha,Dhenkanal,Bhuban,12,Kuninda,0.97,11.97,11.06,0.42,0,0,11.49,0.49,1.09
Odisha,Dhenkanal,Bhuban,13,Mahulpal,0.24,46.33,20.69,26.35,0,0,47.05,-0.72,1.62
Odisha,Dhenkanal,Bhuban,14,Marthapur,0.75,34.7,22.12,13.58,0.02,0,35.72,-1.02,0.03
Odisha,Dhenkanal,Bhuban,15,Mathakaragola,0.89,34.57,19.77,15.72,0.02,0,35.52,-0.95,0.58
Odisha,Dhenkanal,Bhuban,16,Mrudanga,0.62,21.11,13.05,13.49,0.06,0,26.6,-5.5,0
Odisha,Dhenkanal,Bhuban,17,Odisa,0,14.41,14.57,6.69,0.07,0,21.32,-6.91,0
Odisha,Dhenkanal,Bhuban,18,Surapratapapur,0.74,39.97,32.46,8.96,0.02,0,41.43,-1.46,0.08
Odisha,Dhenkanal,Bhuban,,Total,8.68,484.7,332.34,202.21,0.6,0,535.14,-50.44,7.66
Odisha,Dhenkanal,Bhuban,,Block Level Line Deptt.,0,0,127.57,49.24,0.18,2.02,179.02,-179.02,7.41
Odisha,Dhenkanal,Bhuban,,Po,4.72,103.83,0,NA,NA,29.5,29.5,74.33,NA
Odisha,Dhenkanal,Bhuban,,Grand Total,13.4,588.53,459.91,251.45,0.78,31.52,743.66,-155.13,15.07
Odisha,Dhenkanal,Dhenkanal Sadar,1,Baladiabandha,0,35.18,26,14.18,0.75,0,40.94,-5.76,0.43
Odisha,Dhenkanal,Dhenkanal Sadar,2,Baliamba,0,65.61,39.6,25.72,0.29,0,65.61,0,0.26
Odisha,Dhenkanal,Dhenkanal Sadar,3,Bansing,0,17.29,15.66,2.12,0.05,0,17.83,-0.54,1.67
Odisha,Dhenkanal,Dhenkanal Sadar,4,Barda,0.06,54.45,39.61,17.49,0.37,0,57.47,-3.02,0.34
Odisha,Dhenkanal,Dhenkanal Sadar,5,Beltikiri,0,29.56,28.75,6.72,0.12,0,35.59,-6.03,0.47
Odisha,Dhenkanal,Dhenkanal Sadar,6,Bhaliabolkateni,0,16.81,16.74,0.06,0.01,0,16.81,0,0
Odisha,Dhenkanal,Dhenkanal Sadar,7,Bhapur,0,42.81,35.64,7.23,0.1,0,42.97,-0.16,1.61
Odisha,Dhenkanal,Dhenkanal Sadar,8,Chandrasekhar Prasad,0,88.65,53.61,34.56,0.43,0,88.61,0.04,0.02
Odisha,Dhenkanal,Dhenkanal Sadar,9,Chaulia,0,70.3,40.31,29.87,0.43,0,70.61,-0.31,1.47
Odisha,Dhenkanal,Dhenkanal Sadar,10,Dharanipatana,0,35.17,27.55,7.39,1.05,0,36,-0.82,0.65
Odisha,Dhenkanal,Dhenkanal Sadar,11,Gengutia,0,13.17,12.24,0.93,0,0,13.17,0,0
Odisha,Dhenkanal,Dhenkanal Sadar,12,Gobindpur,0,36.13,33.88,2.19,0.02,0,36.1,0.03,0.05
Odisha,Dhenkanal,Dhenkanal Sadar,13,Kaeimati,0,29.36,28.82,2.3,0.12,0,31.25,-1.88,0.4
Odisha,Dhenkanal,Dhenkanal Sadar,14,Kakudibhaga,0,45.04,30.14,15.13,0.24,0,45.5,-0.46,0.35
Odisha,Dhenkanal,Dhenkanal Sadar,15,Kankadahada,0,33.4,22.75,10.59,0.06,0,33.4,0,0.04
Odisha,Dhenkanal,Dhenkanal Sadar,16,Kankadapala,0,31.03,15.28,18.32,0.42,0,34.03,-3,0.5
Odisha,Dhenkanal,Dhenkanal Sadar,17,Madhusahupatana,0,37.2,31.95,9.14,0.44,0,41.54,-4.34,0.23
Odisha,Dhenkanal,Dhenkanal Sadar,18,Mangalpur,0,22.84,11.84,10.76,0.43,0,23.03,-0.2,0.17
Odisha,Dhenkanal,Dhenkanal Sadar,19,Manipur,0,36.61,33.26,3.29,0.06,0,36.61,0,0
Odisha,Dhenkanal,Dhenkanal Sadar,20,Nadiali,0,56.29,46.05,7.17,0.18,0,53.4,2.89,0.91
Odisha,Dhenkanal,Dhenkanal Sadar,21,Nagiapasi,0,26.66,23.5,3.13,0.04,0,26.66,0,0.17
Odisha,Dhenkanal,Dhenkanal Sadar,22,Nuagaon,0,23.22,23.53,18.86,0.21,0,42.59,-19.38,0.28
Odisha,Dhenkanal,Dhenkanal Sadar,23,Radhedeipur,0,22,22.48,13.14,0.21,0,35.83,-13.83,0.53
Odisha,Dhenkanal,Dhenkanal Sadar,24,Sankarpur,0.03,28.05,26.75,1.01,0,0,27.76,0.29,0.3
Odisha,Dhenkanal,Dhenkanal Sadar,25,Sankulei,0,16.29,13.48,3.45,0.04,0,16.97,-0.68,0.05
Odisha,Dhenkanal,Dhenkanal Sadar,26,Saptasajya,0,70.77,31.36,38.3,1.65,0,71.32,-0.55,0.83
Odisha,Dhenkanal,Dhenkanal Sadar,27,Sogarapasi,0,56.67,51.25,11.75,0.17,0,63.17,-6.5,1.66
Odisha,Dhenkanal,Dhenkanal Sadar,28,Suakhaikateni,0,48.79,42.26,20.6,0.22,0,63.08,-14.29,0.84
Odisha,Dhenkanal,Dhenkanal Sadar,29,Talabarakota,0,34.68,37.06,17.92,0.46,0,55.44,-20.75,0.04
Odisha,Dhenkanal,Dhenkanal Sadar,30,Tarabha,0,11.95,8.37,3.58,0,0,11.95,0,0.1
Odisha,Dhenkanal,Dhenkanal Sadar,,Total,0.09,1136,869.74,356.91,8.58,0,1235.24,-99.24,14.39
Odisha,Dhenkanal,Dhenkanal Sadar,,Block Level Line Deptt.,0,0,128.69,58.3,0.01,1.68,188.67,-188.67,15.86
Odisha,Dhenkanal,Dhenkanal Sadar,,Po,0.44,147.65,0,NA,NA,40.4,40.4,107.25,NA
Odisha,Dhenkanal,Dhenkanal Sadar,,Grand Total,0.53,1283.65,998.43,415.21,8.59,42.08,1464.31,-180.66,30.25
Odisha,Dhenkanal,Gondia,1,Bainsia,0,16.88,8.55,8.39,0.03,0,16.97,-0.09,0.03
Odisha,Dhenkanal,Gondia,2,Barada,0,14.61,12.6,1.88,0.01,0,14.5,0.11,0.33
Odisha,Dhenkanal,Gondia,3,Bega,0.01,13.93,14,0.14,0,0,14.14,-0.21,0.18
Odisha,Dhenkanal,Gondia,4,Bidharapur,0.01,36.77,18.09,18.44,0.28,0,36.8,-0.03,0.42
Odisha,Dhenkanal,Gondia,5,Dasamanapatana,0,5.37,5.13,0,0,0,5.13,0.25,1.73
Odisha,Dhenkanal,Gondia,6,Deogan,0,20.46,11.18,18.96,0.26,0,30.41,-9.95,0.3
Odisha,Dhenkanal,Gondia,7,Digambarpur,0,9.27,9.68,0,0,0,9.68,-0.41,0.1
Odisha,Dhenkanal,Gondia,8,Gondia,0.23,34.39,16.71,15.94,0.12,0,32.76,1.63,0.32
Odisha,Dhenkanal,Gondia,9,Gundurapasi,0,45.97,21.31,27.59,0.35,0,49.26,-3.29,0.15
Odisha,Dhenkanal,Gondia,10,Joranda,0,24.02,18.73,10.61,0.02,0,29.36,-5.34,0.11
Odisha,Dhenkanal,Gondia,11,Kabera,0,34.74,23.26,11.05,0.16,0,34.47,0.27,0.93
Odisha,Dhenkanal,Gondia,12,Kaluria,0.02,6.72,4.94,1.73,0.02,0,6.7,0.02,0.57
Odisha,Dhenkanal,Gondia,13,Karmul,0,31.99,24.96,14.69,0.18,0,39.84,-7.85,1.61
Odisha,Dhenkanal,Gondia,14,Kashipur,0.22,21.78,16.55,10.6,0.11,0,27.27,-5.49,0.33
Odisha,Dhenkanal,Gondia,15,Khandabandha,0.04,29.42,25.1,4.29,0.07,0,29.45,-0.03,0.49
Odisha,Dhenkanal,Gondia,16,Khankira,0,17.32,18.75,4.29,0.06,0,23.1,-5.78,0.32
Odisha,Dhenkanal,Gondia,17,Laulai,0,8.31,8.32,0,0,0,8.32,-0.01,0.16
Odisha,Dhenkanal,Gondia,18,Lethaka,0,22.94,22.03,1.71,0.02,0,23.76,-0.82,0.9
Odisha,Dhenkanal,Gondia,19,Mandar,0.02,24.01,23.14,0.88,0,0,24.02,-0.01,0.76
Odisha,Dhenkanal,Gondia,20,Mathatentulia,0.01,24.33,19.51,14.3,0.16,0,33.97,-9.64,0.54
Odisha,Dhenkanal,Gondia,21,Neulpoi,-0.02,86.95,43.85,47.03,0.7,0,91.58,-4.63,1.48
Odisha,Dhenkanal,Gondia,22,Nihalprasad,0,44.67,38,16.93,0.25,0,55.18,-10.51,1.27
Odisha,Dhenkanal,Gondia,23,Pingua,3,13.53,4.9,12.28,0.13,0,17.31,-3.78,0.23
Odisha,Dhenkanal,Gondia,24,Poruhakhoj,0,43.64,17.73,30.03,0.38,0,48.14,-4.5,0.25
Odisha,Dhenkanal,Gondia,25,Raitola,0,70.11,68.64,0.72,0.06,0,69.42,0.69,0.35
Odisha,Dhenkanal,Gondia,26,Ratanpur,0.01,7.99,7.98,0,0,0,7.98,0.01,0.16
Odisha,Dhenkanal,Gondia,27,Sadangi,0.02,48.98,33.06,15.67,0.24,0,48.97,0,0.27
Odisha,Dhenkanal,Gondia,28,Santhapur,0,37.94,17.13,20.57,0.25,0,37.95,0,0.1
Odisha,Dhenkanal,Gondia,29,Sorisiapada,0.48,30.54,28.81,15.43,0.25,0,44.49,-13.95,0.09
Odisha,Dhenkanal,Gondia,,Total,4.07,827.59,582.64,324.16,4.12,0,910.93,-83.33,14.5
Odisha,Dhenkanal,Gondia,,Block Level Line Deptt.,-0.42,-0.42,264.95,111.09,0.2,6.66,382.89,-383.31,8.18
Odisha,Dhenkanal,Gondia,,Po,-2.69,149.16,0,NA,NA,30.45,30.45,118.71,NA
Odisha,Dhenkanal,Gondia,,Grand Total,0.96,976.33,847.59,435.25,4.32,37.11,1324.27,-347.93,22.68
Odisha,Dhenkanal,Hindol,1,Asarada,0.14,31.68,27.2,4.28,0.06,0,31.54,0.14,0
Odisha,Dhenkanal,Hindol,2,Babandha,0.04,39.56,39.52,1.11,0.01,0,40.65,-1.09,0.27
Odisha,Dhenkanal,Hindol,3,Bampa,0.02,22.71,20.15,4.5,0.02,0,24.67,-1.96,0.49
Odisha,Dhenkanal,Hindol,4,Baunsa Pokhari,0.03,71.71,49.65,22.91,0.34,0,72.89,-1.18,0.91
Odisha,Dhenkanal,Hindol,5,Buhalipal,0.14,50.87,25.3,25.13,0.3,0,50.73,0.14,1.27
Odisha,Dhenkanal,Hindol,6,Chital Pur,0.15,23.03,23.23,0,0,0,23.23,-0.2,0.21
Odisha,Dhenkanal,Hindol,7,Dandiri,0,29.58,24.6,8.11,0.09,0,32.8,-3.22,1.11
Odisha,Dhenkanal,Hindol,8,Dudurkote,0,85.56,58.43,41.36,0.54,0,100.34,-14.77,2.9
Odisha,Dhenkanal,Hindol,9,Galapada,0.03,22.52,20.88,1.59,0,0,22.46,0.05,0.38
Odisha,Dhenkanal,Hindol,10,Gandanali,0,42.76,30.66,20.9,0.25,0,51.81,-9.05,0.59
Odisha,Dhenkanal,Hindol,11,Giridharprasad,0.16,34.49,33.35,0.67,0,0,34.02,0.47,0.57
Odisha,Dhenkanal,Hindol,12,Gulehi,0.01,68.57,51.55,16.8,0.2,0,68.56,0.01,1.01
Odisha,Dhenkanal,Hindol,13,Hatura,0.08,35.5,34,10.38,0.11,0,44.48,-8.99,0.85
Odisha,Dhenkanal,Hindol,14,Jharada,0.01,25.28,15.26,9.74,0.26,0,25.27,0.01,1.88
Odisha,Dhenkanal,Hindol,15,Kadala,0.01,19.37,16.28,2.88,0.21,0,19.36,0.01,0.06
Odisha,Dhenkanal,Hindol,16,Kalinga,0.01,30.49,14.56,15.55,0.21,0,30.33,0.16,0.08
Odisha,Dhenkanal,Hindol,17,Kansara,0,36.35,31.59,7.5,0.02,0,39.11,-2.76,0.2
Odisha,Dhenkanal,Hindol,18,Kantamila,0.07,114.92,73.22,41.09,0.63,0,114.94,-0.02,0.14
Odisha,Dhenkanal,Hindol,19,Karanda,0.47,22.16,20.8,0.89,0,0,21.69,0.47,0.4
Odisha,Dhenkanal,Hindol,20,Khaliborei,0.25,36.39,32.54,5.74,0.06,0,38.35,-1.95,0.51
Odisha,Dhenkanal,Hindol,21,Kintimili,0.02,29.12,24.9,4.11,0.09,0,29.1,0.02,2.67
Odisha,Dhenkanal,Hindol,22,Kukuta,0.04,11.36,9.18,3.6,0.04,0,12.82,-1.46,1.6
Odisha,Dhenkanal,Hindol,23,Kunua,0.04,51.12,34.15,16.81,0.24,0,51.19,-0.07,0.77
Odisha,Dhenkanal,Hindol,24,Kutunia,0,26.87,26.21,0.96,0,0,27.17,-0.29,0.06
Odisha,Dhenkanal,Hindol,25,Madhapur,0,44.57,32.21,12.22,0.15,0,44.57,0,1.35
Odisha,Dhenkanal,Hindol,26,Mahalunda,0.17,49.59,38.87,12.81,0.16,0,51.84,-2.25,0.28
Odisha,Dhenkanal,Hindol,27,Nabakishorpur,0.42,22.99,22.57,0,0,0,22.57,0.42,1.44
Odisha,Dhenkanal,Hindol,28,Nuabag,0.17,21.12,20.82,0,0,0,20.82,0.31,0.96
Odisha,Dhenkanal,Hindol,29,Nuagaon,0,12.68,12.68,0,0,0,12.68,0,0
Odisha,Dhenkanal,Hindol,30,P.P.Kote,0.05,9.3,9.25,0,0,0,9.25,0.05,0.11
Odisha,Dhenkanal,Hindol,31,Patala,0.06,41.47,32.8,8.89,0.13,0,41.82,-0.35,0.28
Odisha,Dhenkanal,Hindol,32,Ranjagol,0.06,41.83,20.56,20.47,0.72,0,41.75,0.08,0.56
Odisha,Dhenkanal,Hindol,33,Rasol,0.05,58.74,41.5,17.04,0.22,0,58.76,-0.02,0.08
Odisha,Dhenkanal,Hindol,34,Sanjapada,0.05,21.01,21.33,4.85,0.05,0,26.24,-5.22,0.16
Odisha,Dhenkanal,Hindol,35,Thokar,0.06,62.46,32.33,33.88,0.43,0,66.64,-4.19,0.58
Odisha,Dhenkanal,Hindol,,Total,2.8,1347.75,1022.15,376.77,5.54,0,1404.45,-56.7,24.71
Odisha,Dhenkanal,Hindol,,Block Level Line Deptt.,0.34,0.34,194.14,97.22,2.48,2.33,296.16,-295.82,5.64
Odisha,Dhenkanal,Hindol,,Po,4.05,145.62,0,NA,NA,40.99,40.99,104.63,NA
Odisha,Dhenkanal,Hindol,,Grand Total,7.19,1493.71,1216.29,473.99,8.02,43.32,1741.6,-247.89,30.35
Odisha,Dhenkanal,Kamakhyanagar,1,Analabereni,0.1,35.32,25.45,11.72,0,0,37.17,-1.85,1.14
Odisha,Dhenkanal,Kamakhyanagar,2,Badasuanlo,0.12,75.5,28.98,46.46,0,0,75.44,0.07,0.44
Odisha,Dhenkanal,Kamakhyanagar,3,Baisinga,0.01,21.05,14.36,6.6,0,0,20.96,0.09,0.32
Odisha,Dhenkanal,Kamakhyanagar,4,Baligorad,0.13,29.48,14.13,14.31,0,0,28.44,1.04,2.85
Odisha,Dhenkanal,Kamakhyanagar,5,Bankual,0.06,38.75,16.33,22.42,0,0,38.75,0,0.49
Odisha,Dhenkanal,Kamakhyanagar,6,Baruan (K),0.11,14.74,14.23,0.42,0,0,14.65,0.09,0.57
Odisha,Dhenkanal,Kamakhyanagar,7,Baunsapal,1,26.35,16.93,8.51,0,0,25.43,0.92,1.32
Odisha,Dhenkanal,Kamakhyanagar,8,Bhairpur,0.01,30.97,15.35,15.61,0,0,30.96,0.02,0.5
Odisha,Dhenkanal,Kamakhyanagar,9,Budhibil,0.01,9.44,9.41,0,0,0,9.41,0.03,0.95
Odisha,Dhenkanal,Kamakhyanagar,10,Jagannathpur,0.14,34.56,26.97,9.39,0,0,36.36,-1.81,0.66
Odisha,Dhenkanal,Kamakhyanagar,11,Kadua,0.04,50.68,31.23,19.44,0,0,50.67,0.01,0.8
Odisha,Dhenkanal,Kamakhyanagar,12,Kanapura,0.11,21.25,20.34,2.09,0,0,22.43,-1.18,0.38
Odisha,Dhenkanal,Kamakhyanagar,13,Kantapal,0.01,16.94,16.82,0.11,0,0,16.93,0.01,0.32
Odisha,Dhenkanal,Kamakhyanagar,14,Kantio Kateni,0.57,25.92,20.07,5.31,0,0,25.38,0.54,0.58
Odisha,Dhenkanal,Kamakhyanagar,15,Kantio Putasahi,0.13,6.91,5.9,0.88,0,0,6.78,0.13,0.12
Odisha,Dhenkanal,Kamakhyanagar,16,Kotagara,0.24,37.76,19.85,17.62,0,0,37.47,0.29,0.69
Odisha,Dhenkanal,Kamakhyanagar,17,Kusumajodi,0.35,34.88,19.38,15.17,0,0,34.54,0.34,0.63
Odisha,Dhenkanal,Kamakhyanagar,18,Mahulpal,0.33,39.23,19.76,18.7,0,0,38.45,0.78,1.48
Odisha,Dhenkanal,Kamakhyanagar,19,Raynrusinghpur,0.28,30.21,18.62,13.16,0,0,31.78,-1.57,0.82
Odisha,Dhenkanal,Kamakhyanagar,20,Saruali,0.13,21.56,12.3,11.68,0,0,23.98,-2.42,0.61
Odisha,Dhenkanal,Kamakhyanagar,21,Sogar,0.45,31.75,14.03,17.28,0,0,31.31,0.44,0.58
Odisha,Dhenkanal,Kamakhyanagar,22,Tumusinga,0.55,58.04,41.48,16.01,0,0,57.49,0.55,1.06
Odisha,Dhenkanal,Kamakhyanagar,,Total,4.88,691.29,421.92,272.89,0,0,694.8,-3.51,17.29
Odisha,Dhenkanal,Kamakhyanagar,,Block Level Line Deptt.,1.2,1.2,163.56,123.24,0.56,1.29,288.65,-287.45,8.88
Odisha,Dhenkanal,Kamakhyanagar,,Po,1.43,172.23,0,NA,NA,33.15,33.15,139.08,NA
Odisha,Dhenkanal,Kamakhyanagar,,Grand Total,7.51,864.72,585.48,396.13,0.56,34.44,1016.6,-151.88,26.17
Odisha,Dhenkanal,Kankada Had,1,Balikuma,0.38,45.78,32.44,14.43,0.36,0,47.22,-1.44,0
Odisha,Dhenkanal,Kankada Had,2,Bam,0.45,41.23,37.1,4.05,0.02,0,41.18,0.05,1.3
Odisha,Dhenkanal,Kankada Had,3,Batagan,0.51,28.9,25.84,2.48,0.25,0,28.58,0.32,0.03
Odisha,Dhenkanal,Kankada Had,4,Birashal,0.11,30.51,22.36,8.11,0.9,0,31.37,-0.86,1.68
Odisha,Dhenkanal,Kankada Had,5,Biribolei,0.11,40.85,28.1,8.33,0.97,0,37.39,3.45,4.32
Odisha,Dhenkanal,Kankada Had,6,Chandapur,0.49,35.04,27.92,5.3,0.65,0,33.87,1.17,0
Odisha,Dhenkanal,Kankada Had,7,Dashipur,0.41,58.46,35.3,20.85,1.95,0,58.1,0.36,1.78
Odisha,Dhenkanal,Kankada Had,8,Garhapalashuni,0.44,28.09,21.27,6.17,0.53,0,27.97,0.12,1.13
Odisha,Dhenkanal,Kankada Had,9,Ghagaramunda,0.32,59.81,50.4,6.01,0.56,0,56.98,2.83,2.37
Odisha,Dhenkanal,Kankada Had,10,Jhilli,0,18.1,16.48,0.26,0,0,16.74,1.35,0.34
Odisha,Dhenkanal,Kankada Had,11,Kankadahad,0.89,31.78,28.64,2.24,0,0,30.89,0.89,0.4
Odisha,Dhenkanal,Kankada Had,12,Kantapal,0.26,43.03,41.74,2.39,0.19,0,44.31,-1.28,1.01
Odisha,Dhenkanal,Kankada Had,13,Kantol,0.66,44.17,30.65,9.22,1.02,0,40.89,3.28,0.93
Odisha,Dhenkanal,Kankada Had,14,Karagola,0.18,32.32,29.11,0.99,0.08,0,30.18,2.14,1.74
Odisha,Dhenkanal,Kankada Had,15,Kerjoli,0.3,116.6,79.3,31.99,3.8,0,115.09,1.51,0.32
Odisha,Dhenkanal,Kankada Had,16,Kuturia,0.1,23.58,19.59,2.38,0.35,0,22.33,1.25,0.18
Odisha,Dhenkanal,Kankada Had,17,Mahabiroad,0.31,51.96,28.59,19.36,2.28,0,50.23,1.73,0.16
Odisha,Dhenkanal,Kankada Had,18,Makua Kateni,0.01,36.33,35.77,0.57,0,0,36.34,0,0.85
Odisha,Dhenkanal,Kankada Had,19,Maruabili,0.29,44.61,34.72,6.8,0.63,0,42.15,2.46,0
Odisha,Dhenkanal,Kankada Had,20,Pangatira,0.28,159.49,59.63,88.41,12.01,0,160.05,-0.56,4.1
Odisha,Dhenkanal,Kankada Had,21,Raibola,-0.09,44.15,31.99,12.68,1.57,0,46.23,-2.09,2.84
Odisha,Dhenkanal,Kankada Had,,Total,6.41,1014.78,716.95,253.02,28.12,0,998.1,16.68,25.48
Odisha,Dhenkanal,Kankada Had,,Block Level Line Deptt.,1.18,1.18,123.39,85.79,0.25,3.07,212.5,-211.32,7.69
Odisha,Dhenkanal,Kankada Had,,Po,1.41,45.07,0,NA,NA,28.78,28.78,16.29,NA
Odisha,Dhenkanal,Kankada Had,,Grand Total,9,1061.03,840.34,338.81,28.37,31.85,1239.38,-178.35,33.17
Odisha,Dhenkanal,Odapada,1,Badalo,0.25,19.01,13.53,5.21,0.02,0,18.76,0.25,0.09
Odisha,Dhenkanal,Odapada,2,Balaramprasad,0.21,16.76,11.89,4.65,0.01,0,16.55,0.21,0
Odisha,Dhenkanal,Odapada,3,Balarampur,1.22,12.92,8.33,3.45,0.03,0,11.82,1.11,0
Odisha,Dhenkanal,Odapada,4,Bangursingh,0.13,23.67,12.65,10.73,0.09,0,23.47,0.21,0.06
Odisha,Dhenkanal,Odapada,5,Bido,0.14,18.86,15.73,2.96,0.01,0,18.7,0.16,0.09
Odisha,Dhenkanal,Odapada,6,Gadasila,0.09,15.28,12.06,2.93,0.04,0,15.04,0.24,0
Odisha,Dhenkanal,Odapada,7,Ghatipiri,0.18,28.55,24.23,4.1,0.04,0,28.37,0.18,0.02
Odisha,Dhenkanal,Odapada,8,Govbvd Prasad,0.07,16.72,14.06,2.57,0,0,16.63,0.09,0.13
Odisha,Dhenkanal,Odapada,9,Gunadei,0.13,16.26,10.75,5.36,0.02,0,16.13,0.13,0.02
Odisha,Dhenkanal,Odapada,10,Gundichapada,0.1,9.24,7.4,1.73,0.01,0,9.15,0.1,0.02
Odisha,Dhenkanal,Odapada,11,Indipur,0.13,63.21,53.59,9.37,0.12,0,63.08,0.13,0.12
Odisha,Dhenkanal,Odapada,12,Kadabindha,0.19,42.49,32.56,10.02,0.05,0,42.64,-0.14,0.05
Odisha,Dhenkanal,Odapada,13,Kalanga,0.1,60.95,47.96,15.86,0.16,0,63.99,-3.04,0.17
Odisha,Dhenkanal,Odapada,14,Kamalanga,0,6.63,4.46,2.16,0.01,0,6.63,0,0
Odisha,Dhenkanal,Odapada,15,Kasiadihi,0,12.84,11.16,12.66,0.11,0,23.93,-11.09,0.07
Odisha,Dhenkanal,Odapada,16,Khadag Prasad,2.62,24.99,19.59,2.75,0,0,22.34,2.65,0.05
Odisha,Dhenkanal,Odapada,17,Khuntujhari,0,32.09,28.33,3.67,0,0,32,0.09,0.1
Odisha,Dhenkanal,Odapada,18,Kottam,0.04,44.72,41.44,3.04,0.03,0,44.51,0.2,0.78
Odisha,Dhenkanal,Odapada,19,Kusupanga,0.2,4.35,4.2,4.59,0.04,0,8.84,-4.49,0.01
Odisha,Dhenkanal,Odapada,20,Mangalpur,2.19,10.17,5.37,2.53,0,0,7.9,2.27,0.07
Odisha,Dhenkanal,Odapada,21,Motonga,0.2,25.18,20.91,4.03,0.05,0,24.98,0.2,0.01
Odisha,Dhenkanal,Odapada,22,Nadhara,0.31,8.34,7.89,0.18,0,0,8.07,0.26,0.02
Odisha,Dhenkanal,Odapada,23,Nayabhagirathipur,0,17.72,13.16,6.42,0.03,0,19.62,-1.9,0.07
Odisha,Dhenkanal,Odapada,24,Nimindha,0.16,13.97,10.26,3.51,0.04,0,13.81,0.16,0.06
Odisha,Dhenkanal,Odapada,25,Odapada,0.21,15.01,9.08,5.69,0.03,0,14.8,0.21,0
Odisha,Dhenkanal,Odapada,26,Sadasibpur,0.02,28.13,23.24,4.54,0.02,0,27.8,0.33,0.23
Odisha,Dhenkanal,Odapada,27,Sibapur,0,15.43,15.28,12.88,0.08,0,28.24,-12.82,0.05
Odisha,Dhenkanal,Odapada,28,Siminai,0.2,13.29,8.78,4.28,0.01,0,13.07,0.22,0.02
Odisha,Dhenkanal,Odapada,,Total,9.09,616.8,487.92,151.89,1.07,0,640.87,-24.08,2.31
Odisha,Dhenkanal,Odapada,,Block Level Line Deptt.,-0.08,-0.08,126.8,130.72,0.61,2.18,260.31,-260.39,14.95
Odisha,Dhenkanal,Odapada,,Po,1.3,190.03,0,NA,NA,31.62,31.62,158.41,NA
Odisha,Dhenkanal,Odapada,,Grand Total,10.31,806.75,614.72,282.61,1.68,33.8,932.8,-126.06,17.26
Odisha,Dhenkanal,Parajang,1,Akhuapal,0.15,57.87,37.7,43.66,0.25,0,81.61,-23.74,1.53
Odisha,Dhenkanal,Parajang,2,Ambopalasa,0.01,40.71,23.01,17.58,0.13,0,40.72,-0.01,0.78
Odisha,Dhenkanal,Parajang,3,Badajhara,0,22.17,12.95,11.49,0.14,0,24.58,-2.4,0
Odisha,Dhenkanal,Parajang,4,Barihapur,0,19.03,17.11,1.9,0.02,0,19.03,0,0.7
Odisha,Dhenkanal,Parajang,5,Basoi,0,19.54,15.77,4.1,0.03,0,19.9,-0.36,2.18
Odisha,Dhenkanal,Parajang,6,Basulei,0.02,15.38,15.42,0,0,0,15.42,-0.04,1.1
Odisha,Dhenkanal,Parajang,7,Chandapura,0.28,55.26,28.93,25.89,0.2,0,55.03,0.24,0.22
Odisha,Dhenkanal,Parajang,8,Damal,0,21.91,12.36,9.48,0.07,0,21.91,0,0.11
Odisha,Dhenkanal,Parajang,9,Gengutia,0.02,24.93,19.39,5.46,0.06,0,24.91,0.02,0.56
Odisha,Dhenkanal,Parajang,10,Jayapura Kateni,0,18.59,20.88,31,0.13,0,52.01,-33.42,1.67
Odisha,Dhenkanal,Parajang,11,Kalada,0.05,55.66,31.74,24.06,0.36,0,56.15,-0.49,1.26
Odisha,Dhenkanal,Parajang,12,Kandarasingha,0.07,17.32,15.16,2,0.03,0,17.2,0.12,0.81
Odisha,Dhenkanal,Parajang,13,Kankadasoda,0.43,25.21,26.29,21.95,0.31,0,48.56,-23.34,0.43
Odisha,Dhenkanal,Parajang,14,Kankili,0,25.56,23.42,3.69,0.03,0,27.14,-1.58,0.57
Odisha,Dhenkanal,Parajang,15,Kantor,0.04,13.21,14.09,8.6,0.12,0,22.81,-9.59,0.71
Odisha,Dhenkanal,Parajang,16,Kualo,0.38,47.65,15.9,31.66,0.32,0,47.87,-0.22,1.52
Odisha,Dhenkanal,Parajang,17,Kumushi,0.33,25.1,25,5.81,0.06,0,30.87,-5.77,0.07
Odisha,Dhenkanal,Parajang,18,Lodhani,0,22.14,21.49,0.65,0,0,22.14,0,1.14
Odisha,Dhenkanal,Parajang,19,Manikmara,0.04,21.83,17.67,3.72,0,0,21.39,0.44,1.11
Odisha,Dhenkanal,Parajang,20,Muktapasi,0.02,21.28,17.08,8.37,0.09,0,25.54,-4.26,0.03
Odisha,Dhenkanal,Parajang,21,Mundeilo,0,26.31,22.85,5.98,0.06,0,28.89,-2.58,0.12
Odisha,Dhenkanal,Parajang,22,Parjanga,0.02,50.5,22.16,28.1,0.23,0,50.49,0.01,0.97
Odisha,Dhenkanal,Parajang,23,Patarpada,0.73,71.13,49.53,20.63,0.24,0,70.4,0.73,1.24
Odisha,Dhenkanal,Parajang,24,Patharakhumba,0,18.62,16.02,7.9,0.09,0,24.01,-5.39,1.16
Odisha,Dhenkanal,Parajang,25,Pitiri,0.01,27.27,18.59,8.21,0.1,0,26.89,0.38,0.44
Odisha,Dhenkanal,Parajang,26,Renthapat,0.3,17.79,15.11,2.45,0.01,0,17.57,0.23,0.21
Odisha,Dhenkanal,Parajang,27,Roda,0.14,15.03,10.78,6.72,0.06,0,17.55,-2.53,0.59
Odisha,Dhenkanal,Parajang,28,Sanda,0,36.57,32.28,4.27,0.02,0,36.57,0,0.43
Odisha,Dhenkanal,Parajang,29,Saranga,0,11.69,12.2,4.4,0.05,0,16.64,-4.96,0.17
Odisha,Dhenkanal,Parajang,,Total,3.04,845.27,610.87,349.72,3.18,0,963.78,-118.51,21.86
Odisha,Dhenkanal,Parajang,,Block Level Line Deptt.,5.02,5.02,49.1,21.3,0.21,0,70.61,-65.59,4.71
Odisha,Dhenkanal,Parajang,,Po,3.62,187.36,0,NA,NA,38.57,38.57,148.79,NA
Odisha,Dhenkanal,Parajang,,Grand Total,11.68,1037.65,659.97,371.02,3.39,38.57,1072.96,-35.31,26.57
Odisha,Gajpati,Gosani,1,Agarakhandi,0,5.81,5.81,0,0,0,5.81,0,0.29
Odisha,Gajpati,Gosani,2,Bada Gosani,0,10.84,10.11,0.76,0.02,0,10.88,-0.04,2.79
Odisha,Gajpati,Gosani,3,Bada Koturu,0,9.33,7.91,1.36,0.05,0,9.33,0,0.06
Odisha,Gajpati,Gosani,4,Bagasala,0,3.59,2.56,1.13,0.01,0,3.69,-0.1,0.16
Odisha,Gajpati,Gosani,5,Bhuskudi,0,3.65,3.65,0,0,0,3.65,0,0.01
Odisha,Gajpati,Gosani,6,Bomika,0,9.18,8.64,0.52,0.02,0,9.18,0,0.54
Odisha,Gajpati,Gosani,7,Garabandha,0,11.39,10.95,0.44,0,0,11.39,0,0.24
Odisha,Gajpati,Gosani,8,Ghorani,0,8.05,8.05,0,0,0,8.05,0,0.44
Odisha,Gajpati,Gosani,9,Gurandi,0,6.71,6.71,0,0,0,6.71,0,0.79
Odisha,Gajpati,Gosani,10,Kantragada,0,8.27,8.27,0.36,0,0,8.63,-0.36,0.38
Odisha,Gajpati,Gosani,11,Katala Kaitha,0,38.39,34.75,3.59,0.06,0,38.39,0,0.11
Odisha,Gajpati,Gosani,12,Kerandi,0,10.51,10.41,0.11,0,0,10.51,0,0.14
Odisha,Gajpati,Gosani,13,Kharasanda,0,18.51,13.61,4.81,0.08,0,18.51,0,0.04
Odisha,Gajpati,Gosani,14,Labanyagada,0,16.12,15.6,0.51,0.02,0,16.12,0,0.96
Odisha,Gajpati,Gosani,15,Machamara,0,8.85,8.85,0,0,0,8.85,0,0.4
Odisha,Gajpati,Gosani,16,Madhusudanpur,0,11.62,11.28,0.33,0.01,0,11.62,0,0.75
Odisha,Gajpati,Gosani,17,Rampa,0,21.72,21.89,1.81,0.02,0,23.72,-2,0.61
Odisha,Gajpati,Gosani,18,Saradhapur,0,6.8,6.8,0,0,0,6.8,0,0.01
Odisha,Gajpati,Gosani,19,Sobara,0,24.56,24.47,0.08,0.01,0,24.56,0,1.07
Odisha,Gajpati,Gosani,20,Tatipetti,0,8.86,8.86,0,0,0,8.86,0,0.19
Odisha,Gajpati,Gosani,21,Uppalada,0,18.22,17.73,1.88,0.01,0,19.63,-1.41,0.51
Odisha,Gajpati,Gosani,,Total,0,260.98,246.9,17.69,0.3,0,264.89,-3.91,10.49
Odisha,Gajpati,Gosani,,Block Level Line Deptt.,0,0,35.3,19,0,0,54.29,-54.29,1.38
Odisha,Gajpati,Gosani,,Po,-0.1,26.66,0,NA,NA,23,23,3.66,NA
Odisha,Gajpati,Gosani,,Grand Total,-0.1,287.64,282.2,36.69,0.3,23,342.18,-54.54,11.87
Odisha,Gajpati,Gumma,1,Ajayagada,0,35.08,21.11,13.75,0,0,34.87,0.21,1.58
Odisha,Gajpati,Gumma,2,Badakolakote,0,38.91,30.82,8.01,0,0,38.83,0.09,0.69
Odisha,Gajpati,Gumma,3,Baijhal,0,7.96,7.29,0.63,0,0,7.92,0.04,1.14
Odisha,Gajpati,Gumma,4,Bhuvani,0,64.67,61.52,3.38,0,0,64.9,-0.23,1.33
Odisha,Gajpati,Gumma,5,Brusava,0,28.4,25.95,1.5,0,0,27.45,0.95,3.95
Odisha,Gajpati,Gumma,6,Dumbada,0,21.28,19.36,1.9,0,0,21.27,0.02,0.84
Odisha,Gajpati,Gumma,7,Gaiba,0,20.56,18.66,1.9,0,0,20.56,0,0.32
Odisha,Gajpati,Gumma,8,Gumma,0,20.89,20.86,0,0,0,20.86,0.03,0.55
Odisha,Gajpati,Gumma,9,Jeeba,0,16.93,16.61,0.23,0,0,16.84,0.09,0.22
Odisha,Gajpati,Gumma,10,Jhami,0,6.64,4.83,1.8,0,0,6.63,0.01,0.05
Odisha,Gajpati,Gumma,11,Kujasingi,0,32.46,19.53,10.77,0,0,30.3,2.16,0.69
Odisha,Gajpati,Gumma,12,Munisingi,0,16.76,16.13,0.52,0,0,16.65,0.11,0.34
Odisha,Gajpati,Gumma,13,Namanagada,0,8.46,8.35,0,0,0,8.35,0.11,0.15
Odisha,Gajpati,Gumma,14,Parida,0,34.37,28.85,5.4,0,0,34.25,0.12,0.75
Odisha,Gajpati,Gumma,15,Ragidi,0,9.13,8.32,0.59,0,0,8.9,0.23,0.12
Odisha,Gajpati,Gumma,16,Serango,0,10.59,10.53,0.1,0,0,10.63,-0.05,0.18
Odisha,Gajpati,Gumma,17,Tarangada,0,9.38,8.2,1.02,0,0,9.22,0.16,0.11
Odisha,Gajpati,Gumma,18,Tarava,0,14.78,11.83,2.95,0,0,14.78,0.01,0.02
Odisha,Gajpati,Gumma,19,Tumula,0,49.12,46.91,1.1,0,0,48.01,1.11,1.02
Odisha,Gajpati,Gumma,20,Ukhura,0,31.93,27.83,4.1,0,0,31.93,0,0.5
Odisha,Gajpati,Gumma,,Total,0,478.31,413.5,59.64,0,0,473.14,5.17,14.58
Odisha,Gajpati,Gumma,,Block Level Line Deptt.,0,0,178.2,212.64,5.47,0,396.31,-396.31,2.83
Odisha,Gajpati,Gumma,,Po,-4.6,94.99,0,NA,NA,35.03,35.03,59.96,NA
Odisha,Gajpati,Gumma,,Grand Total,-4.6,573.3,591.7,272.28,5.47,35.03,904.48,-331.18,17.41
Odisha,Gajpati,Kasinagar,1,Alada,0,22.55,16.05,7.65,0,0,23.7,-1.15,1.42
Odisha,Gajpati,Kasinagar,2,Budura,0,8.07,11.72,0.24,0,0,11.96,-3.89,1.45
Odisha,Gajpati,Kasinagar,3,Goribandha,0,9.27,8.52,3.84,0,0,12.36,-3.09,0.18
Odisha,Gajpati,Kasinagar,4,Hadubhangi,0,10.86,5.27,5.6,0,0,10.86,0,0.23
Odisha,Gajpati,Kasinagar,5,K.Sitapur,0,29.86,19.09,10.77,0,0,29.86,0,1.33
Odisha,Gajpati,Kasinagar,6,Khandava,0,15.29,14.82,0.47,0,0,15.29,0,0.42
Odisha,Gajpati,Kasinagar,7,Kharada,0,40.74,17.66,23.03,0,0,40.69,0.06,0.39
Odisha,Gajpati,Kasinagar,8,Kidigam,0,17.87,17.87,0,0,0,17.87,0,0.11
Odisha,Gajpati,Kasinagar,9,Parthada,0,11.49,7.75,3.66,0,0,11.41,0.08,0.62
Odisha,Gajpati,Kasinagar,10,Ranipeta,0,14.01,11.68,2.46,0,0,14.13,-0.12,0.35
Odisha,Gajpati,Kasinagar,11,Siali,0,36.79,27.52,10.86,0,0,38.38,-1.59,2.42
Odisha,Gajpati,Kasinagar,12,Sidhamadanga,0,8.03,7.88,0.15,0,0,8.03,0,0.25
Odisha,Gajpati,Kasinagar,,Total,0,224.84,165.83,68.72,0,0,234.55,-9.71,9.17
Odisha,Gajpati,Kasinagar,,Block Level Line Deptt.,0,0,95.94,91.15,0,0.9,188,-188,1.27
Odisha,Gajpati,Kasinagar,,Po,-8.94,-0.79,0,NA,NA,8.15,8.15,-8.94,NA
Odisha,Gajpati,Kasinagar,,Grand Total,-8.94,224.05,261.77,159.87,0,9.05,430.7,-206.65,10.44
Odisha,Gajpati,Mohona,1,Adava,0,19.42,18.86,0,0,0,18.86,0.56,0.45
Odisha,Gajpati,Mohona,2,Aligonda,0,27.59,24,3.3,0,0,27.3,0.29,1.48
Odisha,Gajpati,Mohona,3,Antaraba,0,22.25,19.7,2.25,0,0,21.95,0.3,0.61
Odisha,Gajpati,Mohona,4,Badakhani,0,15.35,15.05,0.01,0,0,15.06,0.28,0.52
Odisha,Gajpati,Mohona,5,Badasindhiba,0,13.59,11.68,1.79,0,0,13.47,0.12,0.13
Odisha,Gajpati,Mohona,6,Badeguda,0,7.96,7.93,0.03,0,0,7.96,0,0.17
Odisha,Gajpati,Mohona,7,Baghamari,0,18.81,18.43,0.22,0,0,18.65,0.16,0.28
Odisha,Gajpati,Mohona,8,Birikote,0,26.17,20.57,5.54,0,0,26.11,0.06,1.28
Odisha,Gajpati,Mohona,9,Chandiput,0,14.45,14.3,0,0,0,14.3,0.15,0.45
Odisha,Gajpati,Mohona,10,Chandragiri,0,10.18,8.61,1.57,0,0,10.18,0,0.12
Odisha,Gajpati,Mohona,11,Chudangapur,0,12.63,9.96,2.01,0,0,11.97,0.66,0.27
Odisha,Gajpati,Mohona,12,Damadua,0,20.02,20.02,0,0,0,20.02,0,0.39
Odisha,Gajpati,Mohona,13,Dambaguda,0,23.98,18.63,4.34,0,0,22.97,1.01,0.57
Odisha,Gajpati,Mohona,14,Dengaskhal,0,24,15.02,8.64,0,0,23.67,0.33,0.64
Odisha,Gajpati,Mohona,15,Dhadiambo,0,4.61,4.6,0,0,0,4.6,0.01,1.66
Odisha,Gajpati,Mohona,16,Dhepaguda,0,36.88,27.23,8.67,0,0,35.9,0.98,0.64
Odisha,Gajpati,Mohona,17,Gardama,0,60.58,35.68,19.74,0,0,55.42,5.16,4.82
Odisha,Gajpati,Mohona,18,Govindapur,0,18.9,14.34,4.55,0,0,18.89,0.01,0.88
Odisha,Gajpati,Mohona,19,Guluba,0,21.02,20.07,0,0,0,20.07,0.95,3.11
Odisha,Gajpati,Mohona,20,Gurujhuli,0,3.42,1.86,1.02,0,0,2.88,0.54,0.04
Odisha,Gajpati,Mohona,21,Jarrow,0,5.88,5.88,0,0,0,5.88,0,0.13
Odisha,Gajpati,Mohona,22,Jeeranga,0,12.97,12.49,0.43,0,0,12.91,0.05,0.36
Odisha,Gajpati,Mohona,23,Juba,0,6.37,6.37,0,0,0,6.37,0,0.09
Odisha,Gajpati,Mohona,24,Karchabadi,0,21.63,20.81,0.41,0,0,21.22,0.41,0.39
Odisha,Gajpati,Mohona,25,Kattama,0,2.93,2.8,0.08,0,0,2.88,0.05,0.67
Odisha,Gajpati,Mohona,26,Kesariguda,0,25.4,19.29,6.11,0,0,25.4,0,0.2
Odisha,Gajpati,Mohona,27,Khariguda,0,10.27,9.93,0.21,0,0,10.14,0.14,0.39
Odisha,Gajpati,Mohona,28,Liliguda,0,15.41,15.42,0.09,0,0,15.51,-0.1,0.16
Odisha,Gajpati,Mohona,29,Lobarsingi,-0.04,10.03,9.3,0.55,0,0,9.84,0.19,0.53
Odisha,Gajpati,Mohona,30,Luhagudi,0,30.46,26.32,4.33,0,0,30.65,-0.19,2.29
Odisha,Gajpati,Mohona,31,Malasapadar,0,7.1,6.69,0,0,0,6.69,0.42,0.36
Odisha,Gajpati,Mohona,32,Mandimera,0,0.38,0.38,0,0,0,0.38,0,0.01
Odisha,Gajpati,Mohona,33,Manikapur,0,3.73,3.74,0,0,0,3.74,-0.01,0.09
Odisha,Gajpati,Mohona,34,Merapalli,0,29.96,27.3,2.41,0,0,29.71,0.24,0.45
Odisha,Gajpati,Mohona,35,Mohana,0,13.09,12.66,0,0,0,12.66,0.43,1.29
Odisha,Gajpati,Mohona,36,Paniganda,0,15.34,11.6,3.66,0,0,15.25,0.09,1.92
Odisha,Gajpati,Mohona,37,Pindiki,0,16.78,11.28,4.91,0,0,16.19,0.58,0.5
Odisha,Gajpati,Mohona,38,Raipanka,0,7.32,7.23,0,0,0,7.23,0.09,1.1
Odisha,Gajpati,Mohona,39,Sikulipadar,0,29.6,26.48,1.21,0,0,27.69,1.91,2.79
Odisha,Gajpati,Mohona,,Total,-0.04,666.49,562.51,88.1,0,0,650.6,15.88,32.25
Odisha,Gajpati,Mohona,,Block Level Line Deptt.,0,0,110.46,165.13,0,0,275.59,-275.59,8.97
Odisha,Gajpati,Mohona,,Po,-9.92,112.12,0,NA,NA,37.11,37.11,75.01,NA
Odisha,Gajpati,Mohona,,Grand Total,-9.96,778.61,672.97,253.23,0,37.11,963.3,-184.7,41.22
Odisha,Gajpati,Nuagada,1,Anuguru,0,2.34,2.34,0,0,0,2.34,0,0.12
Odisha,Gajpati,Nuagada,2,Attarsingi,0,11.23,7.28,3.96,0,0,11.25,-0.02,3.95
Odisha,Gajpati,Nuagada,3,Badapada,0,38.78,27.07,11.37,0,0,38.44,0.34,1.44
Odisha,Gajpati,Nuagada,4,Betarsingi,0,26.64,18.49,8.19,0,0,26.68,-0.04,2.11
Odisha,Gajpati,Nuagada,5,K Jhalrasing,0,8.91,7.82,1.04,0,0,8.86,0.05,0.11
Odisha,Gajpati,Nuagada,6,Keradang,0,24.94,20.23,4.68,0,0,24.91,0.03,0.2
Odisha,Gajpati,Nuagada,7,Khajuripada,0,23.17,17.36,5.63,0,0,22.99,0.18,0.59
Odisha,Gajpati,Nuagada,8,Kirama,0,4.23,3.8,0.44,0,0,4.23,0,0.1
Odisha,Gajpati,Nuagada,9,Luhangar,0,49,33.25,15.68,0,0,48.93,0.06,0.75
Odisha,Gajpati,Nuagada,10,Nuagada,0,139.52,52.01,87.59,0,0,139.61,-0.09,1.22
Odisha,Gajpati,Nuagada,11,Paik Antarada,0,82.41,39.21,43.11,0,0,82.33,0.09,0.44
Odisha,Gajpati,Nuagada,12,Parimala,0,15.98,15.63,0.35,0,0,15.98,0,0.02
Odisha,Gajpati,Nuagada,13,Putrupada,0,51.11,37.22,13.89,0,0,51.11,0,3.35
Odisha,Gajpati,Nuagada,14,Sambalpur,0,19.83,19.83,0,0,0,19.83,0,0.84
Odisha,Gajpati,Nuagada,15,Sundardanga,0,6.63,6.63,0,0,0,6.63,0,0.28
Odisha,Gajpati,Nuagada,16,Tabarada,0,146.87,73.06,73.95,0,0,147.01,-0.14,2.08
Odisha,Gajpati,Nuagada,17,Tangili,0,21.62,12.64,9.18,0,0,21.82,-0.2,0.32
Odisha,Gajpati,Nuagada,18,Titisingi,0,59.65,40.4,18.9,0,0,59.3,0.35,0.33
Odisha,Gajpati,Nuagada,19,Udayapur,0,18.2,17.95,0.25,0,0,18.2,0,0.29
Odisha,Gajpati,Nuagada,,Total,0,751.06,452.24,298.22,0,0,750.45,0.61,18.52
Odisha,Gajpati,Nuagada,,Block Level Line Deptt.,0,0,128.39,152.02,0.01,0,280.42,-280.42,10.26
Odisha,Gajpati,Nuagada,,Po,0,130.51,0,NA,NA,28.74,28.74,101.77,NA
Odisha,Gajpati,Nuagada,,Grand Total,0,881.57,580.63,450.24,0.01,28.74,1059.61,-178.04,28.78
Odisha,Gajpati,R.Udayagiri,1,Abarsing,0,46.29,28.9,17.41,0,0,46.31,-0.02,0.21
Odisha,Gajpati,R.Udayagiri,2,Anagha,0,23.26,15.57,7.67,0,0,23.23,0.03,1.36
Odisha,Gajpati,R.Udayagiri,3,Bastriguda,0,45.32,28.85,16.51,0,0,45.35,-0.03,1
Odisha,Gajpati,R.Udayagiri,4,Chellagada,0,30.98,18.21,12.69,0,0,30.89,0.08,0.37
Odisha,Gajpati,R.Udayagiri,5,Chelligada,0,28.78,19.86,8.36,0,0,28.23,0.55,1.03
Odisha,Gajpati,R.Udayagiri,6,Dabaraguda,0,11.85,6,5.99,0,0,11.98,-0.13,0.76
Odisha,Gajpati,R.Udayagiri,7,Mahendragada,0,35.22,22.87,12.36,0,0,35.23,-0.01,1.86
Odisha,Gajpati,R.Udayagiri,8,Mangarajpur,0,14.43,6.18,8.27,0,0,14.46,-0.02,1.16
Odisha,Gajpati,R.Udayagiri,9,Parisala,0,23.35,13.03,10.38,0,0,23.41,-0.05,0.53
Odisha,Gajpati,R.Udayagiri,10,Purunapani,0,11.16,7.53,3.59,0,0,11.12,0.04,1.22
Odisha,Gajpati,R.Udayagiri,11,R.Udayagiri,0,20.15,12.82,7.23,0,0,20.05,0.1,0.52
Odisha,Gajpati,R.Udayagiri,12,Ramagiri,0,7.86,5.85,2.02,0,0,7.87,-0.01,0.31
Odisha,Gajpati,R.Udayagiri,13,Randiva,0,36.09,12.26,23.83,0,0,36.09,0,0.44
Odisha,Gajpati,R.Udayagiri,14,Sabarpalli,0,80.76,41.94,40.18,0,0,82.12,-1.36,3.67
Odisha,Gajpati,R.Udayagiri,15,Sialilati,0,11.04,8.03,2.97,0,0,10.99,0.04,0.49
Odisha,Gajpati,R.Udayagiri,16,Subalada,0,7.8,6.84,0.96,0,0,7.8,0,0.36
Odisha,Gajpati,R.Udayagiri,17,Tabarsingi,0,50.58,20.55,30.03,0,0,50.58,0,1.59
Odisha,Gajpati,R.Udayagiri,,Total,0,484.94,275.28,210.45,0,0,485.73,-0.79,16.87
Odisha,Gajpati,R.Udayagiri,,Block Level Line Deptt.,0,0,248.92,147.71,0.01,0,396.62,-396.62,16
Odisha,Gajpati,R.Udayagiri,,Po,-42.55,192.76,0,NA,NA,18.8,18.8,173.96,NA
Odisha,Gajpati,R.Udayagiri,,Grand Total,-42.55,677.69,524.2,358.16,0.01,18.8,901.15,-223.45,32.87
Odisha,Gajpati,Rayagada,1,Ameda,0,50.06,30.4,20.08,0,0,50.49,-0.42,2.56
Odisha,Gajpati,Rayagada,2,Dambalo,0,12.77,12.51,1.45,0,0,13.96,-1.19,0.57
Odisha,Gajpati,Rayagada,3,Engarsingi,0,32.53,20.71,17.97,0,0,38.68,-6.15,2.31
Odisha,Gajpati,Rayagada,4,Gandahati,0,78.09,47.04,30.1,0,0,77.14,0.96,1.94
Odisha,Gajpati,Rayagada,5,Gangabada,-0.18,22.53,22.99,0,0,0,22.99,-0.46,0.56
Odisha,Gajpati,Rayagada,6,Jeerango,0,48.7,45.73,2.96,0,0,48.69,0.01,1.71
Odisha,Gajpati,Rayagada,7,Jolanga,0,16.69,8.72,15.33,0,0,24.05,-7.36,0.19
Odisha,Gajpati,Rayagada,8,Karadasingi,0,9.72,7.94,1.75,0,0,9.69,0.03,0.49
Odisha,Gajpati,Rayagada,9,Kerandi,0,11.97,12.16,0,0,0,12.16,-0.19,0.47
Odisha,Gajpati,Rayagada,10,Koinpur,0,26.9,27.69,0.8,0,0,28.49,-1.59,4.54
Odisha,Gajpati,Rayagada,11,Kumulsing,0,8.75,8.68,0,0,0,8.68,0.07,0.56
Odisha,Gajpati,Rayagada,12,Lailai,0,44.27,43.63,0.77,0,0,44.39,-0.13,1.29
Odisha,Gajpati,Rayagada,13,Laxmipur,0,36.83,37.08,5.56,0,0,42.64,-5.81,1.73
Odisha,Gajpati,Rayagada,14,Loba,0,13.56,12.74,0,0,0,12.74,0.82,0.75
Odisha,Gajpati,Rayagada,15,Marloba,0,25.58,25.97,4.35,0,0,30.32,-4.74,0.34
Odisha,Gajpati,Rayagada,16,Narayanpur,0,10.49,10.71,2.42,0,0,13.13,-2.64,0.13
Odisha,Gajpati,Rayagada,17,Putara,0,30.54,15.39,14.34,0,0,29.73,0.81,1.11
Odisha,Gajpati,Rayagada,18,Rayagada,0,10,10.66,1.21,0,0,11.87,-1.87,0.46
Odisha,Gajpati,Rayagada,19,S.Karadasingi,0,27.19,23.81,3.32,0,0,27.13,0.06,0.3
Odisha,Gajpati,Rayagada,20,Sanatundi,0,21.96,21.66,0,0,0,21.66,0.31,0.24
Odisha,Gajpati,Rayagada,21,Talamunda,0,22.4,15.46,6.74,0,0,22.2,0.2,0.5
Odisha,Gajpati,Rayagada,,Total,-0.18,561.55,461.68,129.17,0,0,590.84,-29.29,22.74
Odisha,Gajpati,Rayagada,,Block Level Line Deptt.,0,0,53.28,64.16,0,0,117.44,-117.44,4.66
Odisha,Gajpati,Rayagada,,Po,0,68.75,0,NA,NA,31.06,31.06,37.69,NA
Odisha,Gajpati,Rayagada,,Grand Total,-0.18,630.3,514.96,193.33,0,31.06,739.34,-109.04,27.4
Odisha,Ganjam,Aska,1,Allipur,0,18.75,15.09,3.66,0,0,18.75,0,0.18
Odisha,Ganjam,Aska,2,Babanpur,0,33.12,27.99,5.03,0,0,33.03,0.09,0.09
Odisha,Ganjam,Aska,3,Badakholi,0,1.29,1.29,0,0,0,1.29,0,0
Odisha,Ganjam,Aska,4,Balichhai,0,22.07,17.08,4.99,0,0,22.07,0,0.02
Odisha,Ganjam,Aska,5,Balisira,0,12.07,9.91,2.16,0,0,12.07,0,0.13
Odisha,Ganjam,Aska,6,Bangarada,0,71.35,37.37,33.98,0,0,71.35,0,0.15
Odisha,Ganjam,Aska,7,Baragam,0,16.83,10.6,6.23,0,0,16.83,0,0.23
Odisha,Ganjam,Aska,8,Benapat,0,15.71,14.11,1.6,0,0,15.71,0,0.15
Odisha,Ganjam,Aska,9,Bhetanai,0,11.27,8.06,3.22,0,0,11.27,0,0.88
Odisha,Ganjam,Aska,10,Chadhiapalli,0,29.62,25.05,4.4,0,0,29.45,0.17,0.26
Odisha,Ganjam,Aska,11,Debabhumi,0,58.46,43.82,14.65,0,0,58.46,0,0.56
Odisha,Ganjam,Aska,12,Gahangu,0,5.25,5.25,0,0,0,5.25,0,0.09
Odisha,Ganjam,Aska,13,Gangapur,0,33.13,27.72,5.39,0,0,33.12,0.01,0.48
Odisha,Ganjam,Aska,14,Gunthapada,0,33.93,29.64,3.8,0,0,33.44,0.49,0.34
Odisha,Ganjam,Aska,15,Haridapadar,0,27.69,21.92,5.77,0,0,27.69,0,1.87
Odisha,Ganjam,Aska,16,Jayapur,0,26.27,18.54,7.73,0,0,26.27,0,0.42
Odisha,Ganjam,Aska,17,Kalasandhapur,0,27.72,19.31,8.41,0,0,27.72,0,0.37
Odisha,Ganjam,Aska,18,Kamagada,0,3.41,2.99,0.44,0,0,3.43,-0.02,0
Odisha,Ganjam,Aska,19,Kendupadar,0,47.41,36.52,10.9,0,0,47.41,0,0.02
Odisha,Ganjam,Aska,20,Khandadeuli,0,19.54,15.56,3.98,0,0,19.54,0,0.77
Odisha,Ganjam,Aska,21,Kharia,0,78.01,61.52,16.5,0,0,78.02,-0.01,0.14
Odisha,Ganjam,Aska,22,Mangalpur,0,1.31,1.31,0,0,0,1.31,0,0.05
Odisha,Ganjam,Aska,23,Munigadi,0,29.89,27.45,2.46,0,0,29.91,-0.02,0.3
Odisha,Ganjam,Aska,24,Nalabanta,0,27.83,23.54,4.29,0,0,27.83,0,0.04
Odisha,Ganjam,Aska,25,Nimina,0,62.41,53.11,9.31,0,0,62.41,0,0.1
Odisha,Ganjam,Aska,26,Pandiapathar,0,42.76,36.21,6.55,0,0,42.76,0,0.16
Odisha,Ganjam,Aska,27,Sidhanai,0,28.49,21.63,6.95,0,0,28.58,-0.08,1.02
Odisha,Ganjam,Aska,,Total,0,785.58,612.57,172.39,0,0,784.96,0.62,8.79
Odisha,Ganjam,Aska,,Block Level Line Deptt.,-0.23,-0.23,448.59,139.88,0.24,4.95,593.66,-593.89,5.75
Odisha,Ganjam,Aska,,Po,0,465.96,0,NA,NA,36.96,36.96,429,NA
Odisha,Ganjam,Aska,,Grand Total,-0.23,1251.31,1061.16,312.27,0.24,41.91,1415.58,-164.27,14.54
Odisha,Ganjam,Beguniapada,1,Angaragam,0,26.51,26.23,0.28,0,0,26.51,0,1.9
Odisha,Ganjam,Beguniapada,2,Bada Khairakhama,0,5.39,5.35,0,0,0,5.35,0.04,0.06
Odisha,Ganjam,Beguniapada,3,Beguniapada,0,5.66,5.84,0,0,0,5.84,-0.18,0.06
Odisha,Ganjam,Beguniapada,4,Beruanbadi,0,16.95,16.8,0,0,0,16.8,0.15,0.12
Odisha,Ganjam,Beguniapada,5,Burujhari,0,28.6,27.4,1.14,0,0,28.54,0.07,0.19
Odisha,Ganjam,Beguniapada,6,Chandanpur,0,24.21,21.79,2.32,0,0,24.11,0.11,0.23
Odisha,Ganjam,Beguniapada,7,Chingudikhol,0,5.18,5.06,0,0,0,5.06,0.12,0
Odisha,Ganjam,Beguniapada,8,Digapada,0,6.53,6.53,0,0,0,6.53,0,0.11
Odisha,Ganjam,Beguniapada,9,Ghodapada,0,6.93,6.82,0,0,0,6.82,0.11,0.11
Odisha,Ganjam,Beguniapada,10,K.Barida,0,40.16,38.49,1.69,0,0,40.18,-0.02,0.68
Odisha,Ganjam,Beguniapada,11,Kalimeghi,0,11.59,11.64,0,0,0,11.64,-0.05,0.21
Odisha,Ganjam,Beguniapada,12,Khandianai,0,23.86,22.22,1.57,0,0,23.79,0.06,0.42
Odisha,Ganjam,Beguniapada,13,Kumbharagam,0,3.88,4.09,0,0,0,4.09,-0.21,0.17
Odisha,Ganjam,Beguniapada,14,Mardakote,0,11.64,9.34,1.94,0,0,11.28,0.37,0.03
Odisha,Ganjam,Beguniapada,15,Mardamekha,0,1.76,1.77,0,0,0,1.77,-0.01,0.11
Odisha,Ganjam,Beguniapada,16,Mathasarasingi,0,5.01,5.06,0,0,0,5.06,-0.05,0.2
Odisha,Ganjam,Beguniapada,17,Phasi,0,9.89,9.89,0,0,0,9.89,0,0.38
Odisha,Ganjam,Beguniapada,18,Sanaustapada,0,4.81,4.81,0,0,0,4.81,0,0.1
Odisha,Ganjam,Beguniapada,19,Sandhamula,0,6.68,4.39,2.51,0,0,6.9,-0.22,0.07
Odisha,Ganjam,Beguniapada,20,Sankuda,0,20.05,20.07,0,0,0,20.07,-0.02,1.11
Odisha,Ganjam,Beguniapada,21,Soura Chachina,0,5.23,5.17,0,0,0,5.17,0.05,0.08
Odisha,Ganjam,Beguniapada,22,Sumandal,0,21.69,21.48,0.21,0,0,21.69,0,0.56
Odisha,Ganjam,Beguniapada,23,Talasara,0,16.23,16.11,0.08,0,0,16.19,0.04,0.71
Odisha,Ganjam,Beguniapada,,Total,0,308.46,296.37,11.74,0,0,308.11,0.34,7.58
Odisha,Ganjam,Beguniapada,,Block Level Line Deptt.,-0.02,-0.02,635.68,175.18,1.14,3.62,815.61,-815.63,11.6
Odisha,Ganjam,Beguniapada,,Po,0,681.82,0,NA,NA,52.39,52.39,629.43,NA
Odisha,Ganjam,Beguniapada,,Grand Total,-0.02,990.26,932.05,186.92,1.14,56.01,1176.11,-185.86,19.18
Odisha,Ganjam,Bellaguntha,1,Ambapua,0,10.69,10.69,0,0,0,10.69,0,0.2
Odisha,Ganjam,Bellaguntha,2,Badaborasingi,0,14.48,14.46,0.35,0,0,14.8,-0.32,0.8
Odisha,Ganjam,Bellaguntha,3,Badapada,0,23.18,19.84,3.34,0,0,23.18,0,0.31
Odisha,Ganjam,Bellaguntha,4,Banka,0,17.75,17.11,0.43,0,0,17.54,0.21,0.34
Odisha,Ganjam,Bellaguntha,5,Benipalli,0,30.16,25.79,4.35,0,0,30.15,0.01,0.2
Odisha,Ganjam,Bellaguntha,6,Dhumuchai,0,31.3,14.55,16.73,0.02,0,31.3,0,0.25
Odisha,Ganjam,Bellaguntha,7,G.Nuagam,0,23.46,21.28,2.19,0,0,23.46,0,0.04
Odisha,Ganjam,Bellaguntha,8,Gangapur,0,51.19,22.46,28.32,0.41,0,51.19,0,0.42
Odisha,Ganjam,Bellaguntha,9,Gobara,0,23.58,19.9,3.72,0.09,0,23.71,-0.13,0.03
Odisha,Ganjam,Bellaguntha,10,Inginathi,0,23.15,15.9,6.92,0,0,22.82,0.33,0
Odisha,Ganjam,Bellaguntha,11,Khairputi,0,28.5,29.46,0,0,0,29.46,-0.96,0.29
Odisha,Ganjam,Bellaguntha,12,Khetribarpur,-1.35,28.41,19.79,10.11,0.06,0,29.97,-1.55,0.2
Odisha,Ganjam,Bellaguntha,13,Mangalpur,0,51.77,29.61,21.59,0.44,0,51.64,0.13,1.38
Odisha,Ganjam,Bellaguntha,14,Nettenga,0,60.91,28.22,32.7,0,0,60.91,0,0.08
Odisha,Ganjam,Bellaguntha,15,Pailipada,-0.01,53.12,36.64,16.31,0.18,0,53.13,-0.01,0.94
Odisha,Ganjam,Bellaguntha,16,Sasan,0,22.37,16.87,5.5,0,0,22.37,0,0.14
Odisha,Ganjam,Bellaguntha,17,Tanarada,0,12.95,11.06,1.8,0,0,12.87,0.08,0.16
Odisha,Ganjam,Bellaguntha,18,Udhra,0,27.68,18.68,9.02,0,0,27.7,-0.02,0.51
Odisha,Ganjam,Bellaguntha,,Total,-1.36,534.67,372.31,163.39,1.21,0,536.91,-2.25,6.28
Odisha,Ganjam,Bellaguntha,,Block Level Line Deptt.,-0.01,-0.01,471.62,170.75,0.01,0.64,643.02,-643.03,6.06
Odisha,Ganjam,Bellaguntha,,Po,-0.57,574.84,0,NA,NA,37.44,37.44,537.4,NA
Odisha,Ganjam,Bellaguntha,,Grand Total,-1.95,1109.5,843.93,334.14,1.22,38.08,1217.37,-107.88,12.34
Odisha,Ganjam,Bhanjanagar,1,Badakodanda,0,21.96,21.96,0,0,0,21.96,0,15.38
Odisha,Ganjam,Bhanjanagar,2,Baibali,0,28.48,28.48,0,0,0,28.48,0,0.13
Odisha,Ganjam,Bhanjanagar,3,Baruda,0,10.13,10.4,0,0,0,10.4,-0.27,0.89
Odisha,Ganjam,Bhanjanagar,4,Baunsalundi,0,6.23,5.43,0.8,0,0,6.23,0,0.29
Odisha,Ganjam,Bhanjanagar,5,Brahmanapadar,0,34.6,33.24,1.35,0,0,34.59,0.01,7.08
Odisha,Ganjam,Bhanjanagar,6,Dadaralunda,0,26.55,18.41,8.14,0,0,26.55,0,0.52
Odisha,Ganjam,Bhanjanagar,7,Dhiapadhal,1.5,8,5.26,1.2,0,0,6.46,1.55,0.05
Odisha,Ganjam,Bhanjanagar,8,Domuhani,0,55.72,21.04,34.67,0,0,55.71,0.01,1.21
Odisha,Ganjam,Bhanjanagar,9,Dumakumpa,0,44.47,41.68,1.86,0,0,43.55,0.92,2.23
Odisha,Ganjam,Bhanjanagar,10,Gallery,0,15.25,15.25,0,0,0,15.25,0,0.21
Odisha,Ganjam,Bhanjanagar,11,Golapada,0,18.95,18.95,0,0,0,18.95,0,0.81
Odisha,Ganjam,Bhanjanagar,12,Gunduribadi,0,16.89,16.84,0,0,0,16.84,0.04,5.04
Odisha,Ganjam,Bhanjanagar,13,Harigada,0,37.89,38.73,0,0,0,38.73,-0.84,0.97
Odisha,Ganjam,Bhanjanagar,14,Jillundi,0,20.08,20.08,0,0,0,20.08,0,0.19
Odisha,Ganjam,Bhanjanagar,15,Kulada,0,8.45,5.38,3.09,0,0,8.46,-0.01,0.16
Odisha,Ganjam,Bhanjanagar,16,Lalsingi,0,27.41,27.37,0,0,0,27.37,0.04,0.24
Odisha,Ganjam,Bhanjanagar,17,Lembhei,1.5,30.32,25.63,3.15,0,0,28.79,1.53,0.7
Odisha,Ganjam,Bhanjanagar,18,Mudulipalli,0,1,1,0,0,0,1,0,0
Odisha,Ganjam,Bhanjanagar,19,Mujagada,0,19.61,19.61,0,0,0,19.61,0,0.91
Odisha,Ganjam,Bhanjanagar,20,Sanakodanda,0,43.82,42.89,0.94,0,0,43.82,0,0.36
Odisha,Ganjam,Bhanjanagar,21,Tilisingi,0,16.92,15.24,1.67,0,0,16.92,0,0.25
Odisha,Ganjam,Bhanjanagar,22,Turumu,0,42.33,42.67,0,0,0,42.67,-0.33,0.07
Odisha,Ganjam,Bhanjanagar,,Total,3,535.06,475.55,56.87,0,0,532.42,2.64,37.69
Odisha,Ganjam,Bhanjanagar,,Block Level Line Deptt.,-0.29,-0.29,350.36,209.14,0.07,3.95,563.53,-563.82,3.84
Odisha,Ganjam,Bhanjanagar,,Po,-0.87,384.09,0,NA,NA,31.41,31.41,352.68,NA
Odisha,Ganjam,Bhanjanagar,,Grand Total,1.84,918.86,825.91,266.01,0.07,35.36,1127.36,-208.5,41.53
Odisha,Ganjam,Buguda,1,A.Karadabadi,0,21.79,17.15,4.66,0,0,21.82,-0.03,0
Odisha,Ganjam,Buguda,2,Antarapada,0,6.73,4.59,2.14,0,0,6.73,0,0.3
Odisha,Ganjam,Buguda,3,Arakhapur,0,15.94,9.64,6.29,0,0,15.93,0.01,0.12
Odisha,Ganjam,Buguda,4,B.Karadabadi,0,8.35,8.23,0.12,0,0,8.35,0,0.01
Odisha,Ganjam,Buguda,5,Balipadara,0,19.9,6.76,13.15,0,0,19.9,0,0.08
Odisha,Ganjam,Buguda,6,Bhagabanpur,0,26.57,16.51,10.04,0,0,26.55,0.02,0.09
Odisha,Ganjam,Buguda,7,Bhamasiali,0,3.89,3.84,0.05,0,0,3.89,0,0.05
Odisha,Ganjam,Buguda,8,Biranchipur,0,18.2,12.54,5.64,0,0,18.17,0.02,0.07
Odisha,Ganjam,Buguda,9,Golabandha,0,10.11,8.39,1.72,0,0,10.11,0,0.03
Odisha,Ganjam,Buguda,10,Golia,0,12.52,12.53,0,0,0,12.53,-0.01,2.53
Odisha,Ganjam,Buguda,11,Goudiabarada,0,18.19,13.27,4.92,0,0,18.19,0,0.46
Odisha,Ganjam,Buguda,12,Kalamba,0,19.7,8.37,11.32,0,0,19.7,0,1.53
Odisha,Ganjam,Buguda,13,Karasingi,0,25.9,20.88,4.66,0.02,0,25.56,0.34,0.25
Odisha,Ganjam,Buguda,14,Karchuli,0,50.91,36.84,14,0,0,50.84,0.06,0.41
Odisha,Ganjam,Buguda,15,Kholakhalli,0,46.44,20.55,25.93,0,0,46.49,-0.05,0
Odisha,Ganjam,Buguda,16,Manitara,0,31.06,22.37,8.69,0,0,31.06,0,0.04
Odisha,Ganjam,Buguda,17,Motabadi,0,18.8,11.84,6.86,0,0,18.71,0.09,0.11
Odisha,Ganjam,Buguda,18,Pangidi,0,36.13,20.56,15.51,0,0,36.06,0.07,0.24
Odisha,Ganjam,Buguda,19,Pochalundi,0,4.3,4.3,0,0,0,4.3,0,0.09
Odisha,Ganjam,Buguda,20,Sankuru,0,9.79,5.28,4.52,0,0,9.79,0,0.01
Odisha,Ganjam,Buguda,21,Takarada,0,17.42,10.71,6.71,0,0,17.42,0,0
Odisha,Ganjam,Buguda,,Total,0,422.65,275.17,146.93,0.02,0,422.12,0.53,6.42
Odisha,Ganjam,Buguda,,Block Level Line Deptt.,0,0,253.56,174.63,0.1,2.32,430.62,-430.62,2.18
Odisha,Ganjam,Buguda,,Po,0,293.36,0,NA,NA,35.74,35.74,257.62,NA
Odisha,Ganjam,Buguda,,Grand Total,0,716.01,528.73,321.56,0.12,38.06,888.48,-172.47,8.6
Odisha,Ganjam,Chatrapur,1,Agastinuagam,0,32.78,19.15,13.64,0,0,32.78,0,0.27
Odisha,Ganjam,Chatrapur,2,Aryapalli,0,24.15,12.84,11.31,0,0,24.15,0,0.14
Odisha,Ganjam,Chatrapur,3,Badamadhapur,0,13.5,9.95,3.56,0,0,13.5,0,0.07
Odisha,Ganjam,Chatrapur,4,Baulagam,0,26.17,10.48,15.7,0,0,26.17,0,0.09
Odisha,Ganjam,Chatrapur,5,Bhikaripalli,0,29.93,22.08,7.55,0,0,29.63,0.3,0.4
Odisha,Ganjam,Chatrapur,6,Bipulingi,0,44.01,28.35,14.7,0,0,43.06,0.95,0.17
Odisha,Ganjam,Chatrapur,7,Chamakhandi,0,15.69,9.83,5.69,0,0,15.52,0.17,0.17
Odisha,Ganjam,Chatrapur,8,Chikalakhandi,0,42.22,29.04,13.18,0,0,42.22,0,0.67
Odisha,Ganjam,Chatrapur,9,Kalipalli,0,15.31,10.68,4.64,0,0,15.31,0,0
Odisha,Ganjam,Chatrapur,10,Konamana,0,32.72,21.86,10.57,0,0,32.43,0.29,0.72
Odisha,Ganjam,Chatrapur,11,Laxmipur,0,25.74,20.75,4.97,0,0,25.72,0.02,0.03
Odisha,Ganjam,Chatrapur,12,Mahanadapur,0,2.64,2.42,0.21,0,0,2.64,0,0.02
Odisha,Ganjam,Chatrapur,13,Narendrapur,0,20.25,19.13,1.13,0,0,20.25,0,0
Odisha,Ganjam,Chatrapur,14,Podapadar,0,26.54,21.78,4.76,0,0,26.54,0,0.02
Odisha,Ganjam,Chatrapur,15,Potalampur,0,46.24,19.99,26.25,0,0,46.24,0,0.2
Odisha,Ganjam,Chatrapur,16,Sriramachandrapur,0,57.11,30.01,26.83,0,0,56.84,0.28,0.47
Odisha,Ganjam,Chatrapur,17,Sundarpur,0,10.99,8.09,2.9,0,0,10.99,0,0.21
Odisha,Ganjam,Chatrapur,18,Tanganapalli,0,88.18,70.22,17.07,0,0,87.28,0.9,0.49
Odisha,Ganjam,Chatrapur,,Total,0,554.17,366.62,184.66,0,0,551.28,2.89,4.13
Odisha,Ganjam,Chatrapur,,Block Level Line Deptt.,-5,-5,274.99,197.79,0.85,3.5,477.13,-482.13,2.75
Odisha,Ganjam,Chatrapur,,Po,0,404.05,0,NA,NA,29.97,29.97,374.08,NA
Odisha,Ganjam,Chatrapur,,Grand Total,-5,953.22,641.61,382.45,0.85,33.47,1058.38,-105.16,6.88
Odisha,Ganjam,Chikiti,1,Chandapur,0,47.73,33.67,14.07,0,0,47.74,-0.01,0.22
Odisha,Ganjam,Chikiti,2,Ekasingi,0,33.25,32.15,1.1,0,0,33.25,0,0
Odisha,Ganjam,Chikiti,3,Girisola,0,84.48,78.52,6.04,0,0,84.56,-0.08,0.07
Odisha,Ganjam,Chikiti,4,Gobindanagar,0,43.1,41.2,1.9,0,0,43.1,0,0.41
Odisha,Ganjam,Chikiti,5,Jhatipadar,0,99.53,79.24,20.34,0,0,99.58,-0.05,0.22
Odisha,Ganjam,Chikiti,6,K.Nuagam,0,92.72,68.9,23.82,0,0,92.72,0,0.1
Odisha,Ganjam,Chikiti,7,Kalabada,0,55.87,51.04,4.53,0,0,55.57,0.3,0.06
Odisha,Ganjam,Chikiti,8,Katuru,0,81.28,73.05,8.24,0,0,81.29,-0.01,0.03
Odisha,Ganjam,Chikiti,9,Kotilingi,0,62.02,58.23,3.85,0,0,62.07,-0.06,0.32
Odisha,Ganjam,Chikiti,10,Lalamenta,0,66.15,58.3,7.86,0,0,66.16,-0.01,0.31
Odisha,Ganjam,Chikiti,11,Nuapada,0,22.42,17.5,4.93,0,0,22.42,0,0.02
Odisha,Ganjam,Chikiti,12,Pitatali,0,109.87,99.19,10.65,0,0,109.85,0.02,0.68
Odisha,Ganjam,Chikiti,13,R.Subani,0,49.43,49.12,0.44,0,0,49.56,-0.12,0
Odisha,Ganjam,Chikiti,14,Ramachandrapur,0,113.41,96.09,17.33,0,0,113.41,0,0.22
Odisha,Ganjam,Chikiti,15,Rampa,0,88.74,80.09,8.66,0,0,88.74,0,0.12
Odisha,Ganjam,Chikiti,16,Sunapur,0,91.53,67.4,24.21,0,0,91.61,-0.09,0.83
Odisha,Ganjam,Chikiti,17,Surala,0,26.29,23.29,3,0,0,26.29,0,0.54
Odisha,Ganjam,Chikiti,,Total,0,1167.79,1006.94,160.96,0,0,1167.9,-0.11,4.15
Odisha,Ganjam,Chikiti,,Block Level Line Deptt.,-0.1,-0.1,64.79,73.34,1.06,0.6,139.79,-139.89,0.21
Odisha,Ganjam,Chikiti,,Po,0,156.01,0,NA,NA,43.75,43.75,112.26,NA
Odisha,Ganjam,Chikiti,,Grand Total,-0.1,1323.7,1071.73,234.3,1.06,44.35,1351.44,-27.74,4.36
Odisha,Ganjam,Dharakote,1,Baharapur,0,40.22,34.66,5.55,0,0,40.22,0,0.15
Odisha,Ganjam,Dharakote,2,Balarampur,0,64.63,57.72,6.91,0,0,64.63,0,0.1
Odisha,Ganjam,Dharakote,3,Baradabili,0,33.58,24.94,8.64,0,0,33.58,0,0.21
Odisha,Ganjam,Dharakote,4,Dharakote,0,15.03,12.44,2.52,0,0,14.96,0.07,0.43
Odisha,Ganjam,Dharakote,5,Dhaugaon,0,25.59,16.61,8.98,0,0,25.59,0,0.13
Odisha,Ganjam,Dharakote,6,G.Damodarapalli,0,19.96,15.87,3.94,0,0,19.81,0.15,1.68
Odisha,Ganjam,Dharakote,7,Jagamohan,0,28.01,19.69,8.32,0,0,28.01,0,2.69
Odisha,Ganjam,Dharakote,8,Jahada,0,22.46,20.62,1.83,0,0,22.46,0,0.16
Odisha,Ganjam,Dharakote,9,Jhadabandha,0,103.75,69.04,34.87,0,0,103.91,-0.16,0.21
Odisha,Ganjam,Dharakote,10,Jharapari,0,22.08,18.13,3.95,0,0,22.08,0,0.01
Odisha,Ganjam,Dharakote,11,Machhakote,0,20.64,18.68,1.93,0,0,20.61,0.03,0.12
Odisha,Ganjam,Dharakote,12,Manikyapur,0,55.17,49.01,6.16,0,0,55.17,0,0.13
Odisha,Ganjam,Dharakote,13,Mundamarai,0,44.61,34.97,9.64,0,0,44.61,0,0.33
Odisha,Ganjam,Dharakote,14,Olamba,0,14.98,9.86,5.12,0,0,14.98,0,0.16
Odisha,Ganjam,Dharakote,15,Rugumu,0,53.82,36.03,17.8,0,0,53.83,-0.01,1.63
Odisha,Ganjam,Dharakote,16,Saba,0,49.37,40.96,8.42,0,0,49.38,-0.01,0.78
Odisha,Ganjam,Dharakote,17,Saradhapur,0,51.26,33.85,17.4,0,0,51.26,0,0.26
Odisha,Ganjam,Dharakote,18,Singipur,0,47.83,39.78,7.92,0,0,47.7,0.13,0.13
Odisha,Ganjam,Dharakote,,Total,0,712.97,552.88,159.9,0,0,712.77,0.2,9.33
Odisha,Ganjam,Dharakote,,Block Level Line Deptt.,-0.07,-0.07,319.27,159.44,0.67,0.9,480.27,-480.34,6.17
Odisha,Ganjam,Dharakote,,Po,0,409.65,0,NA,NA,29.6,29.6,380.05,NA
Odisha,Ganjam,Dharakote,,Grand Total,-0.07,1122.55,872.15,319.34,0.67,30.5,1222.64,-100.09,15.5
Odisha,Ganjam,Digapahandi,1,Ankorada,0,6.45,5.44,1.01,0,0,6.45,0,0.03
Odisha,Ganjam,Digapahandi,2,B.L.Narayanpur,0,25.51,23.56,1.93,0,0,25.49,0.02,0.24
Odisha,Ganjam,Digapahandi,3,B.Turubudi,0,19.85,17.88,1.97,0,0,19.85,0,0.06
Odisha,Ganjam,Digapahandi,4,Badadumula,0,11.86,11.77,0.09,0,0,11.86,0,0.11
Odisha,Ganjam,Digapahandi,5,Bamakei,0,8.5,5.59,2.81,0,0,8.4,0.1,0.52
Odisha,Ganjam,Digapahandi,6,Basudevpur,0,13.74,11.89,1.79,0,0,13.68,0.06,0.33
Odisha,Ganjam,Digapahandi,7,Bhismagiri,0,19.36,16.86,2.49,0,0,19.36,0,0.92
Odisha,Ganjam,Digapahandi,8,Bhramarpur,0,13.97,10.38,3.57,0,0,13.96,0.01,1.29
Odisha,Ganjam,Digapahandi,9,Chasanimakhandi,0,10.73,7.55,3.2,0,0,10.75,-0.02,0.45
Odisha,Ganjam,Digapahandi,10,Chaudhury Tikarapada,0,26.67,23.35,3.19,0.04,0,26.58,0.09,1.67
Odisha,Ganjam,Digapahandi,11,Gadagobindapur,0,30.5,25.18,5.09,0,0,30.28,0.22,0.45
Odisha,Ganjam,Digapahandi,12,Gaudagam,0,13.21,12.83,0.38,0,0,13.2,0.01,0.12
Odisha,Ganjam,Digapahandi,13,Gokarnapur,0,25.74,18.64,7.01,0.03,0,25.67,0.06,0.15
Odisha,Ganjam,Digapahandi,14,Jakara,0,36.91,35.31,1.57,0.01,0,36.89,0.03,0.72
Odisha,Ganjam,Digapahandi,15,Kaithada,0,13.56,10.2,3.3,0,0,13.5,0.06,0.12
Odisha,Ganjam,Digapahandi,16,Kaithakhandi,0,33.81,23.47,10.02,0,0,33.49,0.32,0.04
Odisha,Ganjam,Digapahandi,17,Karapada,0,9.8,9.34,0.46,0,0,9.8,0,0.35
Odisha,Ganjam,Digapahandi,18,Khamarigam,0,24.47,20.97,3.46,0.01,0,24.44,0.02,0.34
Odisha,Ganjam,Digapahandi,19,Kotinada,0,13.98,13.72,0.3,0,0,14.01,-0.04,0.42
Odisha,Ganjam,Digapahandi,20,Kusapada,0,6.56,5.47,1.1,0,0,6.57,-0.01,0.08
Odisha,Ganjam,Digapahandi,21,Nimakhandipentha,0,59.49,49.02,10.33,0.13,0,59.48,0.01,0.82
Odisha,Ganjam,Digapahandi,22,Padmanavpur,0,21.59,19.36,2.24,0,0,21.6,-0.01,0.33
Odisha,Ganjam,Digapahandi,23,Phasiguda,0,16.13,14.47,1.66,0,0,16.13,0,0.11
Odisha,Ganjam,Digapahandi,24,Sahadev Tikarpada,0,26.84,22.26,4.59,0,0,26.84,0,0.22
Odisha,Ganjam,Digapahandi,25,Sidheswar,0,10.75,10.6,0.14,0,0,10.75,0,0.36
Odisha,Ganjam,Digapahandi,,Total,0,499.97,425.11,73.7,0.22,0,499.04,0.93,10.25
Odisha,Ganjam,Digapahandi,,Block Level Line Deptt.,-0.51,-0.51,551.86,110.69,3.23,1.51,667.28,-667.79,6.12
Odisha,Ganjam,Digapahandi,,Po,0,534.2,0,NA,NA,35.76,35.76,498.44,NA
Odisha,Ganjam,Digapahandi,,Grand Total,-0.51,1033.66,976.97,184.39,3.45,37.27,1202.08,-168.42,16.37
Odisha,Ganjam,Ganjam,1,Humma,0,23.74,19.04,4.7,0,0,23.74,0,0.14
Odisha,Ganjam,Ganjam,2,Jharedi Radhagovindapur,0,13.51,6.23,7.29,0,0,13.51,0,0.18
Odisha,Ganjam,Ganjam,3,Kainchapur,0,13.87,8.51,5.4,0,0,13.91,-0.05,0
Odisha,Ganjam,Ganjam,4,Karapada,0,17.63,11.42,6.22,0,0,17.63,0,0.04
Odisha,Ganjam,Ganjam,5,Khandadeuli,0,74.37,62.1,12.88,0,0,74.97,-0.6,0.08
Odisha,Ganjam,Ganjam,6,Malada,0,27.79,21.39,6.4,0,0,27.79,0,0.23
Odisha,Ganjam,Ganjam,7,Palanga,0,45.89,38.86,6.06,0,0,44.92,0.97,1
Odisha,Ganjam,Ganjam,8,Pallibandha,0,52.59,43.49,9.09,0,0,52.58,0.01,0.18
Odisha,Ganjam,Ganjam,9,Poirasi,0,66.17,45.64,20.53,0,0,66.17,0,0.45
Odisha,Ganjam,Ganjam,10,Rajapur,0,9.48,4.96,4.51,0,0,9.47,0.01,0.17
Odisha,Ganjam,Ganjam,11,Ramagada(Paluru),0,77.52,46.57,30.95,0,0,77.52,0,0.25
Odisha,Ganjam,Ganjam,12,Sana Ramchandrapur,0,31.24,25.69,6.1,0,0,31.79,-0.56,0.09
Odisha,Ganjam,Ganjam,13,Santoshpur,0,33.51,28.18,5.33,0,0,33.51,0,0.13
Odisha,Ganjam,Ganjam,14,Subalaya,0,55.51,35.44,20.06,0,0,55.5,0.01,0.47
Odisha,Ganjam,Ganjam,15,Umuri Dharmasaranpur,0,15.11,12.32,2.79,0,0,15.11,0,0.07
Odisha,Ganjam,Ganjam,,Total,0,557.94,409.84,148.3,0,0,558.14,-0.21,3.49
Odisha,Ganjam,Ganjam,,Block Level Line Deptt.,0,0,278.82,138.6,0.63,0,418.05,-418.05,2.95
Odisha,Ganjam,Ganjam,,Po,0,361.5,0,NA,NA,29.59,29.59,331.91,NA
Odisha,Ganjam,Ganjam,,Grand Total,0,919.44,688.66,286.9,0.63,29.59,1005.78,-86.35,6.44
Odisha,Ganjam,Hinjilicut,1,Badakhandi,0,97.85,78.63,19.21,0,0,97.85,0,0.17
Odisha,Ganjam,Hinjilicut,2,Belgam,0,24.91,19.37,5.53,0,0,24.91,0,0
Odisha,Ganjam,Hinjilicut,3,Bhabandha,0,57.94,43.95,13.98,0,0,57.93,0.01,0.27
Odisha,Ganjam,Hinjilicut,4,Burupada,0,44.51,30.68,13.76,0.1,0,44.54,-0.03,1
Odisha,Ganjam,Hinjilicut,5,Chanduli,0,23,15.23,7.77,0,0,23,0,0.13
Odisha,Ganjam,Hinjilicut,6,Darubhadra,0,80.48,63.35,17.05,0.08,0,80.49,-0.01,0.34
Odisha,Ganjam,Hinjilicut,7,Dayapalli,0,43.41,35.36,8.05,0,0,43.41,0,0.02
Odisha,Ganjam,Hinjilicut,8,Dhobadi,0,34.34,27.15,7.16,0,0,34.31,0.03,0.27
Odisha,Ganjam,Hinjilicut,9,Durbandha,0,67.81,49.3,18.51,0,0,67.81,0,0.49
Odisha,Ganjam,Hinjilicut,10,Gandala,0,57.44,41.22,16.21,0,0,57.44,0,0.14
Odisha,Ganjam,Hinjilicut,11,Kanchuru,0,54.86,35.33,19.49,0,0,54.81,0.05,2.07
Odisha,Ganjam,Hinjilicut,12,Kharida,0,31.82,23.23,8.52,0,0,31.76,0.06,0.51
Odisha,Ganjam,Hinjilicut,13,Makarajhola,0,119.61,89.78,29.81,0,0,119.59,0.01,0.68
Odisha,Ganjam,Hinjilicut,14,Nandika,0,50.86,36.62,14.31,0.05,0,50.99,-0.12,0.13
Odisha,Ganjam,Hinjilicut,15,Pochilima,0,100.02,89.88,10.18,0,0,100.06,-0.04,0.37
Odisha,Ganjam,Hinjilicut,16,Putiapadar,0,55.77,48.53,7.29,0,0,55.83,-0.06,1.17
Odisha,Ganjam,Hinjilicut,17,Ralaba,0,51.6,41.12,10.51,0,0,51.63,-0.03,0.41
Odisha,Ganjam,Hinjilicut,18,Sahapur,0,34.51,29.14,5.39,0,0,34.52,-0.01,0.34
Odisha,Ganjam,Hinjilicut,19,Saru,0,74,49.56,24.44,0,0,74,0,0.06
Odisha,Ganjam,Hinjilicut,20,Sasanambagam,0,98.25,67.7,30.58,0,0,98.28,-0.03,0.95
Odisha,Ganjam,Hinjilicut,21,Sikiri,0,24.54,16.69,7.84,0,0,24.54,0,0.66
Odisha,Ganjam,Hinjilicut,,Total,0,1227.51,931.83,295.61,0.23,0,1227.66,-0.16,10.18
Odisha,Ganjam,Hinjilicut,,Block Level Line Deptt.,0,0,125.34,51.7,1.24,0.81,179.09,-179.09,1.66
Odisha,Ganjam,Hinjilicut,,Po,0,176.44,0,NA,NA,38.11,38.11,138.33,NA
Odisha,Ganjam,Hinjilicut,,Grand Total,0,1403.95,1057.17,347.31,1.47,38.92,1444.86,-40.92,11.84
Odisha,Ganjam,Jagannathprasad,1,Adheigam,0,19.41,18.44,0.98,0,0,19.41,0,0.49
Odisha,Ganjam,Jagannathprasad,2,Aladi,0,12.57,12.57,0,0,0,12.57,0,1.31
Odisha,Ganjam,Jagannathprasad,3,Allasuguma,0,71.08,51.4,19.65,0,0,71.05,0.03,0.07
Odisha,Ganjam,Jagannathprasad,4,B.D.Pur,0,35.16,21.72,13.46,0,0,35.17,-0.01,0.14
Odisha,Ganjam,Jagannathprasad,5,Baragam,0,51.23,31.89,19.32,0,0,51.21,0.02,0.61
Odisha,Ganjam,Jagannathprasad,6,Budurungu,0,76.92,37.23,39.42,0,0,76.65,0.27,0.25
Odisha,Ganjam,Jagannathprasad,7,Chadheiapalli,0,39.84,24.44,15.48,0,0,39.92,-0.08,0.11
Odisha,Ganjam,Jagannathprasad,8,Chamunda,0,93.19,49.68,43.52,0,0,93.19,0,0.39
Odisha,Ganjam,Jagannathprasad,9,Gandadhar,0,31.18,28.06,3.12,0,0,31.18,0,0.85
Odisha,Ganjam,Jagannathprasad,10,Gayaganda,0,146.65,136.34,10.31,0,0,146.65,0,0.69
Odisha,Ganjam,Jagannathprasad,11,Gerada,0,27.3,15.93,11.37,0,0,27.3,0,0.19
Odisha,Ganjam,Jagannathprasad,12,Jagannathprasad,0,91.74,41.27,50.47,0,0,91.74,0,0.15
Odisha,Ganjam,Jagannathprasad,13,Jhadabhumi,0,68.55,53.25,15.3,0,0,68.55,0,0.65
Odisha,Ganjam,Jagannathprasad,14,Jirabadi,0,11.73,8.06,3.7,0,0,11.75,-0.02,0
Odisha,Ganjam,Jagannathprasad,15,Kadua,0,33.43,28.08,5.36,0,0,33.43,0,0.08
Odisha,Ganjam,Jagannathprasad,16,Khamarapalli,0,52.52,37.89,14.66,0,0,52.55,-0.03,0.17
Odisha,Ganjam,Jagannathprasad,17,Khetamundali,0,36.04,31.35,4.69,0,0,36.04,0,0.03
Odisha,Ganjam,Jagannathprasad,18,Kokalaba,0,49.44,44.19,5.25,0,0,49.44,0,0
Odisha,Ganjam,Jagannathprasad,19,Kudutai,0,44.47,37.92,6.56,0,0,44.47,0,0.22
Odisha,Ganjam,Jagannathprasad,20,Kumpapada,0,24.67,19.56,5.13,0,0,24.68,-0.01,0.45
Odisha,Ganjam,Jagannathprasad,21,Panchabhuti,0,18.47,14.44,4.04,0,0,18.48,-0.01,0.11
Odisha,Ganjam,Jagannathprasad,22,Pratapur,0,27.05,23.43,3.61,0,0,27.05,0,0.56
Odisha,Ganjam,Jagannathprasad,23,Routi,0,25.37,21.33,4.06,0,0,25.39,-0.02,0.09
Odisha,Ganjam,Jagannathprasad,24,Rudhapadar,0,50.14,50.46,0.09,0,0,50.55,-0.41,0.32
Odisha,Ganjam,Jagannathprasad,25,Tarasingi,0,47.88,46.83,1.08,0,0,47.91,-0.02,0.36
Odisha,Ganjam,Jagannathprasad,,Total,0,1186.04,885.72,300.62,0,0,1186.34,-0.31,8.27
Odisha,Ganjam,Jagannathprasad,,Block Level Line Deptt.,0,0,339.75,275.98,0.02,2.97,618.72,-618.72,6.53
Odisha,Ganjam,Jagannathprasad,,Po,0,480.12,0,NA,NA,42.38,42.38,437.74,NA
Odisha,Ganjam,Jagannathprasad,,Grand Total,0,1666.16,1225.47,576.6,0.02,45.35,1847.44,-181.29,14.8
Odisha,Ganjam,Kabisuryanagar,1,Ambapua,0,29.22,23.73,5.49,0,0,29.22,0,0.52
Odisha,Ganjam,Kabisuryanagar,2,Athagada Patana,0,51.68,44.45,7.01,0,0,51.46,0.22,0.27
Odisha,Ganjam,Kabisuryanagar,3,Badamahuri,0,39.74,31.74,7.94,0,0,39.69,0.05,0.25
Odisha,Ganjam,Kabisuryanagar,4,Baliasara,0,34.19,21.51,12.43,0,0,33.94,0.25,0.27
Odisha,Ganjam,Kabisuryanagar,5,Barida,0,26.14,21.52,4.61,0,0,26.13,0.02,0.25
Odisha,Ganjam,Kabisuryanagar,6,Baunsia,0,46.51,33.09,13.29,0,0,46.38,0.13,0.22
Odisha,Ganjam,Kabisuryanagar,7,Bolasara,0,11.76,11.42,0.33,0,0,11.75,0.01,0.15
Odisha,Ganjam,Kabisuryanagar,8,Borasingi,0,38.05,23.64,14.29,0,0,37.93,0.12,0.14
Odisha,Ganjam,Kabisuryanagar,9,Budhamba,0,12.06,7.77,4.28,0,0,12.06,0,0.08
Odisha,Ganjam,Kabisuryanagar,10,Gangapur,0,49.79,31.18,18.6,0,0,49.78,0.01,0.25
Odisha,Ganjam,Kabisuryanagar,11,Gudiali,0,41.37,34.89,6.48,0,0,41.37,0,0.19
Odisha,Ganjam,Kabisuryanagar,12,Jarada,0,17.66,13.27,4.39,0,0,17.66,0,0.09
Odisha,Ganjam,Kabisuryanagar,13,Kaniari,0,70.4,48.01,22.39,0,0,70.4,-0.01,2.05
Odisha,Ganjam,Kabisuryanagar,14,Khajapalli,0,21.28,17.32,3.96,0,0,21.28,0,0.3
Odisha,Ganjam,Kabisuryanagar,15,Nandiagada,0,31.08,20.7,10.37,0,0,31.08,0,0.13
Odisha,Ganjam,Kabisuryanagar,16,Paikajamuna,0,20.83,15.62,5.2,0,0,20.83,0,0.53
Odisha,Ganjam,Kabisuryanagar,17,Rishipur,0,14.08,8.82,5.26,0,0,14.08,0,0.13
Odisha,Ganjam,Kabisuryanagar,18,Sialia,0,65.8,39.75,26.26,0,0,66.01,-0.21,0.47
Odisha,Ganjam,Kabisuryanagar,19,Subalaya,0,7.64,6.15,1.48,0,0,7.64,0,0.03
Odisha,Ganjam,Kabisuryanagar,20,Sunapalli,0,65.89,30.83,35.06,0,0,65.89,0,0.2
Odisha,Ganjam,Kabisuryanagar,21,Sunarijhola,0,12.58,10.46,2.11,0,0,12.58,0,0.19
Odisha,Ganjam,Kabisuryanagar,,Total,0,707.75,495.91,211.25,0,0,707.16,0.59,6.69
Odisha,Ganjam,Kabisuryanagar,,Block Level Line Deptt.,0,0,378.16,159.99,1.09,0,539.24,-539.24,4.36
Odisha,Ganjam,Kabisuryanagar,,Po,0,536.08,0,NA,NA,39.56,39.56,496.52,NA
Odisha,Ganjam,Kabisuryanagar,,Grand Total,0,1243.83,874.07,371.24,1.09,39.56,1285.96,-42.13,11.05
Odisha,Ganjam,Khallikote,1,Aitipur,0,11.24,11.23,0,0,0,11.23,0.01,0.16
Odisha,Ganjam,Khallikote,2,Badapalli,0,47.22,30.02,17.1,0.07,0,47.18,0.04,0.59
Odisha,Ganjam,Khallikote,3,Badhi Nuapalli,0,140.3,69.68,70.38,0,0,140.06,0.24,0.27
Odisha,Ganjam,Khallikote,4,Bania,0,45.97,41.87,4.15,0,0,46.02,-0.05,0.64
Odisha,Ganjam,Khallikote,5,Bedha Nalinakhyapur,0,17.35,14.21,3.13,0,0,17.35,0,0.16
Odisha,Ganjam,Khallikote,6,Bhakutagam,0,11.49,10.71,0.78,0,0,11.49,0,0.21
Odisha,Ganjam,Khallikote,7,Bhikapada,0,16.51,10.81,5.73,0,0,16.54,-0.03,0.11
Odisha,Ganjam,Khallikote,8,Bikrampur,0,8.56,6.46,2.08,0,0,8.54,0.02,0.03
Odisha,Ganjam,Khallikote,9,Chikili,0,89.09,71.91,17.17,0,0,89.09,0,0.48
Odisha,Ganjam,Khallikote,10,Danapur,0,21.4,18.73,2.67,0,0,21.4,0,0.17
Odisha,Ganjam,Khallikote,11,Dimiria,0,53.52,41.93,11.42,0.17,0,53.52,0,0.4
Odisha,Ganjam,Khallikote,12,Kairasi,0,17.9,17.9,0,0,0,17.9,0,0.42
Odisha,Ganjam,Khallikote,13,Kanaka,0,13,11.07,1.93,0,0,13,0,0.29
Odisha,Ganjam,Khallikote,14,Kanchana,0,19.78,19.03,0.74,0,0,19.78,0,0.05
Odisha,Ganjam,Khallikote,15,Kanheipur,0,7.4,6.68,0.72,0,0,7.4,0,0.1
Odisha,Ganjam,Khallikote,16,Keshapur,0,17.57,10.98,6.56,0.03,0,17.57,0,0.01
Odisha,Ganjam,Khallikote,17,Khajapalli,0,2.55,2.55,0,0,0,2.55,0,0.11
Odisha,Ganjam,Khallikote,18,Komonda,0,19.25,19.25,0,0,0,19.25,0,0.18
Odisha,Ganjam,Khallikote,19,Langaleswar,0,28.35,12.46,15.81,0.09,0,28.36,-0.01,0.12
Odisha,Ganjam,Khallikote,20,Manikapur,0,21.83,18.2,3.66,0,0,21.86,-0.02,0.23
Odisha,Ganjam,Khallikote,21,Mathura,0,43.52,38.37,5.15,0,0,43.52,0,0.84
Odisha,Ganjam,Khallikote,22,Naikanipalli,0,19.39,18.72,0.33,0.02,0,19.06,0.32,0.42
Odisha,Ganjam,Khallikote,23,Odia Alapur,0,11.69,6.12,5.57,0,0,11.69,0,0.12
Odisha,Ganjam,Khallikote,24,Pathara,0,2.28,1.14,1.14,0,0,2.28,0,0.02
Odisha,Ganjam,Khallikote,25,Sabulia,0,10.37,5.73,4.65,0,0,10.37,0,0.15
Odisha,Ganjam,Khallikote,26,Srikrushnasaranpur,0,24.74,18.11,6.63,0,0,24.74,0,0.31
Odisha,Ganjam,Khallikote,27,Talapada,0,23.88,19.54,4.31,0.01,0,23.86,0.02,0.23
Odisha,Ganjam,Khallikote,28,Tentuliapalli,0,1.36,1.24,0.11,0,0,1.36,0,0
Odisha,Ganjam,Khallikote,29,Tulasipur,0,102.88,75,27.82,0.06,0,102.88,0,2.34
Odisha,Ganjam,Khallikote,,Total,0,850.39,629.65,219.74,0.45,0,849.84,0.54,9.16
Odisha,Ganjam,Khallikote,,Block Level Line Deptt.,0,0,353.33,216.53,1.69,0,571.55,-571.55,5.35
Odisha,Ganjam,Khallikote,,Po,0,528.45,0,NA,NA,46.51,46.51,481.94,NA
Odisha,Ganjam,Khallikote,,Grand Total,0,1378.84,982.98,436.27,2.14,46.51,1467.9,-89.07,14.51
Odisha,Ganjam,Kukudakhandi,1,Anantei,0,25.3,19.7,5.58,0,0,25.28,0.02,0
Odisha,Ganjam,Kukudakhandi,2,Ankusapur,0,29.42,24.47,6.89,0,0,31.36,-1.94,0.12
Odisha,Ganjam,Kukudakhandi,3,Baghalati,0,40.11,35.67,4.52,0,0,40.19,-0.08,0.26
Odisha,Ganjam,Kukudakhandi,4,Balipada,0,41.76,30.5,11.27,0,0,41.76,0,0.04
Odisha,Ganjam,Kukudakhandi,5,Banthapalli,0,26.26,20.39,5.88,0,0,26.26,0,0.15
Odisha,Ganjam,Kukudakhandi,6,Baulojholi,0,33.85,26.02,7.83,0,0,33.85,0,0.36
Odisha,Ganjam,Kukudakhandi,7,Borigam,0,92.58,81.02,11.14,0,0,92.16,0.42,0.47
Odisha,Ganjam,Kukudakhandi,8,Dengapodar,0,33.54,30.61,2.93,0,0,33.54,0,0.41
Odisha,Ganjam,Kukudakhandi,9,Dhakhinapur,0,16.96,11.79,5.17,0,0,16.96,0,0.05
Odisha,Ganjam,Kukudakhandi,10,Gurunthi,0,28.18,23.42,5.36,0,0,28.79,-0.61,0.01
Odisha,Ganjam,Kukudakhandi,11,Hugulapata,0,17.87,17.07,0.8,0,0,17.87,0,0.04
Odisha,Ganjam,Kukudakhandi,12,Jagadalapur,0,6.01,4.54,1.49,0,0,6.02,-0.01,0
Odisha,Ganjam,Kukudakhandi,13,Kankia,0,3.75,3.9,0.89,0,0,4.79,-1.04,0.09
Odisha,Ganjam,Kukudakhandi,14,Kukudakhandi,0,20.08,13.02,7.06,0,0,20.08,0,0.06
Odisha,Ganjam,Kukudakhandi,15,Lanjia,0,18.33,15.23,5.64,0,0,20.87,-2.54,0.08
Odisha,Ganjam,Kukudakhandi,16,Lathi,0,12.48,8.92,3.56,0,0,12.48,0,0.05
Odisha,Ganjam,Kukudakhandi,17,Lochapada,0,9.64,5.94,3.65,0,0,9.6,0.04,0.13
Odisha,Ganjam,Kukudakhandi,18,Masiakhali,0,10.24,7.98,2.26,0,0,10.24,0,0.3
Odisha,Ganjam,Kukudakhandi,19,Mohada,0,19.49,15.29,6.28,0,0,21.57,-2.09,0
Odisha,Ganjam,Kukudakhandi,20,Nimakhandi,0,5.32,3.76,1.56,0,0,5.32,0,0.01
Odisha,Ganjam,Kukudakhandi,21,Rohigam,0,27.89,23.58,4.93,0,0,28.5,-0.61,0.13
Odisha,Ganjam,Kukudakhandi,22,Sihala,0,31.92,26.87,5.05,0,0,31.92,0,0.35
Odisha,Ganjam,Kukudakhandi,,Total,0,550.99,449.69,109.75,0,0,559.43,-8.44,3.1
Odisha,Ganjam,Kukudakhandi,,Block Level Line Deptt.,-0.51,-0.51,152.29,84.83,1.68,3.15,241.96,-242.47,1.77
Odisha,Ganjam,Kukudakhandi,,Po,0,206.96,0,NA,NA,43.31,43.31,163.65,NA
Odisha,Ganjam,Kukudakhandi,,Grand Total,-0.51,757.44,601.98,194.58,1.68,46.46,844.7,-87.26,4.87
Odisha,Ganjam,Patrapur,1,Ambapur,0,45.07,44.96,0,0,0,44.96,0.11,1.98
Odisha,Ganjam,Patrapur,2,Ankuli,1,24.29,15.77,7.57,0,0,23.34,0.96,0.37
Odisha,Ganjam,Patrapur,3,B.Nuagam,0,20.39,20.07,0.32,0,0,20.39,0,0.21
Odisha,Ganjam,Patrapur,4,Badapur,0,22.28,19.14,3.14,0,0,22.28,0,0.16
Odisha,Ganjam,Patrapur,5,Baranga,0,61.86,61.86,0,0,0,61.86,0,1.22
Odisha,Ganjam,Patrapur,6,Buratala,0,26.98,24.88,2.11,0,0,26.98,0,0.36
Odisha,Ganjam,Patrapur,7,Gudipadara,0,9.06,9.05,0,0,0,9.05,0.02,0.05
Odisha,Ganjam,Patrapur,8,Gundura,0,26.92,21.64,5.27,0,0,26.92,0,0.33
Odisha,Ganjam,Patrapur,9,Jarada,0,16.62,16.62,0,0,0,16.62,0,0.21
Odisha,Ganjam,Patrapur,10,Jayantipur,0,6.41,5.68,0.63,0,0,6.31,0.1,0.58
Odisha,Ganjam,Patrapur,11,Kesaripada,0,41.84,36.77,4.98,0,0,41.75,0.09,2.85
Odisha,Ganjam,Patrapur,12,Khamarigam,0,36.45,35.06,1.39,0,0,36.45,0,0.23
Odisha,Ganjam,Patrapur,13,Kharanipada,0,15.67,12.03,3.64,0,0,15.67,0,0.07
Odisha,Ganjam,Patrapur,14,Khariaguda,0,51.17,43.2,7.96,0,0,51.17,0,0.31
Odisha,Ganjam,Patrapur,15,Mandarada,0,48.87,45.08,3.64,0,0,48.71,0.16,1.84
Odisha,Ganjam,Patrapur,16,Padadigi,0,18.36,18.36,0,0,0,18.36,0,0.3
Odisha,Ganjam,Patrapur,17,Patrapur,0,47.06,41.26,5.76,0,0,47.02,0.04,0.3
Odisha,Ganjam,Patrapur,18,Samantarapur,0,12.77,12.77,0,0,0,12.77,0,0.15
Odisha,Ganjam,Patrapur,19,Samantiapalli,0,60.13,52.5,7.59,0,0,60.09,0.04,0.97
Odisha,Ganjam,Patrapur,20,Surangi,0,127.39,83.9,43.49,0,0,127.39,0,1.02
Odisha,Ganjam,Patrapur,21,Tandipur,2.85,39.54,28.64,8.05,0,0,36.69,2.85,0.65
Odisha,Ganjam,Patrapur,22,Tumbagada,0,19.22,19.22,0,0,0,19.22,0,0.08
Odisha,Ganjam,Patrapur,23,Turubudi,0,63.96,37.51,26.15,0.12,0,63.78,0.18,0.99
Odisha,Ganjam,Patrapur,,Total,3.85,842.32,705.96,131.7,0.12,0,837.77,4.54,15.22
Odisha,Ganjam,Patrapur,,Block Level Line Deptt.,-0.55,-0.55,443.56,162.6,2.27,1.48,609.91,-610.46,5.98
Odisha,Ganjam,Patrapur,,Po,0,578.36,0,NA,NA,54.78,54.78,523.58,NA
Odisha,Ganjam,Patrapur,,Grand Total,3.3,1420.13,1149.52,294.3,2.39,56.26,1502.46,-82.34,21.2
Odisha,Ganjam,Polosara,1,Badapankalabadi,0,13.64,12.65,1.11,0,0,13.76,-0.12,0.17
Odisha,Ganjam,Polosara,2,Balichhai,0,11.05,5.8,5.24,0,0,11.05,0,0
Odisha,Ganjam,Polosara,3,Banthapalli,0,18.66,16.56,2,0,0,18.57,0.09,0.02
Odisha,Ganjam,Polosara,4,Bartani,0,15.57,14.29,1.26,0,0,15.54,0.03,0.18
Odisha,Ganjam,Polosara,5,Belagam,0,16.07,12.82,3.06,0,0,15.87,0.19,0.27
Odisha,Ganjam,Polosara,6,Bhabarada,0,7.33,7.34,0,0,0,7.35,-0.02,1.87
Odisha,Ganjam,Polosara,7,Budheisuni,0,20.9,18.83,2.04,0,0,20.87,0.03,0.25
Odisha,Ganjam,Polosara,8,Chirikipadasasan,0,5.01,5.01,0,0,0,5.01,0,0.16
Odisha,Ganjam,Polosara,9,Dhunkapada,0,12.92,10.45,2.47,0,0,12.92,0,0.16
Odisha,Ganjam,Polosara,10,Ghodapalana,0,12.22,11.64,0.39,0,0,12.03,0.19,0.32
Odisha,Ganjam,Polosara,11,Gochabadi,0,20.37,19.34,0.86,0,0,20.2,0.17,0.33
Odisha,Ganjam,Polosara,12,Hatiota,0,21.23,18.24,2.88,0,0,21.12,0.1,0.14
Odisha,Ganjam,Polosara,13,J.Dengapadar,0,39.22,27.39,11.55,0,0,38.94,0.28,0.43
Odisha,Ganjam,Polosara,14,Jakara,0,5.4,4.96,0.78,0,0,5.74,-0.34,0.04
Odisha,Ganjam,Polosara,15,Kalamba,0,17.34,16.37,0.97,0,0,17.33,0.01,0.5
Odisha,Ganjam,Polosara,16,Kanachai,0,8.2,6.66,1.54,0,0,8.2,0,0.03
Odisha,Ganjam,Polosara,17,Kendubadi,0,27.21,21.13,6.09,0,0,27.22,-0.01,0.69
Odisha,Ganjam,Polosara,18,Khanduru,0,12.55,11.22,1.34,0,0,12.55,0,0.19
Odisha,Ganjam,Polosara,19,Madhupalli,0,35.29,29.25,6,0,0,35.25,0.04,0.26
Odisha,Ganjam,Polosara,20,Malatentulia,0,22.82,13.85,8.97,0,0,22.82,0,0.05
Odisha,Ganjam,Polosara,21,Mandar,-0.01,12.81,11.49,1.3,0,0,12.79,0.02,0.02
Odisha,Ganjam,Polosara,22,Mathura,0,53.21,34.27,18.92,0,0,53.18,0.02,1.12
Odisha,Ganjam,Polosara,23,Nimina,0,12.54,10.14,1.88,0,0,12.02,0.52,0.14
Odisha,Ganjam,Polosara,24,Pandiripada,0,7.2,7.2,0,0,0,7.2,0,0.69
Odisha,Ganjam,Polosara,25,Rumagada,0,12.62,12.29,0.33,0,0,12.62,0,0.02
Odisha,Ganjam,Polosara,26,Sodaka,0,36.01,26.15,9.86,0,0,36.01,-0.01,0.51
Odisha,Ganjam,Polosara,,Total,-0.01,477.38,385.32,90.85,0,0,476.17,1.21,8.57
Odisha,Ganjam,Polosara,,Block Level Line Deptt.,-0.01,-0.01,583.41,165.65,1.31,0.2,750.56,-750.57,8.18
Odisha,Ganjam,Polosara,,Po,0,750.6,0,NA,NA,39.75,39.75,710.85,NA
Odisha,Ganjam,Polosara,,Grand Total,-0.02,1227.97,968.73,256.5,1.31,39.95,1266.48,-38.51,16.75
Odisha,Ganjam,Purushottampur,1,Achuli,0,37.52,29.18,8.33,0,0,37.51,0.01,0.07
Odisha,Ganjam,Purushottampur,2,Anatirigam,0,16.95,15.56,1.4,0,0,16.96,-0.01,0.24
Odisha,Ganjam,Purushottampur,3,Arakhapur,0,0.04,0.04,0,0,0,0.04,0,0
Odisha,Ganjam,Purushottampur,4,Badabaragam,0,25.9,25.38,0.58,0,0,25.96,-0.06,0.43
Odisha,Ganjam,Purushottampur,5,Badakharida,0,69.11,49.76,19.37,0,0,69.12,-0.01,0.55
Odisha,Ganjam,Purushottampur,6,Baghala,0,13.2,12.77,0.55,0,0,13.31,-0.11,0.12
Odisha,Ganjam,Purushottampur,7,Bhatakumarda,0,44.71,40.97,3.75,0,0,44.72,0,0.16
Odisha,Ganjam,Purushottampur,8,Bhimpur,0,20.96,11.92,9.04,0,0,20.96,0,0.13
Odisha,Ganjam,Purushottampur,9,Bhutasarasingi,0,22.98,20.86,2.22,0,0,23.08,-0.1,0.13
Odisha,Ganjam,Purushottampur,10,Chingudighai,0,18.89,17.99,0.7,0,0,18.68,0.21,0.23
Odisha,Ganjam,Purushottampur,11,Chingudipadar Nuagam,0,22.56,19.73,2.94,0,0,22.67,-0.11,0.02
Odisha,Ganjam,Purushottampur,12,Gangadahani,0,29.51,23.22,6.02,0,0,29.24,0.28,1.35
Odisha,Ganjam,Purushottampur,13,Handighar,0,4.24,4.21,0,0,0,4.21,0.03,1.38
Odisha,Ganjam,Purushottampur,14,Jaganathapur,0,31.43,29.01,2.28,0,0,31.29,0.14,0.64
Odisha,Ganjam,Purushottampur,15,Jamuni,0,11.82,7.86,3.96,0,0,11.82,0,0.67
Odisha,Ganjam,Purushottampur,16,Jhadabai,0,48.52,42.51,5.98,0,0,48.49,0.03,2.29
Odisha,Ganjam,Purushottampur,17,Kama Nalinakhyapur,0,59.99,54.39,5.33,0,0,59.72,0.28,0.95
Odisha,Ganjam,Purushottampur,18,Pandia,0,34.25,30.2,4.05,0,0,34.25,0,0.36
Odisha,Ganjam,Purushottampur,19,Pratapur,0,46.03,44.54,1.49,0,0,46.03,0,0.55
Odisha,Ganjam,Purushottampur,20,Raipur,0,24.67,22.92,1.75,0,0,24.67,0,0.71
Odisha,Ganjam,Purushottampur,21,Ranajhali,0,57.23,50.51,6.45,0,0,56.97,0.26,0.02
Odisha,Ganjam,Purushottampur,22,Sama,0,26.15,21.93,4.22,0,0,26.15,0,0.24
Odisha,Ganjam,Purushottampur,23,Sikula,0,29.52,27.26,2.26,0,0,29.52,0,0.17
Odisha,Ganjam,Purushottampur,24,Solaghara,0,3.52,2.82,0.7,0,0,3.52,0,0
Odisha,Ganjam,Purushottampur,25,Sunathara,0,44.57,40.16,4.4,0,0,44.55,0.01,0.34
Odisha,Ganjam,Purushottampur,26,Tankachai,0,26.18,22.56,3.63,0,0,26.19,-0.01,3.4
Odisha,Ganjam,Purushottampur,,Total,0,770.45,668.26,101.37,0,0,769.62,0.83,15.14
Odisha,Ganjam,Purushottampur,,Block Level Line Deptt.,-0.01,-0.01,155.76,55.99,0.81,0.12,212.69,-212.7,5.96
Odisha,Ganjam,Purushottampur,,Po,0,171.72,0,NA,NA,35.93,35.93,135.79,NA
Odisha,Ganjam,Purushottampur,,Grand Total,-0.01,942.16,824.02,157.36,0.81,36.05,1018.24,-76.08,21.1
Odisha,Ganjam,Rangeilunda,1,Badakusastali,0,15.19,14.53,0.68,0,0,15.21,-0.02,0.12
Odisha,Ganjam,Rangeilunda,2,Bakshipalli,0,17.4,14.28,3.08,0,0,17.36,0.03,0.27
Odisha,Ganjam,Rangeilunda,3,Bhabinipur,0,4.35,1.99,2.34,0,0,4.33,0.02,0.02
Odisha,Ganjam,Rangeilunda,4,Biswanathpur,0,65.38,50.23,15.05,0,0,65.27,0.11,0.63
Odisha,Ganjam,Rangeilunda,5,Chandapur,0,9.6,7.87,1.82,0,0,9.69,-0.09,0.11
Odisha,Ganjam,Rangeilunda,6,Chikarada,0,9.86,9.65,0.15,0,0,9.79,0.07,0.11
Odisha,Ganjam,Rangeilunda,7,Dura,0,22.2,20.96,1.21,0,0,22.18,0.02,0.08
Odisha,Ganjam,Rangeilunda,8,Ganju,0,13.64,7.3,6.79,0,0,14.08,-0.45,0.01
Odisha,Ganjam,Rangeilunda,9,Golabandha,0,11.03,7.2,3.8,0,0,11,0.03,0.08
Odisha,Ganjam,Rangeilunda,10,Golanthara,0,34.41,24.08,10.33,0,0,34.41,0,0.16
Odisha,Ganjam,Rangeilunda,11,Haladiapadar,0,15.47,6.64,8.79,0,0,15.42,0.05,0.07
Odisha,Ganjam,Rangeilunda,12,Hatipada,0,5.26,4.97,0.29,0,0,5.26,0,0
Odisha,Ganjam,Rangeilunda,13,Indrakhi,0,29.79,21.81,7.99,0,0,29.79,0,0.1
Odisha,Ganjam,Rangeilunda,14,Kamalapur,0,24.78,21,4.2,0,0,25.21,-0.43,0.02
Odisha,Ganjam,Rangeilunda,15,Kanisi,0,15.39,15.09,0.3,0,0,15.39,0,0
Odisha,Ganjam,Rangeilunda,16,Karapalli,0,15.29,14.42,0.88,0,0,15.3,-0.01,0.9
Odisha,Ganjam,Rangeilunda,17,Keluapalli,0,29.78,24.36,5.45,0,0,29.82,-0.04,0.82
Odisha,Ganjam,Rangeilunda,18,Kolathigam,0,12.58,12.08,0.43,0,0,12.5,0.07,0.09
Odisha,Ganjam,Rangeilunda,19,Kotharasingi,0,24.2,15.26,8.94,0,0,24.2,0,0
Odisha,Ganjam,Rangeilunda,20,Laudigam,0,26.38,17.94,8.44,0,0,26.38,0,0.04
Odisha,Ganjam,Rangeilunda,21,Luhajhar,0,20.99,17.96,3.04,0,0,21,-0.01,0.23
Odisha,Ganjam,Rangeilunda,22,Mantridi,0,44.33,32.19,12.55,0,0,44.73,-0.4,0
Odisha,Ganjam,Rangeilunda,23,Markandi,0,36.69,36.27,0.52,0,0,36.79,-0.11,0.18
Odisha,Ganjam,Rangeilunda,24,Mendrajpur,0,27.11,26.03,1.1,0,0,27.13,-0.02,0.25
Odisha,Ganjam,Rangeilunda,25,Narayanpur,0,4.38,4.03,0.35,0,0,4.38,0,0.18
Odisha,Ganjam,Rangeilunda,26,Padmapur,0,16.21,15.35,0.76,0,0,16.11,0.1,0.7
Odisha,Ganjam,Rangeilunda,27,Phulta,0,24.85,16.84,8.02,0,0,24.87,-0.02,0.01
Odisha,Ganjam,Rangeilunda,28,Randha,0,16.23,14.06,2.19,0,0,16.25,-0.03,0.02
Odisha,Ganjam,Rangeilunda,29,Rangeilunda,0,17.34,17.07,0.27,0,0,17.34,0,0.19
Odisha,Ganjam,Rangeilunda,30,Rangipur,0,12.53,10.34,2.27,0,0,12.61,-0.09,0.06
Odisha,Ganjam,Rangeilunda,31,Sasanapadara,0,10.51,10.35,0.23,0,0,10.58,-0.07,0.28
Odisha,Ganjam,Rangeilunda,32,Satakutuni,0,8.48,8.35,0.04,0,0,8.39,0.09,0.01
Odisha,Ganjam,Rangeilunda,,Total,0,641.61,520.5,122.29,0,0,642.78,-1.17,5.75
Odisha,Ganjam,Rangeilunda,,Block Level Line Deptt.,-0.3,-0.3,547.49,233.42,1.87,0.75,783.52,-783.82,3.4
Odisha,Ganjam,Rangeilunda,,Po,-0.35,779.89,0,NA,NA,51.5,51.5,728.39,NA
Odisha,Ganjam,Rangeilunda,,Grand Total,-0.65,1421.2,1067.99,355.71,1.87,52.25,1477.8,-56.6,9.15
Odisha,Ganjam,Sanakhemundi,1,Adapada,0,42.15,31.99,10.16,0,0,42.15,0,0.36
Odisha,Ganjam,Sanakhemundi,2,Ambagam,0,32.87,28.73,4.05,0,0,32.78,0.08,0.08
Odisha,Ganjam,Sanakhemundi,3,Chhanameri,0,107.98,86.38,21.63,0,0,108,-0.03,0.9
Odisha,Ganjam,Sanakhemundi,4,Chudangapur,0,36.29,26.24,9.93,0,0,36.17,0.12,0.15
Odisha,Ganjam,Sanakhemundi,5,Dayanidhipur,0,53.35,30.45,22.85,0,0,53.3,0.05,0.99
Odisha,Ganjam,Sanakhemundi,6,Dengadi,0,13.57,13.31,0.22,0,0,13.53,0.04,0.18
Odisha,Ganjam,Sanakhemundi,7,Erendra,0,39.16,29.97,9.16,0,0,39.14,0.03,0.05
Odisha,Ganjam,Sanakhemundi,8,Gangapur,0,79.79,57.69,22.1,0,0,79.79,0,1.65
Odisha,Ganjam,Sanakhemundi,9,Goutami,0,56.05,36.17,19.89,0,0,56.06,-0.01,0.28
Odisha,Ganjam,Sanakhemundi,10,Jura,0,58.33,35.65,22.63,0,0,58.28,0.05,0.53
Odisha,Ganjam,Sanakhemundi,11,Kalarapadar,0,22.5,20.52,1.98,0,0,22.5,0,0.22
Odisha,Ganjam,Sanakhemundi,12,Kankarada,0,44.94,34.56,10.38,0,0,44.94,0,0.1
Odisha,Ganjam,Sanakhemundi,13,Kansamari,0,19.97,16.28,3.68,0,0,19.97,0,0.18
Odisha,Ganjam,Sanakhemundi,14,Kaudia,0,14.69,8.29,6.4,0,0,14.69,0,0.21
Odisha,Ganjam,Sanakhemundi,15,Khalingi,0,35.45,23.04,12.41,0,0,35.45,0,1.81
Odisha,Ganjam,Sanakhemundi,16,Maulabhanja,0,76.13,60.08,15.98,0,0,76.06,0.07,2.6
Odisha,Ganjam,Sanakhemundi,17,Padmapur,0,97.81,64.41,33.4,0,0,97.82,-0.01,1.12
Odisha,Ganjam,Sanakhemundi,18,Patapur,0,27.81,14.55,13.26,0,0,27.81,0,0.05
Odisha,Ganjam,Sanakhemundi,19,Pattiguda,0,160.42,116.26,43.85,0,0,160.11,0.32,2.9
Odisha,Ganjam,Sanakhemundi,20,Podamari,0,143.12,92.93,50.14,0,0,143.07,0.04,0.78
Odisha,Ganjam,Sanakhemundi,21,Radhadeipur,0,16.03,15.57,0.46,0,0,16.03,0,0.19
Odisha,Ganjam,Sanakhemundi,22,Ramachandrapur,0,18.21,16.82,1.49,0,0,18.31,-0.1,0.27
Odisha,Ganjam,Sanakhemundi,23,Sahaspur,0,44.01,38.12,5.89,0,0,44.01,0,0.35
Odisha,Ganjam,Sanakhemundi,24,Satapentha Gopalpur,0,86.39,65.49,20.84,0,0,86.33,0.07,0.55
Odisha,Ganjam,Sanakhemundi,25,Singipur,0,143.46,83.82,59.64,0,0,143.45,0.01,0.51
Odisha,Ganjam,Sanakhemundi,26,T.Gobindapur,-0.01,225.97,158.79,67.3,0,0,226.09,-0.12,0.29
Odisha,Ganjam,Sanakhemundi,,Total,-0.01,1696.46,1206.12,489.73,0,0,1695.85,0.61,17.29
Odisha,Ganjam,Sanakhemundi,,Block Level Line Deptt.,-0.5,-0.5,138.52,101.73,1.25,1.25,242.76,-243.26,1.4
Odisha,Ganjam,Sanakhemundi,,Po,0,244.64,0,NA,NA,39.04,39.04,205.6,NA
Odisha,Ganjam,Sanakhemundi,,Grand Total,-0.51,1940.6,1344.64,591.46,1.25,40.29,1977.65,-37.05,18.69
Odisha,Ganjam,Sheragada,1,Alarigada,0,54.38,36.73,17.78,0,0,54.52,-0.14,0.08
Odisha,Ganjam,Sheragada,2,Bandhaguda,0,36.39,32.59,3.84,0,0,36.42,-0.04,0.37
Odisha,Ganjam,Sheragada,3,Baramunduli,0,30.7,23.83,6.94,0.09,0,30.86,-0.16,0.35
Odisha,Ganjam,Sheragada,4,Brahmanachai,0,44.69,23.67,21,0,0,44.67,0.01,0.28
Odisha,Ganjam,Sheragada,5,Dengapadara,0,15.13,11.81,3.34,0,0,15.15,-0.02,0.16
Odisha,Ganjam,Sheragada,6,Dhabalapur,0,15.88,14.68,1.18,0,0,15.86,0.01,0.16
Odisha,Ganjam,Sheragada,7,Dhanantara,0,68.75,58.19,10.49,0,0,68.68,0.07,0.67
Odisha,Ganjam,Sheragada,8,Gobindapur,0,20.68,17.42,3.09,0,0,20.5,0.18,0.11
Odisha,Ganjam,Sheragada,9,Gothagam,0,14.07,9.86,4.11,0,0,13.97,0.1,0
Odisha,Ganjam,Sheragada,10,K.Karadakana,0,54.61,47.66,6.83,0,0,54.49,0.12,0.23
Odisha,Ganjam,Sheragada,11,Khirida,0,48.08,42.93,5.15,0,0,48.08,0,0.35
Odisha,Ganjam,Sheragada,12,Krushnachhai,0,28.37,25.56,2.79,0,0,28.34,0.03,0.11
Odisha,Ganjam,Sheragada,13,Kulagada,0,25.77,22.05,3.71,0,0,25.77,0,0.87
Odisha,Ganjam,Sheragada,14,Kumarapani,0,20.2,12.21,8.02,0,0,20.22,-0.03,0.18
Odisha,Ganjam,Sheragada,15,Kurula,0,8.38,7.28,1.14,0,0,8.42,-0.04,0.41
Odisha,Ganjam,Sheragada,16,Mahupadar,0,41.33,34.56,6.55,0,0,41.11,0.22,0.65
Odisha,Ganjam,Sheragada,17,Narendrapur,0,28.42,20.2,7.87,0.25,0,28.31,0.11,3.52
Odisha,Ganjam,Sheragada,18,Pitala,0,18.94,15.83,3.07,0.04,0,18.94,0,0.23
Odisha,Ganjam,Sheragada,19,Sheragada,0,50.46,38.99,11.48,0,0,50.46,0,0.79
Odisha,Ganjam,Sheragada,20,Tahara,0,16.83,14.16,2.65,0,0,16.81,0.03,0.2
Odisha,Ganjam,Sheragada,21,Takarada,0,34.99,27.56,7.43,0,0,34.99,0,0.16
Odisha,Ganjam,Sheragada,22,Thuruburai,0,20.36,14.01,6.44,0.04,0,20.48,-0.12,0.1
Odisha,Ganjam,Sheragada,,Total,0,697.42,551.77,144.88,0.42,0,697.07,0.35,10.01
Odisha,Ganjam,Sheragada,,Block Level Line Deptt.,0,0,304.88,101.01,1.71,1.2,408.8,-408.8,5.22
Odisha,Ganjam,Sheragada,,Po,0,365.16,0,NA,NA,36.26,36.26,328.9,NA
Odisha,Ganjam,Sheragada,,Grand Total,0,1062.58,856.65,245.89,2.13,37.46,1142.13,-79.55,15.23
Odisha,Ganjam,Surada,1,Amrutulu,0,35.83,33.17,2.64,0,0,35.81,0.02,0.38
Odisha,Ganjam,Surada,2,Asurabandha,0,46.98,46.4,0.58,0,0,46.98,0,0.17
Odisha,Ganjam,Surada,3,Bada Badangi,0,58.09,56.16,2,0,0,58.16,-0.07,0.54
Odisha,Ganjam,Surada,4,Bada Gochha,0,5.68,5.68,0,0,0,5.68,0,0.01
Odisha,Ganjam,Surada,5,Badagada,0,69.17,57.78,11.39,0,0,69.17,0,0.45
Odisha,Ganjam,Surada,6,Bhagabanpur,0,49.76,41.43,8.32,0,0,49.76,0,0.74
Odisha,Ganjam,Surada,7,Borada,0,56.65,56.72,0,0,0,56.72,-0.06,0.26
Odisha,Ganjam,Surada,8,Borasingi,0,30.44,25.25,5.19,0,0,30.44,0,0.37
Odisha,Ganjam,Surada,9,Ekalapur,0,34.18,31.35,2.83,0,0,34.18,0,0.05
Odisha,Ganjam,Surada,10,Gajalbadi,0,41.24,41.24,0,0,0,41.24,0,0.53
Odisha,Ganjam,Surada,11,Gangapur,0,35.87,28.49,7.38,0,0,35.87,0,0.15
Odisha,Ganjam,Surada,12,Genja,0,29.04,24.9,4.14,0,0,29.04,0,0.7
Odisha,Ganjam,Surada,13,Gochha,0,41.93,41.93,0,0,0,41.93,0,0.41
Odisha,Ganjam,Surada,14,Gopalpursasan,0,51.21,50.45,0.77,0,0,51.21,0,0.86
Odisha,Ganjam,Surada,15,Goudagotha,0,148.55,125.46,24,0,0,149.46,-0.91,1.42
Odisha,Ganjam,Surada,16,Hinjalakuda,0,47.21,40.55,6.76,0,0,47.31,-0.1,0.62
Odisha,Ganjam,Surada,17,Hukuma,0,18.31,18.31,0,0,0,18.31,0,0.04
Odisha,Ganjam,Surada,18,Kullangi,0,33.65,24.06,9.59,0,0,33.65,0,0.56
Odisha,Ganjam,Surada,19,Lathipada,0,47.04,40.62,6.42,0,0,47.04,0,1.23
Odisha,Ganjam,Surada,20,Merikote,0,51.3,44.89,6.39,0,0,51.28,0.02,0.99
Odisha,Ganjam,Surada,21,Nuagada,0,50.76,40.74,10.02,0,0,50.76,0,0.83
Odisha,Ganjam,Surada,22,Palakatu,0,58.98,49.48,9.49,0,0,58.96,0.01,0.75
Odisha,Ganjam,Surada,23,Raibandha,0,64.76,55.41,9.34,0,0,64.75,0.01,0.49
Odisha,Ganjam,Surada,24,Sarabadi,0,38.91,36.36,2.55,0,0,38.91,-0.01,0.79
Odisha,Ganjam,Surada,25,Sidhapur,0,15.08,14.77,0.31,0,0,15.08,0,0.01
Odisha,Ganjam,Surada,26,Suramani,0,45.5,34.87,10.62,0,0,45.5,0,0.08
Odisha,Ganjam,Surada,,Total,0,1206.1,1066.45,140.75,0,0,1207.2,-1.09,13.44
Odisha,Ganjam,Surada,,Block Level Line Deptt.,0,0,505.4,193,1.34,1.84,701.58,-701.58,4.69
Odisha,Ganjam,Surada,,Po,0,633.74,0,NA,NA,55.49,55.49,578.25,NA
Odisha,Ganjam,Surada,,Grand Total,0,1839.84,1571.85,333.75,1.34,57.33,1964.27,-124.42,18.13
Odisha,Jharsuguda,Jharsuguda,1,Badmal,0,23.09,15.89,7.45,0.08,0,23.43,-0.33,0.13
Odisha,Jharsuguda,Jharsuguda,2,Chandinimal,0,30.73,25.7,6.2,0.07,0,31.97,-1.24,0.05
Odisha,Jharsuguda,Jharsuguda,3,Dalki,0,26.72,22.49,9.49,0.11,0,32.09,-5.37,0.23
Odisha,Jharsuguda,Jharsuguda,4,Durlaga,0,24.8,24.91,5.9,0.06,0,30.88,-6.08,0.2
Odisha,Jharsuguda,Jharsuguda,5,Gourmal,0,32.49,25.7,9.62,0.12,0,35.44,-2.96,0.17
Odisha,Jharsuguda,Jharsuguda,6,H.Katapali,0,36.5,36.18,2.85,0.04,0,39.07,-2.57,0.52
Odisha,Jharsuguda,Jharsuguda,7,Hirma,0,54.58,45.54,17.19,0.57,0,63.3,-8.73,0.46
Odisha,Jharsuguda,Jharsuguda,8,Jamera,0,19.11,16.04,7.36,0.1,0,23.5,-4.39,0.26
Odisha,Jharsuguda,Jharsuguda,9,Katikela,0,22.91,17.55,9.93,0.12,0,27.6,-4.69,0.72
Odisha,Jharsuguda,Jharsuguda,10,Kudopali,0,8.81,6.88,2.32,0.01,0,9.2,-0.4,0.05
Odisha,Jharsuguda,Jharsuguda,11,Loisingh,0,46.48,40.64,12.3,0.16,0,53.1,-6.62,1.32
Odisha,Jharsuguda,Jharsuguda,12,Malda,0,22.15,21.37,6.69,0.07,0,28.13,-5.98,0.05
Odisha,Jharsuguda,Jharsuguda,13,Marakuta,0,7.7,7.12,5.32,0.06,0,12.5,-4.79,0.07
Odisha,Jharsuguda,Jharsuguda,14,Patrapali,0,19.72,17.33,2.61,0.02,0,19.96,-0.24,0.77
Odisha,Jharsuguda,Jharsuguda,15,Rajpur,0,30.35,29.31,5.47,0.08,0,34.86,-4.51,0.05
Odisha,Jharsuguda,Jharsuguda,16,Sripura,0,10.02,8.36,5.29,0.07,0,13.72,-3.7,0.04
Odisha,Jharsuguda,Jharsuguda,17,Talpatia,0,16.29,17.31,2.94,0.03,0,20.28,-3.98,0.3
Odisha,Jharsuguda,Jharsuguda,,Total,0,432.47,378.31,118.95,1.78,0,499.04,-66.58,5.38
Odisha,Jharsuguda,Jharsuguda,,Block Level Line Deptt.,0,0,25.39,10.49,0.72,0,36.59,-36.59,0.93
Odisha,Jharsuguda,Jharsuguda,,Po,0,90.64,0,NA,NA,20.44,20.44,70.2,NA
Odisha,Jharsuguda,Jharsuguda,,Grand Total,0,523.11,403.7,129.44,2.5,20.44,556.07,-32.97,6.31
Odisha,Jharsuguda,Kirmira,1,Arda,0,61.85,43.5,22.93,0,0,66.44,-4.59,1.77
Odisha,Jharsuguda,Kirmira,2,Bandhpali,0,24.08,16.7,7.37,0,0,24.08,0,0.24
Odisha,Jharsuguda,Kirmira,3,Bhimjore,0,49.44,29.8,19.64,0,0,49.44,0,4.09
Odisha,Jharsuguda,Kirmira,4,G.Panpali,0,27.74,25.45,2.27,0.02,0,27.74,0,0.88
Odisha,Jharsuguda,Kirmira,5,Jharmunda,0,72.33,36,36.34,0,0,72.34,-0.01,1.14
Odisha,Jharsuguda,Kirmira,6,Kirmira,0,16.34,16.3,0,0,0,16.3,0.03,3.47
Odisha,Jharsuguda,Kirmira,7,Naxapali,0,32.78,29.75,2.92,0,0,32.67,0.11,1.97
Odisha,Jharsuguda,Kirmira,8,Sulahi,0,43.43,36.8,6.71,0,0,43.51,-0.08,4.61
Odisha,Jharsuguda,Kirmira,,Total,0,327.97,234.3,98.2,0.02,0,332.52,-4.55,18.17
Odisha,Jharsuguda,Kirmira,,Block Level Line Deptt.,0,0,17.15,59.09,2.75,0,78.99,-78.99,3.2
Odisha,Jharsuguda,Kirmira,,Po,0,77.33,0,NA,NA,12.69,12.69,64.64,NA
Odisha,Jharsuguda,Kirmira,,Grand Total,0,405.3,251.45,157.29,2.77,12.69,424.2,-18.9,21.37
Odisha,Jharsuguda,Kolabira,1,Jhirlapali,0,71.47,41.46,27.48,2.51,0,71.45,0.02,0.23
Odisha,Jharsuguda,Kolabira,2,Keldamal,0,49.29,42.65,15.6,1.25,0,59.5,-10.2,2.27
Odisha,Jharsuguda,Kolabira,3,Kolabira,0,42.75,36.69,9.19,0.73,0,46.6,-3.85,0.83
Odisha,Jharsuguda,Kolabira,4,Kulihamal,0,56.76,34.28,22.03,2.04,0,58.34,-1.58,0.38
Odisha,Jharsuguda,Kolabira,5,Parmanpur,0,47.93,39.02,13.92,1.08,0,54.01,-6.08,3.08
Odisha,Jharsuguda,Kolabira,6,Pokhrasale,0,97.22,64.55,47.56,5.53,0,117.65,-20.43,0.73
Odisha,Jharsuguda,Kolabira,7,Raghunathpali,0,70.41,42.2,27.76,3.18,0,73.14,-2.73,0.18
Odisha,Jharsuguda,Kolabira,8,Samasingha,0,36.87,27.38,11.02,1.01,0,39.41,-2.54,2.32
Odisha,Jharsuguda,Kolabira,9,Sodamal,0,57.66,23.84,47.02,5.52,0,76.38,-18.72,0.55
Odisha,Jharsuguda,Kolabira,,Total,0,530.35,352.06,221.58,22.83,0,596.47,-66.12,10.57
Odisha,Jharsuguda,Kolabira,,Block Level Line Deptt.,0,0,42.96,24.17,0.6,0,67.73,-67.73,0.21
Odisha,Jharsuguda,Kolabira,,Po,0,82.59,0,NA,NA,13.89,13.89,68.7,NA
Odisha,Jharsuguda,Kolabira,,Grand Total,0,612.94,395.02,245.75,23.43,13.89,678.09,-65.15,10.78
Odisha,Jharsuguda,Laikera,1,Babuchhipidhi,0,33.57,30.86,4.05,0,0,34.9,-1.33,0.77
Odisha,Jharsuguda,Laikera,2,Bhatlaida,0,54.18,54.46,10.24,0,0,64.7,-10.52,0.19
Odisha,Jharsuguda,Laikera,3,Jammal,0,63.5,35.08,29.41,0,0,64.49,-1,0.7
Odisha,Jharsuguda,Laikera,4,Khuntamal,0,56.13,44.63,17.8,0,0,62.44,-6.3,0.4
Odisha,Jharsuguda,Laikera,5,Kulemura,0,42.01,41.42,0.38,0,0,41.79,0.22,0.23
Odisha,Jharsuguda,Laikera,6,Laikera,0,15.36,12.24,5.08,0,0,17.32,-1.96,0.21
Odisha,Jharsuguda,Laikera,7,Niktimal,0,33.05,33.45,9.6,0,0,43.06,-10,3.23
Odisha,Jharsuguda,Laikera,8,Pakelpada,0,37.7,24.62,13.16,0.05,0,37.83,-0.13,0
Odisha,Jharsuguda,Laikera,9,Sahaspur,0,69.83,58.56,11.37,0,0,69.93,-0.11,0.02
Odisha,Jharsuguda,Laikera,10,Sarangloi,0,16.61,16.75,6.47,0,0,23.21,-6.6,0.02
Odisha,Jharsuguda,Laikera,11,Tileimal,0,26.53,22.3,4.3,0,0,26.59,-0.06,0.07
Odisha,Jharsuguda,Laikera,,Total,0,448.47,374.35,111.87,0.05,0,486.28,-37.81,5.85
Odisha,Jharsuguda,Laikera,,Block Level Line Deptt.,0,0,14.75,12.42,0.62,0,27.79,-27.79,0.71
Odisha,Jharsuguda,Laikera,,Po,0,57.97,0,NA,NA,17.27,17.27,40.7,NA
Odisha,Jharsuguda,Laikera,,Grand Total,0,506.44,389.1,124.29,0.67,17.27,531.34,-24.9,6.56
Odisha,Jharsuguda,Lakhanpur,1,Attabira,0,61.06,58.81,2.25,0,0,61.06,0,0.14
Odisha,Jharsuguda,Lakhanpur,2,Badimal,0,29.72,26.6,3.06,0,0,29.66,0.07,0.35
Odisha,Jharsuguda,Lakhanpur,3,Baghmunda,0,29.2,28.99,0,0,0,28.99,0.21,0
Odisha,Jharsuguda,Lakhanpur,4,Bandhabahal,0,1.29,1.19,0.1,0,0,1.29,0,0.13
Odisha,Jharsuguda,Lakhanpur,5,Banjari,0,40.51,34.52,5.35,0.52,0,40.38,0.12,0.01
Odisha,Jharsuguda,Lakhanpur,6,Bhikampali,0,29.98,29.98,0,0,0,29.98,0,0.91
Odisha,Jharsuguda,Lakhanpur,7,Bhounrkhol,0,35.84,31.1,4.08,0.41,0,35.59,0.24,0.17
Odisha,Jharsuguda,Lakhanpur,8,Charpali,0,53.37,45.14,7.47,0.75,0,53.37,0,0.09
Odisha,Jharsuguda,Lakhanpur,9,Dalgaon,0,31.88,30.75,1.06,0.08,0,31.89,-0.02,2.16
Odisha,Jharsuguda,Lakhanpur,10,Jamgaon,0,32.63,27.62,4.14,1.15,0,32.91,-0.28,0.09
Odisha,Jharsuguda,Lakhanpur,11,Kadamdihi,0,38.51,35.87,2.55,0,0,38.42,0.1,0.08
Odisha,Jharsuguda,Lakhanpur,12,Kanaktora,0,30.47,30.47,3.03,0,0,33.5,-3.03,0.46
Odisha,Jharsuguda,Lakhanpur,13,Kandheikela,0,41.68,38.54,3.37,0,0,41.91,-0.23,0.16
Odisha,Jharsuguda,Lakhanpur,14,Katarbaga,0,35.58,27.3,7.4,0.88,0,35.58,0,0.23
Odisha,Jharsuguda,Lakhanpur,15,Kudaloi,0,21,20.02,0.94,0,0,20.96,0.05,0.03
Odisha,Jharsuguda,Lakhanpur,16,Kumarbandh,0,26.8,27.44,8.11,0.49,0,36.04,-9.24,0.07
Odisha,Jharsuguda,Lakhanpur,17,Kushraloi,0,14.78,9.83,4.53,0.42,0,14.78,0,0.16
Odisha,Jharsuguda,Lakhanpur,18,Lakhanpur,0,21.9,19.66,9.64,0.62,0,29.93,-8.02,0.44
Odisha,Jharsuguda,Lakhanpur,19,Machida,0,35.53,26.75,8.77,0.02,0,35.53,0,0.04
Odisha,Jharsuguda,Lakhanpur,20,Palsada,0,52.11,42.82,8.52,0.76,0,52.1,0.02,0.21
Odisha,Jharsuguda,Lakhanpur,21,Panchagaon,0,33.3,18.6,14.67,0,0,33.27,0.03,0.03
Odisha,Jharsuguda,Lakhanpur,22,Pandari,0,28.96,23.05,8.4,0.51,0,31.95,-3,0.03
Odisha,Jharsuguda,Lakhanpur,23,Piplikani,0,30.86,27.1,6.44,0.33,0,33.88,-3.02,0.08
Odisha,Jharsuguda,Lakhanpur,24,Piplimal,0,36.63,25.31,10.8,0.52,0,36.63,0,0.02
Odisha,Jharsuguda,Lakhanpur,25,Pithinda,0,20.66,21.06,0,0,0,21.06,-0.39,0.44
Odisha,Jharsuguda,Lakhanpur,26,Rampella,0,24.46,17.83,6.15,0.48,0,24.46,0,0.12
Odisha,Jharsuguda,Lakhanpur,27,Remenda,0,19.78,18.44,1.19,0.14,0,19.78,0,0.53
Odisha,Jharsuguda,Lakhanpur,28,Remta,0,43.34,39.81,3.53,0,0,43.34,0,0.97
Odisha,Jharsuguda,Lakhanpur,29,Samarbaga,0,37.13,28.01,13.95,0.77,0,42.74,-5.61,0.01
Odisha,Jharsuguda,Lakhanpur,30,Sarandamal,0,31.79,30.81,0.97,0,0,31.78,0.01,0
Odisha,Jharsuguda,Lakhanpur,31,Sunari,0,27.64,27.63,0,0,0,27.63,0.01,0.23
Odisha,Jharsuguda,Lakhanpur,32,Telenpali,0,8.67,8.64,0,0,0,8.64,0.03,0.14
Odisha,Jharsuguda,Lakhanpur,33,Tilia,0,16.81,18.6,4.13,0.34,0,23.06,-6.26,0.16
Odisha,Jharsuguda,Lakhanpur,,Total,0,1023.89,898.3,154.58,9.21,0,1062.09,-38.21,8.72
Odisha,Jharsuguda,Lakhanpur,,Block Level Line Deptt.,-0.03,-0.03,6.21,22.85,0.53,0,29.59,-29.62,0.22
Odisha,Jharsuguda,Lakhanpur,,Po,0,85.35,0,NA,NA,38.96,38.96,46.39,NA
Odisha,JHARSUGUDA,Lakhanpur,,Grand Total,-0.03,1109.21,904.51,177.43,9.74,38.96,1130.64,-21.44,8.94
Odisha,kalahandi,Bhawanipatna,1,Artal,0,27.64,27.61,0,0,0,27.61,0.02,1.01
Odisha,kalahandi,Bhawanipatna,2,Borbhata,0,18.81,11.58,7.03,0.1,0,18.71,0.1,0.15
Odisha,kalahandi,Bhawanipatna,3,Borda,0,30.18,20.2,9.94,0,0,30.14,0.04,0.36
Odisha,kalahandi,Bhawanipatna,4,Chahagaon,0,17.11,13.15,3.96,0,0,17.11,0,0.44
Odisha,kalahandi,Bhawanipatna,5,Chancher,0,8.03,7.11,0.86,0,0,7.97,0.06,0.3
Odisha,kalahandi,Bhawanipatna,6,Chheliamal,0,13.38,13.78,0,0,0,13.78,-0.4,0.68
Odisha,kalahandi,Bhawanipatna,7,Dadpur,0,7,5.81,1.19,0,0,7,0,0.02
Odisha,kalahandi,Bhawanipatna,8,Dey Pur,0,7.77,7.77,0,0,0,7.77,0,0.04
Odisha,kalahandi,Bhawanipatna,9,Duarsuni,0,41.04,25.92,15,0,0,40.92,0.13,0.06
Odisha,kalahandi,Bhawanipatna,10,Dumuria,0,10.41,10.12,0,0,0,10.12,0.28,0.03
Odisha,kalahandi,Bhawanipatna,11,Gand Barajhola,0,19.48,10.95,8.53,0,0,19.48,0,0.51
Odisha,kalahandi,Bhawanipatna,12,Gudialipadar,0,5.59,1.4,4.18,0,0,5.58,0.01,0.55
Odisha,kalahandi,Bhawanipatna,13,Gurjang,0,39.66,19.03,20.6,0,0,39.62,0.04,0.02
Odisha,kalahandi,Bhawanipatna,14,Jugsaipatna,0,21.72,19.42,1.76,0,0,21.18,0.54,0.48
Odisha,kalahandi,Bhawanipatna,15,Kalam,0,20.36,8.23,11.99,0,0,20.22,0.14,1.68
Odisha,kalahandi,Bhawanipatna,16,Kamthana,0,9.43,5.99,3.41,0,0,9.39,0.03,0.06
Odisha,kalahandi,Bhawanipatna,17,Karla Pada,0,13.28,11.56,1.71,0,0,13.26,0.02,0.88
Odisha,kalahandi,Bhawanipatna,18,Karlaguda,0,9.94,7.24,2.69,0,0,9.94,0,0.12
Odisha,kalahandi,Bhawanipatna,19,Kendupati,0,9.1,9.26,0,0,0,9.26,-0.16,0.12
Odisha,kalahandi,Bhawanipatna,20,Kuliamal,0,3.86,3.45,0,0,0,3.45,0.41,0.34
Odisha,kalahandi,Bhawanipatna,21,Kutrukhamar,0,7.35,5.5,1.98,0,0,7.48,-0.13,0.29
Odisha,kalahandi,Bhawanipatna,22,Laxmipur,0,5.26,4,0.92,0,0,4.92,0.34,0.02
Odisha,kalahandi,Bhawanipatna,23,Madiguda,0,26.83,12.29,14.54,0,0,26.82,0,0.5
Odisha,kalahandi,Bhawanipatna,24,Malgaon,0,9.31,8.45,0.81,0,0,9.26,0.05,0.19
Odisha,kalahandi,Bhawanipatna,25,Matia,0,5.5,3.11,2.36,0,0,5.47,0.03,0.01
Odisha,kalahandi,Bhawanipatna,26,Medinipur,0,3.1,0.76,2.34,0,0,3.1,0,0.1
Odisha,kalahandi,Bhawanipatna,27,Palana,0,11.45,11.42,0,0,0,11.42,0.02,0.74
Odisha,kalahandi,Bhawanipatna,28,Palisijharan,0,8.62,8.25,0.34,0,0,8.6,0.02,1.89
Odisha,kalahandi,Bhawanipatna,29,Risigaon,0,13.42,7.85,5.58,0,0,13.42,0,0
Odisha,kalahandi,Bhawanipatna,30,Sagada,0,38.34,26.73,11.6,0,0,38.33,0.02,1.02
Odisha,kalahandi,Bhawanipatna,31,Seinpur,0,21.54,13.07,8.46,0,0,21.52,0.02,0.03
Odisha,kalahandi,Bhawanipatna,32,Sikuan,0,11.4,5.32,6.37,0,0,11.69,-0.29,3.7
Odisha,kalahandi,Bhawanipatna,33,Sripur,0,10.92,4.77,6.33,0,0,11.1,-0.17,0.69
Odisha,kalahandi,Bhawanipatna,34,Talbelgaon,0,9.4,7.59,1.91,0,0,9.5,-0.1,0.15
Odisha,kalahandi,Bhawanipatna,35,Thuapadar,0,8.45,7.37,1.18,0,0,8.54,-0.09,0.15
Odisha,kalahandi,Bhawanipatna,36,Udeypur,0,3.51,3.47,0.07,0,0,3.54,-0.03,0.06
Odisha,kalahandi,Bhawanipatna,,Total,0,528.2,369.52,157.64,0.1,0,527.25,0.94,17.39
Odisha,kalahandi,Bhawanipatna,,Block Level Line Deptt.,1,1,548.51,56.87,0,0,605.38,-604.38,25.87
Odisha,kalahandi,Bhawanipatna,,Po,0,644.17,0,NA,NA,39.72,39.72,604.45,NA
Odisha,kalahandi,Bhawanipatna,,Grand Total,1,1173.37,918.03,214.51,0.1,39.72,1172.35,1.01,43.26
Odisha,kalahandi,Dharamagarh,1,Bada Ghumer,0,1.51,0.94,0.57,0,0,1.51,0,0.06
Odisha,kalahandi,Dharamagarh,2,Badabasul,0,1.8,1.04,0.77,0,0,1.81,-0.01,0
Odisha,kalahandi,Dharamagarh,3,Badfurla,0,1.06,1.07,0,0,0,1.07,-0.01,0
Odisha,kalahandi,Dharamagarh,4,Bagad,0,0.25,0.28,0,0,0,0.28,-0.02,0
Odisha,kalahandi,Dharamagarh,5,Behera,0,1.51,0.54,0.97,0,0,1.51,0,0.02
Odisha,kalahandi,Dharamagarh,6,Boden,0,3,2.4,0.6,0,0,3,0,0.02
Odisha,kalahandi,Dharamagarh,7,Brahmanchhendia,0,2.13,2.11,0,0,0,2.11,0.02,0.07
Odisha,kalahandi,Dharamagarh,8,Chhanchanbahali,0,3.46,3.43,0.03,0,0,3.46,0,0.02
Odisha,kalahandi,Dharamagarh,9,Chhilpa,0,0.74,0.71,0,0,0,0.71,0.02,0.02
Odisha,kalahandi,Dharamagarh,10,Dhanar Pur,0,4.35,3.59,0.59,0,0,4.18,0.17,0.06
Odisha,kalahandi,Dharamagarh,11,Dumerguda,0,20.44,8.88,11.5,0,0,20.39,0.06,0.14
Odisha,kalahandi,Dharamagarh,12,Godiajore,0,4.94,4.56,0.27,0,0,4.82,0.11,0.11
Odisha,kalahandi,Dharamagarh,13,Jayant Pur,0,0.99,0.11,0.88,0,0,0.99,0,0
Odisha,kalahandi,Dharamagarh,14,Kadalimunda,0,4.85,4.73,0.12,0,0,4.85,0,0.07
Odisha,kalahandi,Dharamagarh,15,Kanagaon,0,5.03,2.52,2.51,0,0,5.03,0,0.01
Odisha,kalahandi,Dharamagarh,16,Kankeri,0,7.05,4.73,2.29,0,0,7.02,0.03,0.02
Odisha,kalahandi,Dharamagarh,17,Khair Padar,0,4.73,3.13,1.6,0,0,4.73,0,0
Odisha,kalahandi,Dharamagarh,18,Nandagaon,0,0.44,0.32,0.12,0,0,0.44,0,0.04
Odisha,kalahandi,Dharamagarh,19,Parla,0,1.3,1.2,0.1,0,0,1.3,0,0
Odisha,kalahandi,Dharamagarh,20,Sandhikulihari,0,3.41,2.21,1.2,0,0,3.41,0,0
Odisha,kalahandi,Dharamagarh,21,Tambachhada,0,7.46,6.23,1.16,0,0,7.39,0.07,0.06
Odisha,kalahandi,Dharamagarh,22,Tarapur,0,6.92,5.37,1.37,0,0,6.75,0.18,0
Odisha,kalahandi,Dharamagarh,23,Tendapali,0,0.55,0.21,0.31,0,0,0.53,0.03,0
Odisha,kalahandi,Dharamagarh,24,Tipiguda,0,11.46,5.65,5.8,0,0,11.45,0.01,0.01
Odisha,kalahandi,Dharamagarh,,Total,0,99.37,65.96,32.76,0,0,98.72,0.65,0.72
Odisha,kalahandi,Dharamagarh,,Block Level Line Deptt.,0.99,0.99,459.26,36.34,0,0,495.6,-494.61,4.28
Odisha,kalahandi,Dharamagarh,,Po,0,531.55,0,NA,NA,27.9,27.9,503.65,NA
Odisha,kalahandi,Dharamagarh,,Grand Total,0.99,631.91,525.22,69.1,0,27.9,622.22,9.69,5
Odisha,kalahandi,Golamunda,1,Badchergaon,0,2.65,2.54,0,0,0,2.54,0.11,0.05
Odisha,kalahandi,Golamunda,2,Bordi,0,4.17,3.63,0.54,0,0,4.17,0,0.13
Odisha,kalahandi,Golamunda,3,Borguda,0,45.39,38.3,6.97,0,0,45.27,0.12,0.33
Odisha,kalahandi,Golamunda,4,Brundabahal,0,11.35,11.79,2.61,0,0,14.4,-3.05,0.45
Odisha,kalahandi,Golamunda,5,Chahaka,0,7.83,6.84,0.96,0,0,7.8,0.02,0.64
Odisha,kalahandi,Golamunda,6,Chapria,0,12.01,8.95,3.07,0,0,12.02,-0.02,0.95
Odisha,kalahandi,Golamunda,7,Chichia,0,6.72,4.42,2.15,0,0,6.58,0.15,0
Odisha,kalahandi,Golamunda,8,Daspur,0,14.76,13.25,1.65,0,0,14.9,-0.14,0.27
Odisha,kalahandi,Golamunda,9,Dhamanpur,0,12.67,8.67,3.43,0,0,12.1,0.57,0.14
Odisha,kalahandi,Golamunda,10,Farang,0,14.36,11.86,1.08,0.05,0,12.99,1.37,0.67
Odisha,kalahandi,Golamunda,11,Funda,0,47.64,34.05,11.86,0,0,45.91,1.72,0.09
Odisha,kalahandi,Golamunda,12,Gandamer,0,10.26,6.92,3.23,0,0,10.15,0.11,1.35
Odisha,kalahandi,Golamunda,13,Golamunda,0,31.16,26.11,4.94,0,0,31.06,0.11,0.42
Odisha,kalahandi,Golamunda,14,Kegaon,0,14.48,10.62,3.73,0,0,14.35,0.13,0.14
Odisha,kalahandi,Golamunda,15,Khaliakani,0,38.45,27.18,11.28,0,0,38.45,0,0.22
Odisha,kalahandi,Golamunda,16,Khaliapalli,0,35.95,29.33,6.5,0.09,0,35.93,0.03,0.76
Odisha,kalahandi,Golamunda,17,Khamarhaldi,0,2.88,2.88,0,0,0,2.88,0,0.09
Odisha,kalahandi,Golamunda,18,Kuhura,0,15.52,14.9,0.62,0,0,15.52,0,0.21
Odisha,kalahandi,Golamunda,19,Leter,0,39.34,22.89,16.12,0.29,0,39.31,0.03,0.54
Odisha,kalahandi,Golamunda,20,Mahaling,0,12.59,9.21,2.09,0,0,11.3,1.29,0.69
Odisha,kalahandi,Golamunda,21,Manjhari,0,34.71,23.96,9.12,0.02,0,33.1,1.62,0.51
Odisha,kalahandi,Golamunda,22,Naktikani,0,36.47,23.15,13.28,0,0,36.43,0.04,0.68
Odisha,kalahandi,Golamunda,23,Nuagaon,0,17.12,15.74,1.1,0,0,16.84,0.28,1.46
Odisha,kalahandi,Golamunda,24,Rengaspali,0,73.48,54.33,18.98,0,0,73.31,0.17,0.78
Odisha,kalahandi,Golamunda,25,Sinapalli,0,11.53,9.84,1.69,0,0,11.53,0,0.86
Odisha,kalahandi,Golamunda,26,Temari,0,15.17,12.5,2.96,0,0,15.47,-0.29,0.2
Odisha,kalahandi,Golamunda,27,Uchhala,0,14.71,14.26,0.25,0,0,14.51,0.2,2
Odisha,kalahandi,Golamunda,28,Udeshrunga,0,16.35,13.12,3.84,0,0,16.96,-0.62,0.34
Odisha,kalahandi,Golamunda,,Total,0,599.75,461.27,134.06,0.46,0,595.8,3.96,14.96
Odisha,kalahandi,Golamunda,,Block Level Line Deptt.,-48.3,-48.3,353.53,74.31,8.03,0,435.88,-484.18,20.7
Odisha,kalahandi,Golamunda,,Po,0,467.37,0,NA,NA,30.66,30.66,436.71,NA
Odisha,kalahandi,Golamunda,,Grand Total,-48.3,1018.82,814.8,208.37,8.49,30.66,1062.34,-43.51,35.66
Odisha,kalahandi,Jayapatna,1,Ainlabhata,0,2.97,3.22,1.43,0,0,4.64,-1.67,1.56
Odisha,kalahandi,Jayapatna,2,Bad Pujariguda,0,21.13,8.66,12.86,0,0,21.52,-0.4,0.35
Odisha,kalahandi,Jayapatna,3,Badatemri,0,26.18,16.4,11.12,0,0,27.52,-1.34,0.67
Odisha,kalahandi,Jayapatna,4,Badkarlakote,0,10.11,7.23,8.32,0,0,15.55,-5.44,0.2
Odisha,kalahandi,Jayapatna,5,Bandigaon,0,1.04,1.7,2.14,0,0,3.85,-2.8,0.46
Odisha,kalahandi,Jayapatna,6,Baner,0,6.22,4.83,2.89,0,0,7.71,-1.49,0.12
Odisha,kalahandi,Jayapatna,7,Bhainripali,0,40.45,10.24,30.33,0,0,40.58,-0.12,0.91
Odisha,kalahandi,Jayapatna,8,Bhejiguda,0,1.21,1.23,0,0,0,1.23,-0.02,0.03
Odisha,kalahandi,Jayapatna,9,Dhansuli,0,20.14,8.38,15.52,0,0,23.89,-3.75,0.1
Odisha,kalahandi,Jayapatna,10,Hirapur,0,8.07,4.98,3.08,0,0,8.07,0,0.28
Odisha,kalahandi,Jayapatna,11,Jayapatna,0,20.82,5.22,21.29,0,0,26.5,-5.68,0.35
Odisha,kalahandi,Jayapatna,12,Khaliabhata,0,5.26,4.16,1.07,0,0,5.22,0.04,2.45
Odisha,kalahandi,Jayapatna,13,Kuchagaon,0,12.08,2.48,11,0,0,13.48,-1.4,1.45
Odisha,kalahandi,Jayapatna,14,Mangalpur,0,14.86,7.96,10.23,0,0,18.19,-3.33,0.24
Odisha,kalahandi,Jayapatna,15,Mukhiguda,0,6.57,2.77,8.58,0,0,11.35,-4.78,0.12
Odisha,kalahandi,Jayapatna,16,Paik Kendumundi,0,17.4,7.34,13.51,0,0,20.85,-3.46,0.26
Odisha,kalahandi,Jayapatna,17,Pratap Pure,0,14.17,11.3,7.95,0,0,19.25,-5.07,1.24
Odisha,kalahandi,Jayapatna,18,Ranmal,0,12.28,5.1,10.07,0,0,15.17,-2.9,0.16
Odisha,kalahandi,Jayapatna,19,Rengapali,0,22.69,6.36,16.48,0,0,22.83,-0.15,0.52
Odisha,kalahandi,Jayapatna,20,Sargiguda,0,24.53,10.86,13.57,0,0,24.43,0.1,0.07
Odisha,kalahandi,Jayapatna,21,Sindhikaguda,0,0.04,0.04,0,0,0,0.04,0,0.13
Odisha,kalahandi,Jayapatna,22,Uchhala,0,21.29,14.82,6.65,0,0,21.46,-0.17,1.71
Odisha,kalahandi,Jayapatna,,Total,0,309.51,145.27,208.08,0,0,353.35,-43.84,13.39
Odisha,kalahandi,Jayapatna,,Block Level Line Deptt.,0.54,0.54,576.83,51.07,0,0,627.9,-627.36,34.42
Odisha,kalahandi,Jayapatna,,Po,-0.53,704.03,0,NA,NA,24.38,24.38,679.65,NA
Odisha,kalahandi,Jayapatna,,Grand Total,0.01,1014.08,722.1,259.15,0,24.38,1005.63,8.45,47.81
Odisha,kalahandi,Junagarh,1,Atigaon,0,3.23,2.99,0.23,0,0,3.23,0,0
Odisha,kalahandi,Junagarh,2,Baldiamal,0,3.28,1.46,1.81,0,0,3.26,0.02,0
Odisha,kalahandi,Junagarh,3,Bankapalash,0,4.16,3.96,0.17,0,0,4.12,0.03,0.03
Odisha,kalahandi,Junagarh,4,Bauxi-Tulasipalli,0,2.06,1.8,0.08,0,0,1.89,0.17,0.11
Odisha,kalahandi,Junagarh,5,Benijara,0,2.13,1.38,0.71,0,0,2.09,0.03,0.01
Odisha,kalahandi,Junagarh,6,Bhainriguda,0,4.48,4.28,0.2,0,0,4.48,0,0
Odisha,kalahandi,Junagarh,7,Budhidarah,0,11.3,6.31,4.33,0.48,0,11.12,0.18,0.12
Odisha,kalahandi,Junagarh,8,Charbahal,0,9.06,5.79,2.97,0.19,0,8.95,0.11,0.1
Odisha,kalahandi,Junagarh,9,Charbhati,0,6.08,5.83,0.23,0,0,6.06,0.02,0.02
Odisha,kalahandi,Junagarh,10,Chhorigarh,0,6.28,6.06,0.27,0,0,6.33,-0.04,0.03
Odisha,kalahandi,Junagarh,11,Chicheiguda,0,3.07,1.83,1.04,0.15,0,3.02,0.05,0.01
Odisha,kalahandi,Junagarh,12,Chingudisar,0,3.71,3.61,0.06,0,0,3.67,0.03,0.04
Odisha,kalahandi,Junagarh,13,Dasigaon,0,0.77,0.77,0,0,0,0.77,0,0
Odisha,kalahandi,Junagarh,14,Deydarah,0,3.04,2.07,0.95,0,0,3.03,0.01,0.01
Odisha,kalahandi,Junagarh,15,Dundelmal,0,5.53,4.69,0.84,0,0,5.53,0,0.02
Odisha,kalahandi,Junagarh,16,Goud Chhendia,0,8.4,6.49,1.63,0.19,0,8.31,0.09,0.6
Odisha,kalahandi,Junagarh,17,Habaspur,0,1.63,1.46,0.14,0,0,1.6,0.02,0.03
Odisha,kalahandi,Junagarh,18,Kaleigaon,0,1.27,1.16,0.03,0,0,1.19,0.08,0.08
Odisha,kalahandi,Junagarh,19,Kaliakundal,0,1.99,2.05,0,0,0,2.05,-0.05,0
Odisha,kalahandi,Junagarh,20,Kalopalla,0,1.51,1.46,0.05,0,0,1.51,0,0
Odisha,kalahandi,Junagarh,21,Kendupati,0,1.47,1.33,0.11,0,0,1.45,0.02,0.02
Odisha,kalahandi,Junagarh,22,Mahichala,0,1.38,0.75,0.53,0.09,0,1.38,0,0
Odisha,kalahandi,Junagarh,23,Maliguda,0,0.43,0.37,0.05,0,0,0.43,0,0.11
Odisha,kalahandi,Junagarh,24,Matigaon,0,3.01,2.94,0.02,0,0,2.96,0.05,0.13
Odisha,kalahandi,Junagarh,25,Meriabandhli,0,5.26,3.19,2.05,0.02,0,5.26,0,0.05
Odisha,kalahandi,Junagarh,26,Mundraguda,0,1.83,0.91,0.93,0,0,1.83,0,0
Odisha,kalahandi,Junagarh,27,Naktiguda,0,5.47,4.3,1.06,0.11,0,5.47,0,0
Odisha,kalahandi,Junagarh,28,Nandol,0,1.32,1.22,0.1,0.01,0,1.32,0,0.05
Odisha,kalahandi,Junagarh,29,Palash,0,5.97,3.64,2.33,0,0,5.97,0,0.03
Odisha,kalahandi,Junagarh,30,Pilikia,0,0.1,0.05,0.05,0,0,0.1,0,0
Odisha,kalahandi,Junagarh,31,Rajpur,0,0.28,0.28,0,0,0,0.28,0,0.02
Odisha,kalahandi,Junagarh,32,S.Kundamal,0,1.95,1.38,0.56,0,0,1.95,0,0
Odisha,kalahandi,Junagarh,33,Taljaring,0,7.56,6.93,0.31,0,0,7.25,0.31,0.23
Odisha,kalahandi,Junagarh,34,Talmala,0,9.23,9.04,0.09,0,0,9.14,0.09,0.09
Odisha,kalahandi,Junagarh,,Total,0,128.25,101.8,23.98,1.24,0,127.01,1.24,1.96
Odisha,kalahandi,Junagarh,,Block Level Line Deptt.,0,0,587.92,59.91,4.32,0,652.16,-652.16,5.61
Odisha,kalahandi,Junagarh,,Po,0,694.93,0,NA,NA,33.94,33.94,660.99,NA
Odisha,kalahandi,Junagarh,,Grand Total,0,823.18,689.72,83.89,5.56,33.94,813.11,10.07,7.57
Odisha,kalahandi,Kalampur,1,Badakuturu,0,8.86,6.03,2.79,0,0,8.82,0.04,0.13
Odisha,kalahandi,Kalampur,2,Bijamara,0,6.23,3.87,3.06,0,0,6.93,-0.7,0.09
Odisha,kalahandi,Kalampur,3,Bndahakona,0,8.1,7.84,0.25,0,0,8.1,0,0.12
Odisha,kalahandi,Kalampur,4,Deypur,0,10.38,3.69,6.24,0.45,0,10.38,0,0.04
Odisha,kalahandi,Kalampur,5,Haramal,0,4.69,3.13,1.53,0,0,4.66,0.02,0
Odisha,kalahandi,Kalampur,6,Kalampur,0,25.38,11.41,19.52,0.01,0,30.95,-5.57,0.06
Odisha,kalahandi,Kalampur,7,Kotagaon,0,2.82,1.68,2.86,0,0,4.55,-1.73,0.02
Odisha,kalahandi,Kalampur,8,Mandal,0,1.55,1.75,2.47,0,0,4.22,-2.67,0.01
Odisha,kalahandi,Kalampur,9,Mingur,0,4.67,3.55,1.1,0,0,4.65,0.03,0.13
Odisha,kalahandi,Kalampur,10,Nuagaon,0,4.65,2.14,2.52,0,0,4.65,0,0.02
Odisha,kalahandi,Kalampur,11,Pandgaon,0,7.76,6.26,3.62,0,0,9.89,-2.12,0.12
Odisha,kalahandi,Kalampur,,Total,0,85.09,51.36,45.97,0.47,0,97.79,-12.7,0.73
Odisha,kalahandi,Kalampur,,Block Level Line Deptt.,-0.02,-0.02,185.74,19.88,0,0,205.61,-205.63,1.74
Odisha,kalahandi,Kalampur,,Po,0,239.92,0,NA,NA,12.43,12.43,227.49,NA
Odisha,kalahandi,Kalampur,,Grand Total,-0.02,324.99,237.1,65.85,0.47,12.43,315.83,9.16,2.47
Odisha,kalahandi,Karlamunda,1,Borpadar,0,63.51,31.9,31.16,0.44,0,63.49,0.02,0.84
Odisha,kalahandi,Karlamunda,2,Gajbahal,0,3.23,2.5,0.59,0,0,3.09,0.15,0.01
Odisha,kalahandi,Karlamunda,3,Joradobra,0,0.2,0.2,0,0,0,0.2,0,0
Odisha,kalahandi,Karlamunda,4,Karlamunda,0,13.2,11.94,1,0,0,12.95,0.26,0.17
Odisha,kalahandi,Karlamunda,5,Pourkella,0,1.77,1.77,0,0,0,1.77,0,0.04
Odisha,kalahandi,Karlamunda,6,Rajpur,0,2.81,1.99,0.73,0,0,2.72,0.1,0.02
Odisha,kalahandi,Karlamunda,7,Regeda,0,2.9,2.85,0,0,0,2.85,0.04,0.01
Odisha,kalahandi,Karlamunda,8,Rinja,0,0.3,0.31,0,0,0,0.31,-0.01,0.06
Odisha,kalahandi,Karlamunda,9,Risida,0,0.91,0.91,0,0,0,0.91,0,0
Odisha,kalahandi,Karlamunda,10,Saplohara,0,3.61,2.86,0.71,0,0,3.57,0.03,0.03
Odisha,kalahandi,Karlamunda,11,Sargulmal Pada,0,42.56,11.24,31.38,0,0,42.62,-0.06,0.7
Odisha,kalahandi,Karlamunda,12,Teresinga,0,5.41,5.23,0.18,0,0,5.41,0,0.24
Odisha,kalahandi,Karlamunda,,Total,0,140.41,73.71,65.74,0.44,0,139.88,0.53,2.13
Odisha,kalahandi,Karlamunda,,Block Level Line Deptt.,-9.88,-9.88,159.8,31.57,0,0,191.38,-201.26,4.9
Odisha,kalahandi,Karlamunda,,Po,0,210.09,0,NA,NA,17.96,17.96,192.13,NA
Odisha,kalahandi,Karlamunda,,Grand Total,-9.88,340.62,233.51,97.31,0.44,17.96,349.22,-8.6,7.03
Odisha,kalahandi,Kesinga,1,Adhomunda,0,11.34,10.6,0.62,0.07,0,11.29,0.05,0.02
Odisha,kalahandi,Kesinga,2,Balsi,0,36.48,22.72,12.89,0.74,0,36.36,0.11,0.4
Odisha,kalahandi,Kesinga,3,Belkhandi,0,15.1,13.5,1.38,0.19,0,15.06,0.04,0.09
Odisha,kalahandi,Kesinga,4,Boria,0,18.71,14.89,3.44,0.39,0,18.72,-0.01,0.18
Odisha,kalahandi,Kesinga,5,Chancher,0,18.86,18.57,0,0,0,18.56,0.29,0.61
Odisha,kalahandi,Kesinga,6,Deogaon,0,24.37,21.57,2.57,0.2,0,24.34,0.02,0.32
Odisha,kalahandi,Kesinga,7,Gokuleswar,0,8.44,7.5,0.91,0,0,8.41,0.02,0.43
Odisha,kalahandi,Kesinga,8,Hatikhoj,0,25.65,18.97,6.4,0.26,0,25.64,0.01,0.59
Odisha,kalahandi,Kesinga,9,Kandel,0,23.8,19.86,3.73,0.14,0,23.73,0.08,0.38
Odisha,kalahandi,Kesinga,10,Kantesir,0,24.99,21.23,3.48,0.24,0,24.96,0.03,0.4
Odisha,kalahandi,Kesinga,11,Kasrupada,0,17.63,16.44,0.84,0,0,17.27,0.35,0.06
Odisha,kalahandi,Kesinga,12,Kikia,0,17.78,16,1.63,0.14,0,17.76,0.02,0.16
Odisha,kalahandi,Kesinga,13,Kirokuda-(Gaigaon),0,17.89,17.94,0,0,0,17.94,-0.04,0.39
Odisha,kalahandi,Kesinga,14,Kundabandh,0,6.83,5.9,0.85,0,0,6.75,0.08,0.1
Odisha,kalahandi,Kesinga,15,Laitara,0,9.54,9.52,0,0,0,9.52,0.02,0.14
Odisha,kalahandi,Kesinga,16,Nashigaon,0,17.6,14.06,3.14,0.4,0,17.6,0,0.01
Odisha,kalahandi,Kesinga,17,Nunmath,0,13.26,12.61,0.48,0.02,0,13.11,0.15,0.31
Odisha,kalahandi,Kesinga,18,Parlasingh,0,21.66,18.71,2.7,0.1,0,21.51,0.15,0.15
Odisha,kalahandi,Kesinga,19,Pastikudi,0,19.33,18.83,0,0,0,18.83,0.51,0
Odisha,kalahandi,Kesinga,20,Patharla,0,19.37,17.55,1.61,0.15,0,19.31,0.06,0.21
Odisha,kalahandi,Kesinga,21,Phatkamal,0,14.04,13.16,0,0,0,13.16,0.88,0
Odisha,kalahandi,Kesinga,22,Sirjapalli,0,14.33,13.55,0.58,0.07,0,14.2,0.14,0.05
Odisha,kalahandi,Kesinga,23,Sirol,0,15.58,14.02,1.44,0.09,0,15.55,0.03,0.06
Odisha,kalahandi,Kesinga,24,Tundala,0,16.04,12.77,2.87,0.17,0,15.81,0.23,0.26
Odisha,kalahandi,Kesinga,25,Turlakhaman,0,7.98,7.58,0.1,0,0,7.68,0.3,0.11
Odisha,kalahandi,Kesinga,26,Utkella,0,29.84,28.75,0.93,0.11,0,29.79,0.05,0.64
Odisha,kalahandi,Kesinga,,Total,0,466.43,406.75,52.61,3.48,0,462.84,3.59,6.09
Odisha,kalahandi,Kesinga,,Block Level Line Deptt.,-48.82,-48.82,65.19,11.26,1.11,0,77.57,-126.39,0.77
Odisha,kalahandi,Kesinga,,Po,0,109.49,0,NA,NA,28.84,28.84,80.65,NA
Odisha,kalahandi,Kesinga,,Grand Total,-48.82,527.1,471.94,63.87,4.59,28.84,569.25,-42.15,6.86
Odisha,kalahandi,Kokasara,1,Ampani,0,32.09,13.03,19.05,0,0,32.09,0,0.42
Odisha,kalahandi,Kokasara,2,Badpoda Guda,0,24.17,16.2,7.89,0,0,24.09,0.08,0.42
Odisha,kalahandi,Kokasara,3,Baradonga,0,24.07,14.1,9.96,0,0,24.07,0,0.45
Odisha,kalahandi,Kokasara,4,Dahagaon,0,3.39,2.81,0.62,0,0,3.43,-0.04,0.07
Odisha,kalahandi,Kokasara,5,Dalguma,0,26.38,18.88,7.49,0,0,26.36,0.01,0.08
Odisha,kalahandi,Kokasara,6,Dudukathenga,0,14.81,6.54,8.22,0,0,14.76,0.06,0.35
Odisha,kalahandi,Kokasara,7,Gambhariguda,0,10.7,6.09,4.63,0,0,10.72,-0.02,0.06
Odisha,kalahandi,Kokasara,8,Gotamunda,0,3.09,2.17,0.93,0,0,3.09,0,0.08
Odisha,kalahandi,Kokasara,9,Kandhabutara,0,6.6,2.13,4.48,0,0,6.6,0,0.37
Odisha,kalahandi,Kokasara,10,Kashibahal,0,5.5,3.09,2.4,0,0,5.5,0,0.18
Odisha,kalahandi,Kokasara,11,Kaudola,0,10.16,7.15,3.02,0,0,10.16,0,0.09
Odisha,kalahandi,Kokasara,12,Khuntia,0,4.05,3.64,0.44,0,0,4.07,-0.02,0.34
Odisha,kalahandi,Kokasara,13,Koksara,0,49.65,20.25,29.41,0,0,49.65,0,0.34
Odisha,kalahandi,Kokasara,14,Ladugan,0,27.13,13.84,13.39,0,0,27.23,-0.1,0.63
Odisha,kalahandi,Kokasara,15,Mahima,0,4.67,2.86,1.82,0,0,4.67,0,0.07
Odisha,kalahandi,Kokasara,16,Majhiguda,0,2.53,1.79,0.74,0,0,2.53,0,0.02
Odisha,kalahandi,Kokasara,17,Moter,0,16.66,6.87,9.32,0,0,16.2,0.46,0.42
Odisha,kalahandi,Kokasara,18,Musapali,0,4.15,2.66,1.49,0,0,4.15,0,0.4
Odisha,kalahandi,Kokasara,19,Phupgaon,0,11.47,4.68,6.81,0,0,11.49,-0.02,0.45
Odisha,kalahandi,Kokasara,20,Podaguda,0,12.91,5.17,7.78,0,0,12.95,-0.03,0.01
Odisha,kalahandi,Kokasara,21,Rengalipali,0,5.5,3.87,1.55,0,0,5.42,0.08,0.01
Odisha,kalahandi,Kokasara,22,Temra,0,6.54,5.4,1.13,0,0,6.54,0.01,0.07
Odisha,kalahandi,Kokasara,,Total,0,306.23,163.22,142.55,0,0,305.77,0.46,5.32
Odisha,kalahandi,Kokasara,,Block Level Line Deptt.,8.37,8.37,361.35,8.7,0,0,370.06,-361.69,14.4
Odisha,kalahandi,Kokasara,,Po,0,397.07,0,NA,NA,21.47,21.47,375.6,NA
Odisha,kalahandi,Kokasara,,Grand Total,8.37,711.67,524.57,151.25,0,21.47,697.3,14.37,19.72
Odisha,kalahandi,Lanjigarh,1,Bandhpari,0,22.93,11.34,6.92,0,0,18.26,4.67,0.01
Odisha,kalahandi,Lanjigarh,2,Basantapada,0,0.57,0.53,0,0,0,0.53,0.05,0.29
Odisha,kalahandi,Lanjigarh,3,Baterlima,0,3.2,0.76,1.63,0,0,2.39,0.81,0.22
Odisha,kalahandi,Lanjigarh,4,Bedagaon,0,18.67,11.74,4.83,0,0,16.57,2.1,0.03
Odisha,kalahandi,Lanjigarh,5,Bengaon,0,0.69,0.16,0,0,0,0.16,0.53,0.22
Odisha,kalahandi,Lanjigarh,6,Bhatangpadar,0,10.5,5.52,4.44,0,0,9.97,0.53,0.43
Odisha,kalahandi,Lanjigarh,7,Bhurtigarh,0,4.15,2.62,0.09,0,0,2.72,1.44,1.05
Odisha,kalahandi,Lanjigarh,8,Bijepur,0,21.15,12.3,7.35,1.02,0,20.66,0.49,0.69
Odisha,kalahandi,Lanjigarh,9,Biswanathpur,0,7.39,3.22,1.58,0,0,4.8,2.59,0.23
Odisha,kalahandi,Lanjigarh,10,Champadeipur,0,3.85,1.45,0.96,0,0,2.41,1.44,0.26
Odisha,kalahandi,Lanjigarh,11,Chhatrapur,0,11.73,7.7,1.32,0.13,0,9.15,2.57,0.46
Odisha,kalahandi,Lanjigarh,12,Gobardhanpur,0,4.4,3.12,0.97,0.12,0,4.21,0.19,0.23
Odisha,kalahandi,Lanjigarh,13,Gunduri,0,9.73,4.45,3.36,0.26,0,8.08,1.65,1.21
Odisha,kalahandi,Lanjigarh,14,Jagannathpur,0,2.82,1.44,0.05,0,0,1.49,1.33,0.03
Odisha,kalahandi,Lanjigarh,15,Kadamguda,0,8.74,4.74,0,0,0,4.74,4,0.04
Odisha,kalahandi,Lanjigarh,16,Kamarda,0,4.54,2.32,0,0,0,2.32,2.22,1.73
Odisha,kalahandi,Lanjigarh,17,Kankutru,0,11.69,7.18,3.11,0.28,0,10.57,1.12,0.19
Odisha,kalahandi,Lanjigarh,18,Kumkhal,0,5.4,3.28,1.67,0,0,4.95,0.45,0.02
Odisha,kalahandi,Lanjigarh,19,Lakhbahali,0,6.12,2.03,3.04,0.2,0,5.27,0.85,0.3
Odisha,kalahandi,Lanjigarh,20,Lanjee,0,3.44,0.32,0.53,0.06,0,0.91,2.53,0.05
Odisha,kalahandi,Lanjigarh,21,Lanjigarh,0,1.8,1.01,0,0,0,1.01,0.79,0.17
Odisha,kalahandi,Lanjigarh,22,Lanjigarhroad,0,18.04,6.07,6.2,0,0,12.27,5.76,0.02
Odisha,kalahandi,Lanjigarh,23,Malijubang,0,60.83,15.07,39.86,5.11,0,60.04,0.79,2.42
Odisha,kalahandi,Lanjigarh,24,Pahadpadar,0,19.7,16.87,1.12,0.08,0,18.07,1.63,0.46
Odisha,kalahandi,Lanjigarh,25,Pokharibandh,0,19.79,5.47,10.63,0.25,0,16.35,3.44,0.14
Odisha,kalahandi,Lanjigarh,26,Trilochanpur,0,16.08,13.34,3.06,0.01,0,16.41,-0.33,0.39
Odisha,kalahandi,Lanjigarh,,Total,0,297.95,144.05,102.73,7.53,0,254.3,43.65,11.3
Odisha,kalahandi,Lanjigarh,,Block Level Line Deptt.,-61.67,-61.67,354.61,40.6,4.33,0,399.54,-461.21,22.48
Odisha,kalahandi,Lanjigarh,,Po,0,385.64,0,NA,NA,20.78,20.78,364.86,NA
Odisha,kalahandi,Lanjigarh,,Grand Total,-61.67,621.92,498.66,143.33,11.86,20.78,674.62,-52.7,33.78
Odisha,kalahandi,Madanpur Rampur,1,Ainlatara,0,79.23,40.17,39,0,0,79.18,0.06,0.21
Odisha,kalahandi,Madanpur Rampur,2,Bamak,0,84.79,40.06,44.69,0,0,84.75,0.05,0.22
Odisha,kalahandi,Madanpur Rampur,3,Barabandha,0,56.33,36.92,26.75,0,0,63.66,-7.33,0.33
Odisha,kalahandi,Madanpur Rampur,4,Dedsuli,0,15.32,12.57,2.75,0,0,15.32,0,0.13
Odisha,kalahandi,Madanpur Rampur,5,Domkarlakot,0,48.27,21.61,31.34,0,0,52.94,-4.67,0.96
Odisha,kalahandi,Madanpur Rampur,6,Dudkaranja,0,49.91,29.42,23.74,0,0,53.16,-3.25,1.47
Odisha,kalahandi,Madanpur Rampur,7,Gochhadengen,0,80.38,54.59,25.79,0,0,80.38,0,0.4
Odisha,kalahandi,Madanpur Rampur,8,Lubengada,0,77.75,26.72,51,0,0,77.71,0.04,0.24
Odisha,kalahandi,Madanpur Rampur,9,Madanpur,0,33.65,18.45,14.93,0,0,33.38,0.26,0.05
Odisha,kalahandi,Madanpur Rampur,10,Manikera,0,61.52,25.7,36.11,0,0,61.81,-0.29,0.16
Odisha,kalahandi,Madanpur Rampur,11,Mohangiri,0,70.25,32.88,38.88,0,0,71.76,-1.51,0.24
Odisha,kalahandi,Madanpur Rampur,12,Muding,0,100.17,44.39,55.16,0,0,99.55,0.62,0.87
Odisha,kalahandi,Madanpur Rampur,13,Nunpur,0,61.38,34.28,31.1,0,0,65.39,-4.01,0.19
Odisha,kalahandi,Madanpur Rampur,14,Pandakamal,0,60.82,21.18,39.64,0,0,60.82,0,0.31
Odisha,kalahandi,Madanpur Rampur,15,Rampur,0,113.27,53.3,59.92,0,0,113.22,0.06,0.35
Odisha,kalahandi,Madanpur Rampur,16,Saidolanga,0,53.11,27.12,25.99,0,0,53.1,0,0.64
Odisha,kalahandi,Madanpur Rampur,17,Salepalli,0,58.55,17.85,40.63,0,0,58.48,0.07,0.03
Odisha,kalahandi,Madanpur Rampur,18,Singpur,0,32.73,24.03,10.53,0,0,34.56,-1.83,0.06
Odisha,kalahandi,Madanpur Rampur,19,Urladani,0,114.74,51.24,63.85,0,0,115.09,-0.35,0.62
Odisha,kalahandi,Madanpur Rampur,,Total,0,1252.18,612.46,661.8,0,0,1274.27,-22.09,7.45
Odisha,kalahandi,Madanpur Rampur,,Block Level Line Deptt.,-30.63,-30.63,83.29,88.78,0,0,172.07,-202.7,0.82
Odisha,kalahandi,Madanpur Rampur,,Po,0,225.69,0,NA,NA,22.58,22.58,203.11,NA
Odisha,kalahandi,Madanpur Rampur,,Grand Total,-30.63,1447.24,695.75,750.58,0,22.58,1468.92,-21.68,8.27
Odisha,kalahandi,Narala,1,Baddharpur,0,5.48,5.37,0.37,0,0,5.74,-0.26,0.14
Odisha,kalahandi,Narala,2,Bagpur,0,0.57,2.46,0,0,0,2.46,-1.89,0
Odisha,kalahandi,Narala,3,Balsingha,0,2.99,3.69,1.42,0,0,5.11,-2.13,0.16
Odisha,kalahandi,Narala,4,Bhanpur,0,6.75,6.25,2.55,0,0,8.8,-2.05,0.02
Odisha,kalahandi,Narala,5,Bhimkela,0,0.33,1.5,0.08,0,0,1.58,-1.25,0.06
Odisha,kalahandi,Narala,6,Gadebandh,0,5.17,5.09,0.31,0,0,5.4,-0.23,0
Odisha,kalahandi,Narala,7,Ghantmal,0,1.16,1.17,0.15,0,0,1.32,-0.17,0.49
Odisha,kalahandi,Narala,8,Ghodabandha,0,6.28,8.46,0.76,0,0,9.22,-2.95,0.36
Odisha,kalahandi,Narala,9,Gigina,0,4.32,4.23,0.99,0,0,5.22,-0.89,0.32
Odisha,kalahandi,Narala,10,Karmegaon,0,3.27,4.86,0,0,0,4.86,-1.6,0.25
Odisha,kalahandi,Narala,11,Kurmel,0,4.45,4.79,0.04,0,0,4.83,-0.38,0
Odisha,kalahandi,Narala,12,Mandel,0,2.72,1.05,1.69,0,0,2.74,-0.02,0.01
Odisha,kalahandi,Narala,13,Muskuti,0,5.65,4.1,1.83,0,0,5.94,-0.29,0.06
Odisha,kalahandi,Narala,14,Narla,0,4.26,5.39,0.56,0,0,5.95,-1.68,0.47
Odisha,kalahandi,Narala,15,Nishanpur,0,1.05,1.94,0.1,0,0,2.04,-0.99,0.07
Odisha,kalahandi,Narala,16,Palam,0,2.75,1.68,1.19,0,0,2.87,-0.12,0.34
Odisha,kalahandi,Narala,17,Rakshi,0,6.8,4.01,1.73,0,0,5.74,1.06,0.3
Odisha,kalahandi,Narala,18,Rupra,0,13.8,8.77,5.03,0,0,13.8,0,0.52
Odisha,kalahandi,Narala,19,Rupraroad,0,2.39,2.87,0.56,0,0,3.43,-1.04,0.3
Odisha,kalahandi,Narala,20,Santpur,0,0,0.53,0,0,0,0.53,-0.53,0
Odisha,kalahandi,Narala,21,Sargiguda,0,5.32,5.62,0.81,0,0,6.43,-1.11,0.09
Odisha,kalahandi,Narala,22,Sarian,0,14.41,11.94,2.23,0,0,14.17,0.25,0.4
Odisha,kalahandi,Narala,23,Sergarh,0,16.02,11.87,4.99,0,0,16.86,-0.84,0.14
Odisha,kalahandi,Narala,24,Takarla,0,3.42,2.13,1.29,0,0,3.43,-0.01,0.12
Odisha,kalahandi,Narala,25,Tulapada,0,0.04,1.58,0,0,0,1.58,-1.54,0.05
Odisha,kalahandi,Narala,26,Ulikupa,0,3.34,7.92,0.15,0,0,8.07,-4.73,0.26
Odisha,kalahandi,Narala,,Total,0,122.72,119.3,28.82,0,0,148.12,-25.39,4.92
Odisha,kalahandi,Narala,,Block Level Line Deptt.,-15,-15,293.41,37.79,0,0,331.2,-346.2,10.94
Odisha,kalahandi,Narala,,Po,0,389.94,0,NA,NA,30.7,30.7,359.24,NA
Odisha,kalahandi,Narala,,Grand Total,-15,497.66,412.71,66.61,0,30.7,510.02,-12.35,15.86
Odisha,kalahandi,Thuamul Ram Pur,1,Badachhatrang,0,31.56,26.68,0.83,0,0,27.5,4.06,1.82
Odisha,kalahandi,Thuamul Ram Pur,2,Bagdiani,0,8.85,5.42,3.53,0,0,8.95,-0.1,0.98
Odisha,kalahandi,Thuamul Ram Pur,3,Birikot,0,9.15,7.41,1.92,0,0,9.33,-0.18,2.68
Odisha,kalahandi,Thuamul Ram Pur,4,Dumerpadar,0,15.73,11.9,3.49,0,0,15.4,0.33,1.42
Odisha,kalahandi,Thuamul Ram Pur,5,Gopalpur,0,14.03,13.67,0.1,0,0,13.77,0.26,1.37
Odisha,kalahandi,Thuamul Ram Pur,6,Gopinath Pur,0,23.85,21.81,3.71,0,0,25.52,-1.66,2.67
Odisha,kalahandi,Thuamul Ram Pur,7,Gunpur,0,16.53,15.41,3.31,0,0,18.73,-2.2,0.75
Odisha,kalahandi,Thuamul Ram Pur,8,Kaniguma,0,11.85,11.91,0.97,0,0,12.88,-1.03,0.74
Odisha,kalahandi,Thuamul Ram Pur,9,Karlapat,0,6.06,6.21,0,0,0,6.21,-0.15,0.81
Odisha,kalahandi,Thuamul Ram Pur,10,Kerpai,0,8,8.2,1.53,0,0,9.73,-1.73,1.48
Odisha,kalahandi,Thuamul Ram Pur,11,Kiapadar,0,3.71,3.5,4.66,0,0,8.15,-4.45,1.79
Odisha,kalahandi,Thuamul Ram Pur,12,Mahul Patna,0,40.39,33.2,6.93,0,0,40.13,0.26,1.22
Odisha,kalahandi,Thuamul Ram Pur,13,Maligaon,0,15.11,11.77,3.33,0,0,15.1,0.01,3.25
Odisha,kalahandi,Thuamul Ram Pur,14,Nakrundi,0,47.66,37.8,9.91,0,0,47.71,-0.05,6.94
Odisha,kalahandi,Thuamul Ram Pur,15,Odri,0,16.81,16.74,0,0,0,16.74,0.07,2.62
Odisha,kalahandi,Thuamul Ram Pur,16,Padepadar,0,35.69,33.32,3.78,0,0,37.1,-1.41,1.81
Odisha,kalahandi,Thuamul Ram Pur,17,Podapadar(B),0,10.44,10.59,0,0,0,10.59,-0.15,0.68
Odisha,kalahandi,Thuamul Ram Pur,18,Silet,0,5.52,6.86,3.21,0,0,10.06,-4.55,2.71
Odisha,kalahandi,Thuamul Ram Pur,19,Sindhipadar,0,9.85,8.2,1.89,0,0,10.08,-0.24,3.29
Odisha,kalahandi,Thuamul Ram Pur,20,Tala-Ambpadar,0,24.29,20.89,3.84,0,0,24.73,-0.44,5.16
Odisha,kalahandi,Thuamul Ram Pur,21,Talajhapi,0,17.23,17.28,0.9,0,0,18.17,-0.95,2.37
Odisha,kalahandi,Thuamul Ram Pur,22,Talnagi,0,18.39,15.38,2.69,0,0,18.07,0.32,1.24
Odisha,kalahandi,Thuamul Ram Pur,23,Thuamul,0,6.34,6.54,0,0,0,6.54,-0.2,1
Odisha,kalahandi,Thuamul Ram Pur,24,Thuamul Rampur,0,51.82,37.16,15.69,0,0,52.85,-1.03,1.05
Odisha,kalahandi,Thuamul Ram Pur,,Total,0,448.83,387.84,76.19,0,0,464.04,-15.2,49.84
Odisha,kalahandi,Thuamul Ram Pur,,Block Level Line Deptt.,-13.51,-13.51,88.14,4.94,0,0,93.09,-106.6,4.64
Odisha,kalahandi,Thuamul Ram Pur,,Po,0,135.24,0,NA,NA,25.21,25.21,110.03,NA
Odisha,kalahandi,Thuamul Ram Pur,,Grand Total,-13.51,570.56,475.98,81.13,0,25.21,582.34,-11.77,54.48
Odisha,Kandhamal ,Baliguda,1,Barakhama,0,33.91,25.22,12.57,0,0,37.79,-3.88,0.27
Odisha,Kandhamal ,Baliguda,2,Battaguda,0,27.95,26.93,2.61,0,0,29.54,-1.59,0.16
Odisha,Kandhamal ,Baliguda,3,Budrukia,0,13.74,14.37,1.98,0,0,16.35,-2.62,2.92
Odisha,Kandhamal ,Baliguda,4,Dadakangia,0,30.11,25.39,4.81,0.03,0,30.22,-0.11,0.49
Odisha,Kandhamal ,Baliguda,5,Khamankhole,0,55.61,31.84,23.77,0,0,55.61,0,1.35
Odisha,Kandhamal ,Baliguda,6,Kutikia,0,37.41,28.41,9.27,0,0,37.68,-0.26,0.14
Odisha,Kandhamal ,Baliguda,7,Landagam,-0.01,60.7,40.94,20.04,0,0,60.98,-0.28,1.58
Odisha,Kandhamal ,Baliguda,8,Midiakia,0,22.35,18.73,4.43,0,0,23.16,-0.81,0.34
Odisha,Kandhamal ,Baliguda,9,Parama Panga,-0.01,32.48,26.73,5.68,0.02,0,32.44,0.04,0.2
Odisha,Kandhamal ,Baliguda,10,Rebingia,-0.05,54.97,53.8,2.12,0,0,55.92,-0.95,0.83
Odisha,Kandhamal ,Baliguda,11,Rutungia,-0.05,32.82,25.25,8.45,0,0,33.7,-0.87,0.3
Odisha,Kandhamal ,Baliguda,12,Salaguda,-0.08,26.7,26.29,1.7,0,0,27.99,-1.29,1.78
Odisha,Kandhamal ,Baliguda,13,Sendrigam,0,52.05,45.14,6.54,0,0,51.69,0.37,4.33
Odisha,Kandhamal ,Baliguda,14,Sudra,0,42.7,41.93,1.5,0,0,43.43,-0.74,1.3
Odisha,Kandhamal ,Baliguda,,Total,-0.2,523.51,430.99,105.47,0.05,0,536.51,-12.99,15.99
Odisha,Kandhamal ,Baliguda,,Block Level Line Deptt.,-0.74,-0.74,188.97,136.57,1.89,4.91,332.34,-333.08,15.51
Odisha,Kandhamal ,Baliguda,,Po,0,40.77,0,NA,NA,19.83,19.83,20.94,NA
Odisha,Kandhamal ,Baliguda,,Grand Total,-0.93,563.54,619.96,242.04,1.94,24.74,888.68,-325.13,31.5
Odisha,Kandhamal ,Chakapad,1,Arabaka,0,25.83,13.87,11.96,0,0,25.83,0,0.03
Odisha,Kandhamal ,Chakapad,2,Bapalmendi(B),0,13.04,12.14,0.9,0,0,13.04,0,0.09
Odisha,Kandhamal ,Chakapad,3,Bastingia,0,18.11,11.4,7.3,0,0,18.69,-0.58,0.02
Odisha,Kandhamal ,Chakapad,4,Beheragam,0,8.64,7.02,1.62,0,0,8.64,0,0
Odisha,Kandhamal ,Chakapad,5,Brahmanpad,0,39.7,36.76,3.26,0,0,40.01,-0.32,0.16
Odisha,Kandhamal ,Chakapad,6,Chahali,0,20.22,19.67,0.63,0,0,20.3,-0.08,0.08
Odisha,Kandhamal ,Chakapad,7,Chakapad,0,29.67,28.74,0.42,0,0,29.17,0.5,1.45
Odisha,Kandhamal ,Chakapad,8,Kakharujhola,0,15.35,14.48,0.93,0,0,15.4,-0.06,0
Odisha,Kandhamal ,Chakapad,9,Kusumendi,0,38.24,27.58,13.31,0,0,40.89,-2.65,1.17
Odisha,Kandhamal ,Chakapad,10,Linepada(B.Mendi),0,29.6,26.28,3.31,0,0,29.6,0,0.07
Odisha,Kandhamal ,Chakapad,11,Passara,0,17.14,16.94,0.6,0,0,17.54,-0.41,0.06
Odisha,Kandhamal ,Chakapad,12,Sankarakhole,0,15.18,14.05,3.93,0,0,17.98,-2.8,0.02
Odisha,Kandhamal ,Chakapad,,Total,0,270.71,228.93,48.16,0,0,277.09,-6.39,3.15
Odisha,Kandhamal ,Chakapad,,Block Level Line Deptt.,-8,-8,273.6,132.26,2.06,1.83,409.75,-417.75,6.99
Odisha,Kandhamal ,Chakapad,,Po,-0.29,45.19,0,NA,NA,20.07,20.07,25.12,NA
Odisha,Kandhamal ,Chakapad,,Grand Total,-8.29,307.9,502.53,180.42,2.06,21.9,706.91,-399.02,10.14
Odisha,Kandhamal ,Daringibadi,1,Badabanga,0,17.73,16.31,1.19,0,0,17.5,0.23,0.25
Odisha,Kandhamal ,Daringibadi,2,Bamunigam,0,27.87,25.22,4.9,0,0,30.12,-2.26,0.41
Odisha,Kandhamal ,Daringibadi,3,Bhramarabadi,0,76.57,45.65,31.2,0,0,76.86,-0.29,3.19
Odisha,Kandhamal ,Daringibadi,4,Budaguda,0,21.52,14.23,8.22,0,0,22.45,-0.94,0.3
Odisha,Kandhamal ,Daringibadi,5,Danekabadi,0,33.27,23.08,10.29,0,0,33.37,-0.1,0.16
Odisha,Kandhamal ,Daringibadi,6,Daringibadi,0,36.66,32.8,8.11,0,0,40.91,-4.25,0.41
Odisha,Kandhamal ,Daringibadi,7,Dasingibadi,0,23.54,17.44,6.34,0,0,23.78,-0.24,0.44
Odisha,Kandhamal ,Daringibadi,8,Gadapur,0,11.79,7.48,4.31,0,0,11.79,0,0.34
Odisha,Kandhamal ,Daringibadi,9,Greenbadi,0,36.63,24.38,14.13,0,0,38.51,-1.88,0.62
Odisha,Kandhamal ,Daringibadi,10,Gumikia,0,31.99,28.92,7.33,0,0,36.26,-4.27,0.07
Odisha,Kandhamal ,Daringibadi,11,Hatimunda,0,21.48,21.49,0,0,0,21.48,0,0.51
Odisha,Kandhamal ,Daringibadi,12,Jhinjiriguda,0,9.13,8,3.88,0,0,11.88,-2.75,0.33
Odisha,Kandhamal ,Daringibadi,13,Katingia,0,22.51,16.13,11.22,0,0,27.35,-4.85,0.71
Odisha,Kandhamal ,Daringibadi,14,Kirkuti,0,24.8,18.84,8.14,0,0,26.98,-2.19,0.24
Odisha,Kandhamal ,Daringibadi,15,Kumbharigam,0,11.72,10.7,4.23,0,0,14.93,-3.21,0.43
Odisha,Kandhamal ,Daringibadi,16,Pliheri,0,18.27,9.97,13.71,0,0,23.68,-5.42,0.11
Odisha,Kandhamal ,Daringibadi,17,Portamaha,0,47.49,35.18,12.83,0,0,48.01,-0.52,0.37
Odisha,Kandhamal ,Daringibadi,18,Saramulli,0,16.32,13.72,2.6,0,0,16.32,0,0.18
Odisha,Kandhamal ,Daringibadi,19,Siangaballi,0,31.4,22.23,9.57,0,0,31.8,-0.39,0.8
Odisha,Kandhamal ,Daringibadi,20,Simanbadi,0,14.25,11.7,2.55,0,0,14.25,0,0.02
Odisha,Kandhamal ,Daringibadi,21,Sirkabarga,0,28.07,16.34,11.73,0,0,28.07,0,0.94
Odisha,Kandhamal ,Daringibadi,22,Sonepur,0,18.22,14.14,4.07,0,0,18.22,0,0.29
Odisha,Kandhamal ,Daringibadi,23,Sraniketa,0,26.26,14.46,11.76,0,0,26.21,0.05,0.13
Odisha,Kandhamal ,Daringibadi,24,Tajungia,0,42.1,30.76,18.13,0,0,48.89,-6.78,1.04
Odisha,Kandhamal ,Daringibadi,25,Tillori,0,62.74,42.82,36.94,0,0,79.76,-17.02,0.46
Odisha,Kandhamal ,Daringibadi,,Total,0,712.32,522.01,247.37,0,0,769.39,-57.07,12.74
Odisha,Kandhamal ,Daringibadi,,Block Level Line Deptt.,-1.14,-1.14,363.69,358.91,4.53,4.87,732,-733.14,32.23
Odisha,Kandhamal ,Daringibadi,,Po,0,92.8,0,NA,NA,17.5,17.5,75.3,NA
Odisha,Kandhamal ,Daringibadi,,Grand Total,-1.14,803.98,885.7,606.28,4.53,22.37,1518.89,-714.91,44.97
Odisha,Kandhamal ,G.Udayagiri,1,Gressingia,0,10.4,9.15,1.31,0,0,10.45,-0.06,0.08
Odisha,Kandhamal ,G.Udayagiri,2,Kalinga,0,30.98,19.22,14.46,0.1,0,33.77,-2.79,0.09
Odisha,Kandhamal ,G.Udayagiri,3,Katingia,0,27.2,19.62,7.37,0.11,0,27.1,0.1,0.12
Odisha,Kandhamal ,G.Udayagiri,4,Lingagada,0,14.45,10.53,3.69,0.04,0,14.27,0.18,0.21
Odisha,Kandhamal ,G.Udayagiri,5,Mallikpodi,0,25.33,15.75,9.51,0.07,0,25.33,0,0.4
Odisha,Kandhamal ,G.Udayagiri,6,Raikola,0,16.49,12.34,4.11,0.01,0,16.46,0.03,0.01
Odisha,Kandhamal ,G.Udayagiri,7,Ratingia,0,16.71,10.23,6.87,0,0,17.11,-0.4,0.08
Odisha,Kandhamal ,G.Udayagiri,8,Talarimaha,0,16.62,12.54,4.06,0.02,0,16.62,0,0.25
Odisha,Kandhamal ,G.Udayagiri,,Total,0,158.17,109.4,51.38,0.35,0,161.12,-2.94,1.25
Odisha,Kandhamal ,G.Udayagiri,,Block Level Line Deptt.,-0.08,-0.08,219.25,113.69,2.79,3.2,338.93,-339.01,16.08
Odisha,Kandhamal ,G.Udayagiri,,Po,0,21.37,0,NA,NA,14.46,14.46,6.91,NA
Odisha,Kandhamal ,G.Udayagiri,,Grand Total,-0.08,179.46,328.65,165.07,3.14,17.66,514.51,-335.04,17.33
Odisha,Kandhamal ,K.Nuagan,1,Adimaha,0,13.88,12.93,1.43,0,0,14.35,-0.47,0.14
Odisha,Kandhamal ,K.Nuagan,2,Balligada,0,7.71,7.93,0.28,0,0,8.21,-0.5,0.44
Odisha,Kandhamal ,K.Nuagan,3,Bondaguda,0,10.22,10.64,1.19,0,0,11.84,-1.62,0.21
Odisha,Kandhamal ,K.Nuagan,4,Chanchedi,0,6.89,5.57,1.31,0,0,6.89,0,0.04
Odisha,Kandhamal ,K.Nuagan,5,Gandrigia,-0.01,8.76,9.48,4.06,0.05,0,13.59,-4.83,0.69
Odisha,Kandhamal ,K.Nuagan,6,Gunjibadi,0,26.38,20.48,5.9,0,0,26.38,0,0.48
Odisha,Kandhamal ,K.Nuagan,7,Jiridikia,0,2.77,2.77,0,0,0,2.77,0,0.48
Odisha,Kandhamal ,K.Nuagan,8,Kanjamendi,0,23.89,19.71,6.43,0,0,26.14,-2.25,0.1
Odisha,Kandhamal ,K.Nuagan,9,Kudutuli,0,18.57,16.93,1.65,0,0,18.58,-0.01,0.52
Odisha,Kandhamal ,K.Nuagan,10,Letingia,0,7.38,6.85,0.79,0,0,7.64,-0.26,1.14
Odisha,Kandhamal ,K.Nuagan,11,Mahasing,-0.02,40.23,35.13,14.73,0,0,49.86,-9.63,1.17
Odisha,Kandhamal ,K.Nuagan,12,Sarangad,0,32.42,21.4,11.01,0,0,32.42,0,0.57
Odisha,Kandhamal ,K.Nuagan,13,Sinepada,-0.04,25.09,24.57,0.57,0,0,25.13,-0.04,0.63
Odisha,Kandhamal ,K.Nuagan,14,Sirtiguda,0,19.48,16.43,5.14,0,0,21.56,-2.08,0.1
Odisha,Kandhamal ,K.Nuagan,,Total,-0.07,243.68,210.82,54.5,0.05,0,265.36,-21.69,6.69
Odisha,Kandhamal ,K.Nuagan,,Block Level Line Deptt.,-0.59,-0.59,286.59,119.92,2.37,3.49,412.37,-412.96,16.07
Odisha,Kandhamal ,K.Nuagan,,Po,0,69.36,0,NA,NA,40.82,40.82,28.54,NA
Odisha,Kandhamal ,K.Nuagan,,Grand Total,-0.66,312.45,497.41,174.42,2.42,44.31,718.55,-406.11,22.76
Odisha,Kandhamal ,Khajuripada,1,Adasipada,0,28.84,28.83,2.86,0,0,31.69,-2.85,0
Odisha,Kandhamal ,Khajuripada,2,Arapaju,0,27.67,27.14,0.64,0,0,27.78,-0.11,0.17
Odisha,Kandhamal ,Khajuripada,3,Balasakumpa,0,35.66,32.86,7.61,0,0,40.47,-4.81,0.16
Odisha,Kandhamal ,Khajuripada,4,Billabadi,0,24.27,23.9,2.09,0,0,25.98,-1.71,0.13
Odisha,Kandhamal ,Khajuripada,5,Dalapada,0,30.22,28.47,1.76,0,0,30.23,-0.01,0.15
Odisha,Kandhamal ,Khajuripada,6,Dutimendi,0,23.07,22.33,2.66,0,0,24.99,-1.92,0.06
Odisha,Kandhamal ,Khajuripada,7,Dutipada,0,25.89,19.46,6.44,0,0,25.9,-0.01,0.01
Odisha,Kandhamal ,Khajuripada,8,Gudari,0,25.25,24.34,0.9,0,0,25.25,0,0.01
Odisha,Kandhamal ,Khajuripada,9,Khajuripada,0,32.65,32.07,0.57,0,0,32.65,0,0.19
Odisha,Kandhamal ,Khajuripada,10,Nuagam,0,39.18,33.06,6.11,0,0,39.18,0,0.03
Odisha,Kandhamal ,Khajuripada,11,Pirkudi,0,30.76,28.52,2.24,0,0,30.76,0,0.07
Odisha,Kandhamal ,Khajuripada,12,Sudreju,0,24.59,23.25,5.7,0,0,28.94,-4.35,0.05
Odisha,Kandhamal ,Khajuripada,13,Sudrukumpa,0,52.51,47.63,4.88,0,0,52.51,0,0.02
Odisha,Kandhamal ,Khajuripada,14,Titrapanga,0,28.57,26.49,10.89,0,0,37.38,-8.81,0.16
Odisha,Kandhamal ,Khajuripada,,Total,0,429.12,398.34,55.37,0,0,453.71,-24.58,1.2
Odisha,Kandhamal ,Khajuripada,,Block Level Line Deptt.,-1.51,-1.51,200.49,70,6.66,7.4,284.55,-286.06,1.62
Odisha,Kandhamal ,Khajuripada,,Po,0,46.01,0,NA,NA,37.4,37.4,8.61,NA
Odisha,Kandhamal ,Khajuripada,,Grand Total,-1.51,473.62,598.83,125.37,6.66,44.8,775.66,-302.03,2.82
Odisha,Kandhamal ,Kotagarh,1,Dharakote,0,44.08,37.5,15.93,0,0,53.43,-9.35,1.51
Odisha,Kandhamal ,Kotagarh,2,Durgapanga,0,14.58,13.22,1.14,0,0,14.36,0.22,0.07
Odisha,Kandhamal ,Kotagarh,3,Gugurumaha,0,32.97,24.3,12.04,0,0,36.34,-3.36,1.51
Odisha,Kandhamal ,Kotagarh,4,Jubaguda,0,10.13,8.07,2.06,0,0,10.13,0,0.15
Odisha,Kandhamal ,Kotagarh,5,Judaballi,0,35.32,22.83,12.44,0,0,35.28,0.04,4
Odisha,Kandhamal ,Kotagarh,6,Kotagargh,0,57.14,37.04,20.11,0,0,57.14,0,0.08
Odisha,Kandhamal ,Kotagarh,7,Madaguda,0,27.31,21.5,6.5,0,0,27.99,-0.68,0.21
Odisha,Kandhamal ,Kotagarh,8,Marlanga,0,40.51,31.28,9.12,0,0,40.4,0.1,0.32
Odisha,Kandhamal ,Kotagarh,9,Ora,0,23.51,14,9.78,0,0,23.78,-0.26,0.05
Odisha,Kandhamal ,Kotagarh,10,Pakari,0,2.96,2.24,0.68,0,0,2.92,0.04,0.07
Odisha,Kandhamal ,Kotagarh,11,Parigada,0,11.47,12.09,0,0,0,12.09,-0.62,0.91
Odisha,Kandhamal ,Kotagarh,12,Ranipanga,0,11.59,8.95,1.65,0,0,10.6,0.98,0.28
Odisha,Kandhamal ,Kotagarh,13,Sartul,0,8.18,7.87,1.87,0,0,9.74,-1.57,0.86
Odisha,Kandhamal ,Kotagarh,14,Srirampur,0,13.23,11.05,1.91,0,0,12.96,0.27,0.52
Odisha,Kandhamal ,Kotagarh,15,Subarnagiri,0,19.12,17.16,3.56,0,0,20.72,-1.61,0.31
Odisha,Kandhamal ,Kotagarh,,Total,0,352.09,269.12,98.78,0,0,367.89,-15.8,10.86
Odisha,Kandhamal ,Kotagarh,,Block Level Line Deptt.,-0.3,-0.3,307.6,191.81,2.62,4.04,506.06,-506.36,15.25
Odisha,Kandhamal ,Kotagarh,,Po,0,51.77,0,NA,NA,27.95,27.95,23.82,NA
Odisha,Kandhamal ,Kotagarh,,Grand Total,-0.3,403.56,576.72,290.59,2.62,31.99,901.9,-498.34,26.11
Odisha,Kandhamal ,Phiringia,1,Balandapada,0,22.62,22.1,0,0,0,22.11,0.51,0.49
Odisha,Kandhamal ,Phiringia,2,Bandhagada,0,48.85,40.8,8.06,0,0,48.85,0,0.24
Odisha,Kandhamal ,Phiringia,3,Burungijodi,0,41.7,36.97,4.72,0.01,0,41.7,0,0.3
Odisha,Kandhamal ,Phiringia,4,Dimiriguda,-0.02,95.04,77.89,16.79,0,0,94.68,0.35,0.35
Odisha,Kandhamal ,Phiringia,5,Dindrigam,0,44.01,42.15,1.86,0,0,44.01,0,0.12
Odisha,Kandhamal ,Phiringia,6,Gochhapada,0,44.56,39.98,4.57,0.01,0,44.56,0,0.46
Odisha,Kandhamal ,Phiringia,7,Jajespanga,0,28.46,21.5,6.93,0,0,28.43,0.02,0.15
Odisha,Kandhamal ,Phiringia,8,Kasinipadar,0,85.62,74.77,10.74,0,0,85.5,0.11,0.15
Odisha,Kandhamal ,Phiringia,9,Kelapada,0,38.25,36.89,1.35,0,0,38.25,0.01,0.15
Odisha,Kandhamal ,Phiringia,10,Koirmandu,0,19.61,19.6,0,0,0,19.6,0.01,0.51
Odisha,Kandhamal ,Phiringia,11,Krandiballi,0,52.3,32.27,19.84,0,0,52.11,0.19,0.23
Odisha,Kandhamal ,Phiringia,12,Luisingi,0,20.87,18.45,2.38,0,0,20.83,0.04,0.24
Odisha,Kandhamal ,Phiringia,13,Nuapadar,0,32.74,32.72,0,0,0,32.72,0.01,0.29
Odisha,Kandhamal ,Phiringia,14,Pabingia,0,113.21,102.55,10.25,0.01,0,112.82,0.39,0.31
Odisha,Kandhamal ,Phiringia,15,Pahireju,0,43.45,40.78,2.64,0,0,43.42,0.03,0.83
Odisha,Kandhamal ,Phiringia,16,Pakari,0,24.56,20.75,3.81,0,0,24.56,0,0.03
Odisha,Kandhamal ,Phiringia,17,Palla Brudi,0,50.02,47.38,2.39,0,0,49.77,0.26,0.18
Odisha,Kandhamal ,Phiringia,18,Pangauparsahi,0,28.53,26.26,2.29,0,0,28.55,-0.02,0.32
Odisha,Kandhamal ,Phiringia,19,Phiringia,-0.05,69.82,62.66,7.2,0,0,69.86,-0.04,0.39
Odisha,Kandhamal ,Phiringia,20,Ratanga,0,70.63,61.07,9.53,0,0,70.6,0.02,0.66
Odisha,Kandhamal ,Phiringia,21,Sadingia,0,27.27,25.06,2.21,0,0,27.27,0,0.07
Odisha,Kandhamal ,Phiringia,22,Salaguda,0,31.18,27.3,5.26,0,0,32.56,-1.39,0.22
Odisha,Kandhamal ,Phiringia,23,Samarbandha,0,17.49,15.72,1.77,0,0,17.49,0,0
Odisha,Kandhamal ,Phiringia,24,Taladandakia,0,37.09,36.46,0.29,0,0,36.76,0.33,0.31
Odisha,Kandhamal ,Phiringia,,Total,-0.07,1087.87,962.12,124.88,0.03,0,1087.03,0.85,7
Odisha,Kandhamal ,Phiringia,,Block Level Line Deptt.,-1.3,-1.3,188.59,122.02,6.35,2.52,319.48,-320.78,1.26
Odisha,Kandhamal ,Phiringia,,Po,-4.12,142.91,0,NA,NA,66.2,66.2,76.71,NA
Odisha,Kandhamal ,Phiringia,,Grand Total,-5.5,1229.48,1150.71,246.9,6.38,68.72,1472.71,-243.22,8.26
Odisha,Kandhamal ,Phulbani,1,Alami(Luhurbali),0,54.99,45.24,9.75,0,0,55,-0.01,0.01
Odisha,Kandhamal ,Phulbani,2,Bisipada,0,39.53,32.56,6.82,0,0,39.38,0.15,0
Odisha,Kandhamal ,Phulbani,3,Dadaki,0,39.17,25.56,11.89,0.08,0,37.53,1.64,0
Odisha,Kandhamal ,Phulbani,4,Duduki,0,33,31.94,1.06,0,0,33,0,0.53
Odisha,Kandhamal ,Phulbani,5,Ganjuguda,0,42.32,34.12,8.14,0.03,0,42.3,0.02,0.01
Odisha,Kandhamal ,Phulbani,6,Gumagarh,0,60.56,46.41,14.1,0.05,0,60.56,0,0.23
Odisha,Kandhamal ,Phulbani,7,Jamjhiri,0,42.59,38.69,3.96,0,0,42.65,-0.06,0.03
Odisha,Kandhamal ,Phulbani,8,Katringia,0,63.6,42.35,21.19,0.12,0,63.66,-0.06,0.35
Odisha,Kandhamal ,Phulbani,9,Keredi,0,30.76,26.05,4.7,0,0,30.75,0.01,0
Odisha,Kandhamal ,Phulbani,10,Minia,0,34.32,31.14,3.2,0,0,34.35,-0.03,0.07
Odisha,Kandhamal ,Phulbani,11,Tudipaju,0,28.38,25.55,2.84,0,0,28.38,0,0.01
Odisha,Kandhamal ,Phulbani,,Total,0,469.22,379.61,87.65,0.29,0,467.56,1.66,1.25
Odisha,Kandhamal ,Phulbani,,Block Level Line Deptt.,-0.42,-0.42,108.1,35.93,3.53,1.8,149.36,-149.78,0.4
Odisha,Kandhamal ,Phulbani,,Po,0,83.75,0,NA,NA,29.88,29.88,53.87,NA
Odisha,Kandhamal ,Phulbani,,Grand Total,-0.42,552.55,487.71,123.58,3.82,31.68,646.8,-94.25,1.65
Odisha,Kandhamal ,Raikia,1,Badabarba,0,21.96,22.91,13.59,0,0,36.5,-14.54,0.25
Odisha,Kandhamal ,Raikia,2,Beredakia,0,25.57,19.4,22.06,0,0,41.46,-15.89,0.05
Odisha,Kandhamal ,Raikia,3,Dadingia,0,34.99,25.33,9.72,0,0,35.06,-0.07,0.05
Odisha,Kandhamal ,Raikia,4,Gumamaha,0,44.59,30.08,18.73,0,0,48.82,-4.22,0.92
Odisha,Kandhamal ,Raikia,5,Indragda,0,34.77,33.67,1.83,0,0,35.49,-0.73,0
Odisha,Kandhamal ,Raikia,6,Karada,0,30.17,18.49,11.69,0,0,30.17,0,0.28
Odisha,Kandhamal ,Raikia,7,Mandakia,0,36.36,28.75,7.61,0,0,36.36,0,0.18
Odisha,Kandhamal ,Raikia,8,Manikeswar,0,92.46,57.73,38.64,0,0,96.37,-3.9,0.82
Odisha,Kandhamal ,Raikia,9,Petapanga,0,40.35,35.65,5,0,0,40.65,-0.3,0.24
Odisha,Kandhamal ,Raikia,10,Raikia,-0.36,85.22,43.71,42.02,0,0,85.73,-0.51,0.06
Odisha,Kandhamal ,Raikia,11,Ranaba,0,58.28,51.6,8.75,0,0,60.35,-2.07,0.66
Odisha,Kandhamal ,Raikia,12,Sugudabadi,0,40.28,21.44,18.97,0,0,40.41,-0.14,0.3
Odisha,Kandhamal ,Raikia,,Total,-0.36,545,388.76,198.61,0,0,587.37,-42.37,3.8
Odisha,Kandhamal ,Raikia,,Block Level Line Deptt.,-0.03,-0.03,235.85,79.51,1.17,3.28,319.81,-319.84,11.21
Odisha,Kandhamal ,Raikia,,Po,0,53.08,0,NA,NA,10.5,10.5,42.58,NA
Odisha,Kandhamal ,Raikia,,Grand Total,-0.39,598.05,624.61,278.12,1.17,13.78,917.68,-319.63,15.01
Odisha,Kandhamal ,Tikabali,1,Bodimunda,0,20.34,18.65,1.6,0,0,20.26,0.08,0.09
Odisha,Kandhamal ,Tikabali,2,Burbinaju,0,18.5,16.11,2.23,0,0,18.34,0.16,0.15
Odisha,Kandhamal ,Tikabali,3,Gadaguda,0,33.24,28.93,2.69,0,0,31.63,1.61,0.17
Odisha,Kandhamal ,Tikabali,4,Gardingia,0,5.22,3.29,1.88,0,0,5.16,0.05,0.06
Odisha,Kandhamal ,Tikabali,5,Gutingia,0,37.09,34.76,2.27,0,0,37.03,0.06,0.13
Odisha,Kandhamal ,Tikabali,6,Katimaha,0,15.55,10.06,4.04,0,0,14.1,1.46,0.12
Odisha,Kandhamal ,Tikabali,7,Koinjhar,0,89.31,41.17,47.16,0,0,88.33,0.98,0.42
Odisha,Kandhamal ,Tikabali,8,Paburia,0,51.28,27.67,23.42,0,0,51.09,0.19,0.19
Odisha,Kandhamal ,Tikabali,9,Padangi,0,14,14.51,0.48,0,0,14.99,-0.99,0.16
Odisha,Kandhamal ,Tikabali,10,Pikaradi,0,15.92,14.27,9.37,0.04,0,23.68,-7.76,0.1
Odisha,Kandhamal ,Tikabali,11,Tikabali,0,46.12,34.51,11.56,0.08,0,46.14,-0.02,0.21
Odisha,Kandhamal ,Tikabali,,Total,0,346.57,243.93,106.7,0.12,0,350.75,-4.18,1.8
Odisha,Kandhamal ,Tikabali,,Block Level Line Deptt.,-0.09,-0.09,360.76,174.08,2.65,1.71,539.19,-539.28,26.2
Odisha,Kandhamal ,Tikabali,,Po,-0.14,37.83,0,NA,NA,16.11,16.11,21.72,NA
Odisha,Kandhamal ,Tikabali,,Grand Total,-0.23,384.3,604.69,280.78,2.77,17.82,906.05,-521.74,28
Odisha,Kandhamal ,Tumudibandh,1,Belghar,0,53.76,35.9,19.38,0.25,0,55.54,-1.78,0.26
Odisha,Kandhamal ,Tumudibandh,2,Bhandarangi,0,30.72,20.98,21.22,0.24,0,42.43,-11.72,0.15
Odisha,Kandhamal ,Tumudibandh,3,Bilamal,0,96.08,59.49,35.8,0.52,0,95.81,0.27,0.46
Odisha,Kandhamal ,Tumudibandh,4,Guma,0,38.35,24.68,13.25,0.14,0,38.07,0.28,0.37
Odisha,Kandhamal ,Tumudibandh,5,Jhiripani,0,46.45,34.24,14.43,0.14,0,48.81,-2.36,0.23
Odisha,Kandhamal ,Tumudibandh,6,Karukudupa,0,56.99,42.88,23.79,0.24,0,66.91,-9.92,1.39
Odisha,Kandhamal ,Tumudibandh,7,Kurtamgarh,0,27.66,25.67,5.13,0.03,0,30.84,-3.18,0.06
Odisha,Kandhamal ,Tumudibandh,8,Lankagada,0,77.37,45.03,33.06,0.28,0,78.36,-0.99,0.4
Odisha,Kandhamal ,Tumudibandh,9,Mundigada,0,83.19,52.08,33.86,0.28,0,86.22,-3.03,0.96
Odisha,Kandhamal ,Tumudibandh,10,Sirla,0,33.76,26.81,12.93,0.14,0,39.87,-6.11,0.25
Odisha,Kandhamal ,Tumudibandh,11,Tumudibandh,-0.14,85.21,71.48,24.99,0.16,0,96.62,-11.41,0.51
Odisha,Kandhamal ,Tumudibandh,,Total,-0.14,629.54,439.23,237.83,2.42,0,679.49,-49.94,5.04
Odisha,Kandhamal ,Tumudibandh,,Block Level Line Deptt.,-0.62,-0.62,204.1,95.38,2.2,1.71,303.39,-304.01,2.06
Odisha,Kandhamal ,Tumudibandh,,Po,0,75.76,0,NA,NA,18.65,18.65,57.11,NA
Odisha,Kandhamal ,Tumudibandh,,Grand Total,-0.77,704.68,643.33,333.21,4.62,20.36,1001.53,-296.84,7.1
Odisha,Kendujhar,Anandapur,1,Bailo,-12.34,18.51,27.72,3.07,0.06,0,30.85,-12.34,0.21
Odisha,Kendujhar,Anandapur,2,Baunsagarh,7.44,83.22,52.82,22.69,0.28,0,75.79,7.44,1.1
Odisha,Kendujhar,Anandapur,3,Belabahali,0.38,20.11,14.58,5.1,0.06,0,19.74,0.37,0.16
Odisha,Kendujhar,Anandapur,4,Budhikud,0,44.11,25.08,34.36,0.46,0,59.9,-15.79,0.96
Odisha,Kendujhar,Anandapur,5,Dhakotha,-4.82,57.82,47.91,14.51,0.22,0,62.64,-4.82,0.79
Odisha,Kendujhar,Anandapur,6,Galaymunda,7.21,60.37,39.46,13.89,0.16,0,53.51,6.86,0.06
Odisha,Kendujhar,Anandapur,7,Haridapal,0.68,3.98,3.3,0,0,0,3.3,0.68,0.28
Odisha,Kendujhar,Anandapur,8,Jalasuan,1.38,5.14,3.76,0,0,0,3.76,1.38,0
Odisha,Kendujhar,Anandapur,9,Kantipal,0.26,84.31,65.07,18.82,0.25,0,84.13,0.18,0.26
Odisha,Kendujhar,Anandapur,10,Kathakata,-15.18,16.76,29.97,1.96,0.02,0,31.95,-15.18,0.37
Odisha,Kendujhar,Anandapur,11,Kodapada,-6.96,17.14,24.18,0,0,0,24.18,-7.04,0
Odisha,Kendujhar,Anandapur,12,Kolimati,1.72,54.67,41.3,11.5,0.15,0,52.95,1.72,0.39
Odisha,Kendujhar,Anandapur,13,Manoharpur,0.32,20.87,19.08,1.47,0,0,20.55,0.32,0.14
Odisha,Kendujhar,Anandapur,14,Mochinda,0,44.01,29.24,14.62,0.16,0,44.01,0,0.32
Odisha,Kendujhar,Anandapur,15,Panasadiha,-1.58,25.47,13.52,13.39,0.14,0,27.05,-1.58,0
Odisha,Kendujhar,Anandapur,16,Panchupalli,-5.7,12.23,15.7,2.27,0.02,0,18,-5.77,0
Odisha,Kendujhar,Anandapur,17,Salabani,-53.83,-9.94,31.75,12.02,0.12,0,43.89,-53.83,0.19
Odisha,Kendujhar,Anandapur,18,Tartara,-3.78,50.24,40.96,12.88,0.17,0,54.02,-3.78,0.01
Odisha,Kendujhar,Anandapur,,Total,-84.81,609.02,525.38,182.55,2.28,0,710.21,-101.19,5.23
Odisha,Kendujhar,Anandapur,,Block Level Line Deptt.,5.67,5.67,79.91,127.25,1.61,0.94,209.7,-204.03,3.77
Odisha,Kendujhar,Anandapur,,Po,-36.46,171.88,0,NA,NA,20.11,20.11,151.77,NA
Odisha,Kendujhar,Anandapur,,Grand Total,-115.6,786.56,605.29,309.8,3.89,21.05,940.02,-153.45,9
Odisha,Kendujhar,Bansapal,2,Baragarh,-1.08,14.61,10.6,5.02,0.07,0,15.69,-1.08,0.05
Odisha,Kendujhar,Bansapal,3,Bayakumutia,-5.31,49.27,46.22,8.22,0.1,0,54.54,-5.28,0.01
Odisha,Kendujhar,Bansapal,4,Fuljhar,-34.41,11.7,41.6,4.44,0.07,0,46.11,-34.41,0.06
Odisha,Kendujhar,Bansapal,5,Gonasika,-3,25.06,20.75,7.22,0.08,0,28.05,-3,0.25
Odisha,Kendujhar,Bansapal,6,Jatra,-4.21,19.13,22.43,0.81,0.01,0,23.26,-4.12,0.4
Odisha,Kendujhar,Bansapal,7,Kalanda(Kha),2.2,35.69,28.17,5.27,0.05,0,33.5,2.19,0.17
Odisha,Kendujhar,Bansapal,8,Karangadihi,-10.14,28.93,30.66,8.13,0,0,38.79,-9.86,3.28
Odisha,Kendujhar,Bansapal,9,Kodipasa,1.14,26.17,18.34,6.64,0.1,0,25.08,1.08,0.07
Odisha,Kendujhar,Bansapal,10,Kuanra,-8.22,-1.89,6.33,0,0,0,6.33,-8.22,0.09
Odisha,Kendujhar,Bansapal,11,Kumundi,-1.24,23.67,17.46,7.05,0.1,0,24.61,-0.94,0.33
Odisha,Kendujhar,Bansapal,12,Nayakote,-2.95,24.61,26.49,1.06,0.01,0,27.56,-2.95,0
Odisha,Kendujhar,Bansapal,13,Saharpur,-5.39,16.94,19.6,2.62,0.06,0,22.27,-5.34,0.06
Odisha,Kendujhar,Bansapal,14,Singipur,-2.64,53.1,53.42,2.22,0.07,0,55.7,-2.6,0.2
Odisha,Kendujhar,Bansapal,15,Suakati,1.92,25.89,16.91,7.04,0.1,0,24.05,1.85,0.02
Odisha,Kendujhar,Bansapal,16,Tala Kadakala,-12.32,31.72,34.62,9.27,0.12,0,44.01,-12.29,0.27
Odisha,Kendujhar,Bansapal,17,Talachampei,-6.17,14.83,16.13,4.8,0.07,0,21,-6.17,0.06
Odisha,Kendujhar,Bansapal,18,Talakainsari,-2.58,3.78,6.36,0,0,0,6.36,-2.58,0
Odisha,Kendujhar,Bansapal,19,Tana,-2.95,27.01,26.35,3.55,0.05,0,29.95,-2.95,0.28
Odisha,Kendujhar,Bansapal,20,Taramakanta,-4.45,12.22,13.7,2.91,0.05,0,16.67,-4.45,0.23
Odisha,Kendujhar,Bansapal,21,Uper Raigoda,-1.29,72.35,36.24,36.77,0.46,0,73.47,-1.12,0.22
Odisha,Kendujhar,Bansapal,,Total,-139.62,521.43,525.01,133.35,1.7,0,660.06,-138.62,6.04
Odisha,Kendujhar,Bansapal,,Block Level Line Deptt.,160.16,160.16,276.05,258.61,2.03,2.94,539.63,-379.47,8.64
Odisha,Kendujhar,Bansapal,,Po,-14.16,107.87,0,NA,NA,34.53,34.53,73.34,NA
Odisha,Kendujhar,Bansapal,,Grand Total,6.38,789.46,801.06,391.96,3.73,37.47,1234.22,-444.75,14.68
Odisha,Kendujhar,Bansapal,1,Badanai,0.38,31.98,28.01,3.52,0.07,0,31.6,0.38,0.41
Odisha,Kendujhar,Champua,2,Bhanda,2.17,21.12,12.16,6.78,0.01,0,18.95,2.17,0.05
Odisha,Kendujhar,Champua,3,Bhuinpur,-1.36,16.51,17.29,0.56,0,0,17.85,-1.34,0.08
Odisha,Kendujhar,Champua,4,Chandrasekharpur,1.65,15.89,14.13,0.11,0,0,14.24,1.65,0.22
Odisha,Kendujhar,Champua,5,Jajaposi,3.32,22.9,14.9,4.73,0.05,0,19.68,3.22,0
Odisha,Kendujhar,Champua,6,Jali,-0.28,14.3,14.03,0.55,0,0,14.58,-0.28,0.05
Odisha,Kendujhar,Champua,7,Jamudalak,0.87,40.22,28.68,10.53,0.15,0,39.36,0.87,0.42
Odisha,Kendujhar,Champua,8,Jyotipur,5.43,29.49,16.27,7.58,0.11,0,23.96,5.53,0.17
Odisha,Kendujhar,Champua,9,Kalikaprasad,2.22,21.87,16.82,2.9,0.03,0,19.75,2.12,0
Odisha,Kendujhar,Champua,10,Karanjia,2.33,11.22,8.64,0.24,0,0,8.89,2.33,0.05
Odisha,Kendujhar,Champua,11,Kashipal,-3.78,13.78,17.51,0.05,0,0,17.56,-3.78,0.1
Odisha,Kendujhar,Champua,12,Kodagadia,-2.13,31.38,30.1,3.37,0.05,0,33.52,-2.14,0.62
Odisha,Kendujhar,Champua,13,Kutariposhi,-0.56,12.76,13.25,0.07,0,0,13.32,-0.56,0.15
Odisha,Kendujhar,Champua,14,Padua,-1.64,21.14,20.66,2.12,0.01,0,22.78,-1.64,0.36
Odisha,Kendujhar,Champua,15,Parshala,0.15,14.22,10.02,4,0.06,0,14.08,0.14,0.03
Odisha,Kendujhar,Champua,16,Rajia,-10.63,24.6,34.92,0.35,0.01,0,35.27,-10.66,1.24
Odisha,Kendujhar,Champua,17,Rangamatia,0.14,36.62,32.06,4.35,0.05,0,36.47,0.14,0.16
Odisha,Kendujhar,Champua,18,Rimuli,-1.26,15.87,17.01,0.12,0,0,17.13,-1.26,0
Odisha,Kendujhar,Champua,19,Sadangi,0.46,8.3,7.5,0.33,0,0,7.84,0.46,0.3
Odisha,Kendujhar,Champua,20,Sarei,0.72,13.97,13.14,0.11,0,0,13.25,0.72,0
Odisha,Kendujhar,Champua,21,Sunaposi,-0.24,17.62,15.05,3.15,0.02,0,18.22,-0.61,0.03
Odisha,Kendujhar,Champua,22,Unchabali,-1.86,18.13,19.86,0.13,0,0,19.99,-1.86,0.03
Odisha,Kendujhar,Champua,,Total,-3.91,453.89,402,55.66,0.65,0,458.3,-4.41,4.46
Odisha,Kendujhar,Champua,,Block Level Line Deptt.,-5.45,-5.45,78.62,81.47,0.69,1.86,162.65,-168.1,1.37
Odisha,Kendujhar,Champua,,Po,-13.33,98.59,0,NA,NA,32.24,32.24,66.35,NA
Odisha,Kendujhar,Champua,,Grand Total,-22.7,547.04,480.62,137.13,1.34,34.1,653.19,-106.16,5.83
Odisha,Kendujhar,Champua,1,Alati,0.16,14.6,12.58,1.84,0.03,0,14.44,0.16,0.06
Odisha,Kendujhar,Ghasipura,2,Balaram Pur,1.23,16.96,15.73,0,0,0,15.73,1.23,0.1
Odisha,Kendujhar,Ghasipura,3,Baripal,0,31.6,32.44,0,0,0,32.44,-0.85,0.33
Odisha,Kendujhar,Ghasipura,4,Bato,-1.13,25.55,26.68,0,0,0,26.68,-1.13,0.08
Odisha,Kendujhar,Ghasipura,5,Bhandaridiha,1.09,44.67,42.89,0.7,0.03,0,43.63,1.05,0.18
Odisha,Kendujhar,Ghasipura,6,Biragovindapur,0,37.19,35.7,1.38,0.11,0,37.19,0,0.21
Odisha,Kendujhar,Ghasipura,7,Daradipal,1.85,16.12,14.27,0,0,0,14.27,1.85,0.08
Odisha,Kendujhar,Ghasipura,8,Deogoan,2.82,4.29,0.4,0,0,0,0.4,3.89,0
Odisha,Kendujhar,Ghasipura,9,Gadabandhagoda,0.38,34.29,29.28,4.54,0.1,0,33.92,0.37,0.14
Odisha,Kendujhar,Ghasipura,10,Ganpur,0.76,16.68,15.92,0,0,0,15.92,0.76,1.64
Odisha,Kendujhar,Ghasipura,11,Gohira,12.73,51.1,38.18,0.5,0,0,38.69,12.42,0.05
Odisha,Kendujhar,Ghasipura,12,Keshadurapala,2.08,10.72,8.65,0,0,0,8.65,2.07,0
Odisha,Kendujhar,Ghasipura,13,Khalana,4.87,39.14,32.09,2.16,0.02,0,34.27,4.86,0.51
Odisha,Kendujhar,Ghasipura,14,Khaliamenta,0.11,35.93,35.74,0,0,0,35.74,0.19,0.55
Odisha,Kendujhar,Ghasipura,15,Machhalo,0.87,8.87,7.72,0.29,0,0,8,0.87,0.09
Odisha,Kendujhar,Ghasipura,16,Madanapur,1,64.99,58.96,4.63,0.39,0,63.99,1,0.2
Odisha,Kendujhar,Ghasipura,17,Pandua,0.1,18.1,17.1,0.88,0.03,0,18,0.1,0.12
Odisha,Kendujhar,Ghasipura,18,Purunabandhagoda,1.46,12.49,11.03,0,0,0,11.03,1.46,0.09
Odisha,Kendujhar,Ghasipura,19,Radhikadeipur,2.51,80.92,76.19,2.48,0.15,0,78.83,2.1,0.58
Odisha,Kendujhar,Ghasipura,20,Ramachandrapur,0.37,40.15,36.7,3.65,0.05,0,40.4,-0.25,0
Odisha,Kendujhar,Ghasipura,21,Sainkul,0.3,28.21,27.17,1.11,0.01,0,28.29,-0.09,0.09
Odisha,Kendujhar,Ghasipura,22,Saladei,4.08,29.59,25.49,0,0,0,25.49,4.09,2.52
Odisha,Kendujhar,Ghasipura,23,Samukanendi,0,32.56,35.21,3.54,0.65,0,39.39,-6.83,0.32
Odisha,Kendujhar,Ghasipura,24,Tarimul,-0.21,20.97,20.36,0.77,0.05,0,21.18,-0.21,0.04
Odisha,Kendujhar,Ghasipura,25,Taruan,0.38,56.5,56.2,0.03,0,0,56.23,0.27,0.45
Odisha,Kendujhar,Ghasipura,,Total,37.79,772.18,712.67,28.5,1.64,0,742.82,29.36,8.42
Odisha,Kendujhar,Ghasipura,,Block Level Line Deptt.,-57.7,-57.7,83.6,74.65,3.83,0.91,163,-220.7,0.9
Odisha,Kendujhar,Ghasipura,,Po,-10.24,145.6,0,NA,NA,30.66,30.66,114.94,NA
Odisha,Kendujhar,Ghasipura,,Grand Total,-30.15,860.08,796.27,103.15,5.47,31.57,936.48,-76.4,9.32
Odisha,Kendujhar,Ghasipura,1,Badajamuposi,-0.86,82.08,70.49,11.25,1.25,0,82.99,-0.91,0
Odisha,Kendujhar,Ghatgaon,2,Badamasinabila,7.58,36.55,27.33,1.48,0.04,0,28.85,7.7,0
Odisha,Kendujhar,Ghatgaon,3,Badapichhula,1.15,21.03,19.88,0,0,0,19.88,1.15,0.06
Odisha,Kendujhar,Ghatgaon,4,Balabhadrapur,0,11.67,12.72,3.44,0.05,0,16.21,-4.54,0.12
Odisha,Kendujhar,Ghatgaon,5,Balipokhari,-1,18.21,19.21,0,0,0,19.21,-1,0
Odisha,Kendujhar,Ghatgaon,6,Barhatipura,0.08,25.17,22.05,2.67,0.37,0,25.09,0.08,0
Odisha,Kendujhar,Ghatgaon,7,Basantpur,0.05,17.48,17.43,0,0,0,17.43,0.05,0.16
Odisha,Kendujhar,Ghatgaon,8,Bholabeda,-2.35,40.83,40.52,3.02,0.24,0,43.79,-2.95,0
Odisha,Kendujhar,Ghatgaon,9,Binida,-1.01,17.87,18.87,0,0,0,18.88,-1.01,0
Odisha,Kendujhar,Ghatgaon,10,Dhenkikote,-2.98,20.47,23.98,1.09,0.2,0,25.27,-4.8,0
Odisha,Kendujhar,Ghatgaon,11,Gadadharpur,-0.12,24.17,24.1,0,0,0,24.09,0.08,0
Odisha,Kendujhar,Ghatgaon,12,Khantaghar,-0.67,16.67,16.87,0.46,0.01,0,17.34,-0.67,0
Odisha,Kendujhar,Ghatgaon,13,Manoharpur,-0.78,36.02,32.79,3.62,0.38,0,36.78,-0.77,0
Odisha,Kendujhar,Ghatgaon,14,Muktapur,3.06,33.36,30.29,0,0,0,30.29,3.06,0
Odisha,Kendujhar,Ghatgaon,15,Mukundapurpatana,-1.95,95.13,64.67,30.65,1.76,0,97.08,-1.95,0.03
Odisha,Kendujhar,Ghatgaon,16,Paidapatana,-2.04,26.17,28.21,0,0,0,28.21,-2.04,0.12
Odisha,Kendujhar,Ghatgaon,17,Pandapada,-0.1,12.29,12.39,0,0,0,12.39,-0.1,0
Odisha,Kendujhar,Ghatgaon,18,Patilo,-0.14,24.57,23.85,0.82,0.04,0,24.71,-0.14,0.15
Odisha,Kendujhar,Ghatgaon,19,Pipilia,1.76,29.24,26.78,0.7,0,0,27.48,1.76,0.07
Odisha,Kendujhar,Ghatgaon,20,Purumunda,-0.22,30.83,31.05,0,0,0,31.05,-0.22,0.1
Odisha,Kendujhar,Ghatgaon,21,Rutisila,0.35,14,13.48,0,0,0,13.48,0.52,0.09
Odisha,Kendujhar,Ghatgaon,22,Santarapur,-0.2,26.97,27.17,0,0,0,27.17,-0.2,0.02
Odisha,Kendujhar,Ghatgaon,23,Sarasa Pasi,0.12,13.4,15.22,2.64,0.42,0,18.27,-4.88,0.08
Odisha,Kendujhar,Ghatgaon,24,Sunatangiri,-0.43,3.05,3.48,0,0,0,3.48,-0.43,0
Odisha,Kendujhar,Ghatgaon,25,Tara,1.95,28.53,23.8,2.62,0.15,0,26.58,1.95,0.27
Odisha,Kendujhar,Ghatgaon,26,Toranipokhari,-1.63,40.48,40.33,1.71,0.08,0,42.12,-1.63,0.19
Odisha,Kendujhar,Ghatgaon,27,Uperdiha,-0.33,48.92,39.53,8.92,0.78,0,49.23,-0.32,0.01
Odisha,Kendujhar,Ghatgaon,,Total,-0.7,795.14,726.47,75.1,5.76,0,807.34,-12.2,1.46
Odisha,Kendujhar,Ghatgaon,,Block Level Line Deptt.,-38.49,-38.49,259.69,163.97,1.14,1.82,426.64,-465.13,2.82
Odisha,Kendujhar,Ghatgaon,,Po,1.18,56.78,0,NA,NA,24.3,24.3,32.48,NA
Odisha,Kendujhar,Ghatgaon,,Grand Total,-38.02,813.43,986.16,239.07,6.9,26.12,1258.28,-444.85,4.28
Odisha,Kendujhar,Ghatgaon,1,Badapalasapal,-5.55,11.6,17.15,0,0,0,17.15,-5.55,0.03
Odisha,Kendujhar,Harichadanpur,2,Bareigoda,-3.41,37.66,27.48,13.46,0.14,0,41.08,-3.41,0.35
Odisha,Kendujhar,Harichadanpur,3,Baxibarigaon,-16.85,-5.47,7.91,3.44,0.03,0,11.38,-16.85,0
Odisha,Kendujhar,Harichadanpur,4,Bhagamunda,2.42,39.57,29.63,7.67,0,0,37.3,2.28,0.18
Odisha,Kendujhar,Harichadanpur,5,Bhanrapur,-0.02,11.85,7.99,3.86,0.04,0,11.89,-0.04,0
Odisha,Kendujhar,Harichadanpur,6,Budhakhaman,-0.17,9.11,9.28,0,0,0,9.28,-0.17,0.03
Odisha,Kendujhar,Harichadanpur,7,Daitari,-5.79,6.61,9.72,2.64,0.03,0,12.39,-5.79,0.15
Odisha,Kendujhar,Harichadanpur,8,Dhurudiambo,-7.12,25.98,21.93,11.07,0.1,0,33.1,-7.12,1.26
Odisha,Kendujhar,Harichadanpur,9,Gaunighasa,-2.32,16.99,17.11,2.06,0.14,0,19.31,-2.32,0.17
Odisha,Kendujhar,Harichadanpur,10,Harichandanpur,-9.69,4.12,13.81,0,0,0,13.81,-9.69,0.32
Odisha,Kendujhar,Harichadanpur,11,Hunda,1.37,29.27,27.9,0,0,0,27.9,1.37,0.25
Odisha,Kendujhar,Harichadanpur,12,Jamujodi,-4.5,18.15,15.49,7.12,0.03,0,22.65,-4.5,0.27
Odisha,Kendujhar,Harichadanpur,13,Janghira,-5.31,10.34,15.65,0,0,0,15.65,-5.31,0.06
Odisha,Kendujhar,Harichadanpur,14,Jiranga,-0.84,38.64,35.73,3.74,0.04,0,39.5,-0.86,0.2
Odisha,Kendujhar,Harichadanpur,15,Junga,-11.15,9.18,19.78,0.52,0,0,20.3,-11.12,0.22
Odisha,Kendujhar,Harichadanpur,16,Manoharpur,2.33,18.83,14,2.45,0.06,0,16.5,2.33,0.2
Odisha,Kendujhar,Harichadanpur,17,Pitapiti,0.08,8.35,8.26,0,0,0,8.26,0.08,0.2
Odisha,Kendujhar,Harichadanpur,18,Pithagola,0.76,78.2,37.69,39.7,0.06,0,77.44,0.76,0.75
Odisha,Kendujhar,Harichadanpur,19,Rasola,0.6,7.56,6.88,0,0,0,6.88,0.68,0.02
Odisha,Kendujhar,Harichadanpur,20,Rebanapalaspal,-3.88,34.68,35.49,3.02,0.04,0,38.55,-3.88,0.31
Odisha,Kendujhar,Harichadanpur,21,Sagadapata,-7.35,20.85,28.77,0,0,0,28.77,-7.92,0.31
Odisha,Kendujhar,Harichadanpur,22,Sunapentha,2.72,31.47,27.84,0.89,0.01,0,28.74,2.72,0.87
Odisha,Kendujhar,Harichadanpur,23,Tangiriapal,-7.9,8.24,16.13,0,0,0,16.13,-7.9,0.07
Odisha,Kendujhar,Harichadanpur,24,Tentalaposi,0.22,24.41,6.35,17.74,0.1,0,24.19,0.22,0.15
Odisha,Kendujhar,Harichadanpur,25,Thakurapada,-3.73,10.68,10.47,3.91,0.03,0,14.41,-3.73,0.28
Odisha,Kendujhar,Harichadanpur,,Total,-85.04,506.88,468.43,123.3,0.83,0,592.57,-85.69,6.65
Odisha,Kendujhar,Harichadanpur,,Block Level Line Deptt.,-25.7,-25.7,265.84,138.17,1.53,1.99,407.53,-433.23,1.99
Odisha,Kendujhar,Harichadanpur,,Po,-45.54,86.3,0,NA,NA,29.63,29.63,56.67,NA
Odisha,Kendujhar,Harichadanpur,,Grand Total,-156.27,567.48,734.27,261.47,2.36,31.62,1029.73,-462.25,8.64
Odisha,Kendujhar,Harichadanpur,1,Aiti Pur,0.06,12.39,12.33,0,0,0,12.33,0.06,0.02
Odisha,Kendujhar,Hatadihi,2,Akarua,-8.49,0.6,9.09,0,0,0,9.09,-8.49,0.04
Odisha,Kendujhar,Hatadihi,3,Ambo,8.01,34.77,26.76,0,0,0,26.76,8.01,0.31
Odisha,Kendujhar,Hatadihi,4,Anara,2.44,15.67,13.23,0,0,0,13.23,2.44,0.11
Odisha,Kendujhar,Hatadihi,5,Badarampas,3.41,22.12,18.71,0,0,0,18.71,3.41,0.28
Odisha,Kendujhar,Hatadihi,6,Balibarei,-5.15,44.97,50.08,0,0,0,50.08,-5.12,0.15
Odisha,Kendujhar,Hatadihi,7,Bancho,-2.65,41.66,25.72,18.34,0.25,0,44.31,-2.65,0.2
Odisha,Kendujhar,Hatadihi,8,Bangore,9.36,53.1,43.73,0,0,0,43.73,9.36,0.21
Odisha,Kendujhar,Hatadihi,9,Danara,17.89,36.02,18.87,0,0,0,18.87,17.15,0.69
Odisha,Kendujhar,Hatadihi,10,Dhanurjaypur,-0.07,49.72,49.79,0,0,0,49.79,-0.07,0.88
Odisha,Kendujhar,Hatadihi,11,Dhenka,5.19,66.84,61.68,0,0,0,61.68,5.16,0.47
Odisha,Kendujhar,Hatadihi,12,Gedma,9.41,18.78,9.37,0,0,0,9.37,9.41,0.05
Odisha,Kendujhar,Hatadihi,13,Habaleswar,-0.06,17.12,22.35,0,0,0,22.35,-5.22,0.18
Odisha,Kendujhar,Hatadihi,14,Hadgarh,-1.19,35.09,36.28,0,0,0,36.28,-1.19,0.07
Odisha,Kendujhar,Hatadihi,15,Hatadihi,3.66,20.83,17.17,0,0,0,17.17,3.66,0.36
Odisha,Kendujhar,Hatadihi,16,Inchola,17.53,26.88,9.35,0,0,0,9.35,17.53,0.02
Odisha,Kendujhar,Hatadihi,17,Jambhira,15.59,47.49,27.86,3.95,0.05,0,31.86,15.63,0.16
Odisha,Kendujhar,Hatadihi,18,Kaligaon,12.02,39.45,19.49,7.82,0.12,0,27.43,12.02,0.03
Odisha,Kendujhar,Hatadihi,19,Kanleibalipal,2.33,17.55,15.23,0,0,0,15.23,2.33,0.05
Odisha,Kendujhar,Hatadihi,20,Mareigoan,-0.81,30.8,31.61,0,0,0,31.61,-0.81,0.05
Odisha,Kendujhar,Hatadihi,21,Orali,-1.58,22.87,20.91,3.49,0.04,0,24.45,-1.58,0.09
Odisha,Kendujhar,Hatadihi,22,Padhiaripalli,10.06,57.3,45.43,1.73,0.02,0,47.19,10.1,0.23
Odisha,Kendujhar,Hatadihi,23,Panchugochhia,-2.14,31.22,33.36,0,0,0,33.36,-2.14,0.03
Odisha,Kendujhar,Hatadihi,24,Pandado,0.45,23.91,23.46,0,0,0,23.46,0.45,0.09
Odisha,Kendujhar,Hatadihi,25,Sadanga,8.85,29.14,20.29,0,0,0,20.29,8.85,0.05
Odisha,Kendujhar,Hatadihi,26,Sadha,9.74,166.23,88.73,66.85,0.89,0,156.47,9.76,0.1
Odisha,Kendujhar,Hatadihi,27,Salania,14.01,41.96,27.88,0,0,0,27.88,14.08,0.16
Odisha,Kendujhar,Hatadihi,28,Samana,-4.22,53.56,47.95,10.23,0.15,0,58.32,-4.76,0.21
Odisha,Kendujhar,Hatadihi,29,Sasanga,-5.84,26.8,32.64,0,0,0,32.64,-5.84,1.16
Odisha,Kendujhar,Hatadihi,30,Soso,-0.26,50.22,50.49,0,0,0,50.49,-0.27,0.35
Odisha,Kendujhar,Hatadihi,31,Sulana,3.98,24.03,20.05,0,0,0,20.05,3.98,0.48
Odisha,Kendujhar,Hatadihi,,Total,121.54,1159.08,929.9,112.41,1.52,0,1043.83,115.26,7.3
Odisha,Kendujhar,Hatadihi,,Block Level Line Deptt.,-16.45,-16.45,25.98,31.34,0.33,0.01,57.66,-74.11,0.22
Odisha,Kendujhar,Hatadihi,,Po,-75.75,18.97,0,NA,NA,44.32,44.32,-25.35,NA
Odisha,Kendujhar,Hatadihi,,Grand Total,29.33,1161.6,955.88,143.75,1.85,44.33,1145.81,15.8,7.52
Odisha,Kendujhar,Hatadihi,1,Arsala,2.45,26.8,23.49,0.84,0.02,0,24.35,2.45,0.07
Odisha,Kendujhar,Jhumpura,2,Asanpat,15.18,51.85,36.7,0,0,0,36.7,15.15,0.77
Odisha,Kendujhar,Jhumpura,3,Badadumuria,3.82,51.16,37.44,9.9,0,0,47.34,3.82,0.09
Odisha,Kendujhar,Jhumpura,4,Badaneuli,-10.33,22.28,31.86,0.75,0,0,32.61,-10.33,0.1
Odisha,Kendujhar,Jhumpura,5,Balibandha,25.89,71.48,45.2,0.05,0,0,45.25,26.23,0.36
Odisha,Kendujhar,Jhumpura,6,Baria,-4.27,31.7,25.97,9.82,0.02,0,35.81,-4.11,0.23
Odisha,Kendujhar,Jhumpura,7,Basantapur,0.85,26.43,24.61,0.78,0,0,25.4,1.03,0.18
Odisha,Kendujhar,Jhumpura,8,Chauthia,-2.31,30.4,29.69,3.02,0.02,0,32.73,-2.33,0.25
Odisha,Kendujhar,Jhumpura,9,Dhanurjaypur,4.69,34.19,29.53,0,0,0,29.53,4.67,0.1
Odisha,Kendujhar,Jhumpura,10,Gumura,-2.24,14.67,16.91,0,0,0,16.91,-2.24,0.13
Odisha,Kendujhar,Jhumpura,11,Gundunia,9.35,32.98,22.34,1.29,0,0,23.62,9.36,0.02
Odisha,Kendujhar,Jhumpura,12,Jhumpura,-4.71,14.74,19.45,0,0,0,19.45,-4.71,0
Odisha,Kendujhar,Jhumpura,13,Khendara,16.1,41.25,23.23,1.93,0,0,25.16,16.1,0
Odisha,Kendujhar,Jhumpura,14,Khuntapada,-4.05,131.7,73.98,61.73,0.09,0,135.81,-4.11,0.61
Odisha,Kendujhar,Jhumpura,15,Kutugaon,19.65,94.02,74.37,0,0,0,74.37,19.65,0.22
Odisha,Kendujhar,Jhumpura,16,Malada,-7.48,28.37,33.46,2.44,0,0,35.9,-7.53,0.04
Odisha,Kendujhar,Jhumpura,17,Nahabeda,20.14,60.68,40.14,1.31,0.02,0,41.47,19.21,1.76
Odisha,Kendujhar,Jhumpura,18,Naradpur,8.25,16.97,8.72,0,0,0,8.72,8.25,0.16
Odisha,Kendujhar,Jhumpura,19,Nayagada,3.63,42.08,38.45,0,0,0,38.45,3.63,0
Odisha,Kendujhar,Jhumpura,20,Nischintapur,-0.7,31.03,31.73,0,0,0,31.73,-0.7,0.04
Odisha,Kendujhar,Jhumpura,21,Tukudiha,0.48,81.05,67.79,12.85,0.02,0,80.66,0.39,0.36
Odisha,Kendujhar,Jhumpura,22,Ukhunda,-5.67,16.97,20.05,2.59,0,0,22.64,-5.67,0.02
Odisha,Kendujhar,Jhumpura,,Total,88.7,952.79,755.09,109.31,0.18,0,864.59,88.2,5.52
Odisha,Kendujhar,Jhumpura,,Block Level Line Deptt.,-91.71,-91.71,137.55,61.14,0.16,1.14,200,-291.71,3.17
Odisha,Kendujhar,Jhumpura,,Po,-47.04,8.56,0,NA,NA,31.09,31.09,-22.53,NA
Odisha,Kendujhar,Jhumpura,,Grand Total,-50.06,869.64,892.64,170.45,0.34,32.23,1095.68,-226.04,8.69
Odisha,Kendujhar,Jhumpura,1,Ansheikala,-1.99,61.68,42.87,20.46,0.33,0,63.66,-1.97,0.22
Odisha,Kendujhar,Joda,2,Badakalimati,-5.56,22.53,18.25,9.23,0.61,0,28.09,-5.56,0
Odisha,Kendujhar,Joda,3,Balada,1.11,10.96,10.53,0,0,0,10.52,0.43,0.02
Odisha,Kendujhar,Joda,4,Balagoda,-1.06,3.86,4.91,0,0,0,4.91,-1.05,0
Odisha,Kendujhar,Joda,5,Balani,-7.48,38.1,38.32,7.71,0.16,0,46.18,-8.08,0.79
Odisha,Kendujhar,Joda,6,Bhadrasahi,-1.76,7.95,9.71,0,0,0,9.71,-1.76,0
Odisha,Kendujhar,Joda,7,Bhuyanroida,-4.1,24.5,20.23,11.76,0.14,0,32.13,-7.63,0.96
Odisha,Kendujhar,Joda,8,Birikala,0.77,45.69,32.5,12.14,0.23,0,44.86,0.83,0.15
Odisha,Kendujhar,Joda,9,Chamakpur,-4.07,20.25,18.68,5.44,0.09,0,24.21,-3.97,0.17
Odisha,Kendujhar,Joda,10,Deojhar,0.34,33.29,21.28,11.52,0.18,0,32.98,0.31,0.18
Odisha,Kendujhar,Joda,11,Guali,0.59,9.47,8.81,0,0,0,8.81,0.66,0.12
Odisha,Kendujhar,Joda,12,Jajanga,-2.49,10.94,13.4,0.48,0,0,13.89,-2.94,0.35
Odisha,Kendujhar,Joda,13,Jalahari,1.32,4.58,3.32,0,0,0,3.32,1.26,0.06
Odisha,Kendujhar,Joda,14,Jurudi,0,5.37,5.41,14.33,0.49,0,20.23,-14.85,0
Odisha,Kendujhar,Joda,15,Kandara,1.29,32.14,24.57,10.25,0.21,0,35.03,-2.89,0.16
Odisha,Kendujhar,Joda,16,Karakhendra,0,29.94,30.15,3.84,0.04,0,34.03,-4.09,0.28
Odisha,Kendujhar,Joda,17,Laidapada,-0.01,9.56,10.05,4.27,0.44,0,14.76,-5.2,0.12
Odisha,Kendujhar,Joda,18,Palasha,1.06,22.34,21.28,0.54,0,0,21.82,0.52,0
Odisha,Kendujhar,Joda,19,Serenda,0,10.79,11.29,19.14,0.23,0,30.65,-19.87,0.1
Odisha,Kendujhar,Joda,,Total,-22.05,403.95,345.53,131.11,3.15,0,479.79,-75.84,3.67
Odisha,Kendujhar,Joda,,Block Level Line Deptt.,0,0,5.03,22.32,1.11,0,28.46,-28.46,0.1
Odisha,Kendujhar,Joda,,Po,-0.75,98.69,0,NA,NA,20.42,20.42,78.27,NA
Odisha,Kendujhar,Joda,,Grand Total,-22.8,502.65,350.56,153.43,4.26,20.42,528.67,-26.03,3.77
Odisha,Kendujhar,Joda,1,Baradapal,8.78,29.08,17.16,5.38,0.08,0,22.62,6.47,0.09
Odisha,Kendujhar,Kendujhar Sadar,2,Bauripada,0.51,44.72,32.26,12.04,0.21,0,44.51,0.22,0.33
Odisha,Kendujhar,Kendujhar Sadar,3,Bodapalsa,2.79,25.8,21.07,3.92,0.05,0,25.04,0.76,0.29
Odisha,Kendujhar,Kendujhar Sadar,4,Dimbo,10.95,46.57,32.59,7.97,0.09,0,40.64,5.93,0.28
Odisha,Kendujhar,Kendujhar Sadar,5,Gobardhan,2.2,38.2,24.31,15.53,0.18,0,40.02,-1.83,0.41
Odisha,Kendujhar,Kendujhar Sadar,6,Gopinathpur,0,20.03,13.21,23.24,0.26,0,36.71,-16.68,0.02
Odisha,Kendujhar,Kendujhar Sadar,7,Handibhanga,3.87,117.53,84.08,33.42,0.44,0,117.95,-0.42,0.79
Odisha,Kendujhar,Kendujhar Sadar,8,Janardan Pur,11.61,28.27,15.83,0.82,0.01,0,16.66,11.61,0.03
Odisha,Kendujhar,Kendujhar Sadar,9,Kandrapasi,1.52,40.09,33.48,8.98,0.12,0,42.57,-2.48,0.28
Odisha,Kendujhar,Kendujhar Sadar,10,Kathabari,1.29,28.79,22.44,10.36,0.14,0,32.94,-4.16,0.61
Odisha,Kendujhar,Kendujhar Sadar,11,Kaunrikala,0.3,23.21,21.62,1.8,0.02,0,23.45,-0.24,0.01
Odisha,Kendujhar,Kendujhar Sadar,12,Mahadeijoda,3.13,37.13,29.62,4.36,0.05,0,34.04,3.1,0.4
Odisha,Kendujhar,Kendujhar Sadar,13,Maidankel,-11.71,53.45,40.38,24.45,0.33,0,65.15,-11.71,0.01
Odisha,Kendujhar,Kendujhar Sadar,14,Mandua,0.99,17.65,16.87,0,0,0,16.87,0.78,0
Odisha,Kendujhar,Kendujhar Sadar,15,Naranpur,1.27,39.66,34.58,3.76,0.05,0,38.39,1.27,0.18
Odisha,Kendujhar,Kendujhar Sadar,16,Nelung,7.11,16.97,9.86,0,0,0,9.86,7.11,0.09
Odisha,Kendujhar,Kendujhar Sadar,17,Nuagaon,-8,13.11,21.68,7.91,0.09,0,29.67,-16.56,0.05
Odisha,Kendujhar,Kendujhar Sadar,18,Padmapur,0.87,22.62,19.17,3.64,0.04,0,22.84,-0.22,0.39
Odisha,Kendujhar,Kendujhar Sadar,19,Palaspanga,24.46,77.96,34.9,18.48,0.22,0,53.59,24.37,1.08
Odisha,Kendujhar,Kendujhar Sadar,20,Parjanpur,1.84,30.28,26.59,2.52,0.03,0,29.14,1.14,0.03
Odisha,Kendujhar,Kendujhar Sadar,21,Raghunathpur,1.91,68.8,39.84,29.37,0.44,0,69.66,-0.87,0.4
Odisha,Kendujhar,Kendujhar Sadar,22,Raikala,2.15,26.23,24.08,3.09,0.08,0,27.25,-1.02,0.09
Odisha,Kendujhar,Kendujhar Sadar,23,Raisuan,-5.66,2.94,8.52,1.93,0.02,0,10.48,-7.54,0.06
Odisha,Kendujhar,Kendujhar Sadar,24,Shankiri,1.23,22.72,19.98,3.33,0.04,0,23.35,-0.63,0.46
Odisha,Kendujhar,Kendujhar Sadar,25,Sirispal,-0.16,20.38,20.54,0,0,0,20.54,-0.16,0.1
Odisha,Kendujhar,Kendujhar Sadar,,Total,63.26,892.18,664.66,226.31,2.98,0,893.95,-1.77,6.48
Odisha,Kendujhar,Kendujhar Sadar,,Block Level Line Deptt.,-46.07,-46.07,97.87,27.38,0.35,4.83,130.42,-176.49,1.72
Odisha,Kendujhar,Kendujhar Sadar,,Po,3.3,101.18,0,NA,NA,22.12,22.12,79.06,NA
Odisha,Kendujhar,Kendujhar Sadar,,Grand Total,20.49,947.29,762.53,253.69,3.33,26.95,1046.49,-99.2,8.2
Odisha,Kendujhar,Kendujhar Sadar,1,Bada Patana,-24.08,47.88,48.15,21.4,2.41,0,71.96,-24.08,0.35
Odisha,Kendujhar,Patana,2,Baunshuli,-24.99,-2.01,21.21,1.62,0.23,0,23.05,-25.06,0.11
Odisha,Kendujhar,Patana,3,Budhikapudi,-55.24,-4.5,53.92,0.09,0.02,0,54.02,-58.52,0.07
Odisha,Kendujhar,Patana,4,Chakundapal,-61.91,-28.88,33.36,2.08,0.02,0,35.46,-64.34,0.14
Odisha,Kendujhar,Patana,5,Chemana,3.08,32.63,29.93,3.12,0.13,0,33.18,-0.55,0.35
Odisha,Kendujhar,Patana,6,Chinamalipasi,-16.31,24.25,40.59,0,0,0,40.59,-16.34,0.16
Odisha,Kendujhar,Patana,7,Dumuria,-3.93,53.5,52.45,4.35,0.36,0,57.16,-3.65,0.32
Odisha,Kendujhar,Patana,8,Erendei,-19.72,56.04,63.79,17.07,0.94,0,81.8,-25.76,0.11
Odisha,Kendujhar,Patana,9,Jamunaposi,-0.22,25.44,25.18,0.42,0.05,0,25.65,-0.21,0.45
Odisha,Kendujhar,Patana,10,Kantiapada,-22.46,23.13,43.83,1.66,0.15,0,45.64,-22.51,0.3
Odisha,Kendujhar,Patana,11,Kendeiposi,-19.83,45.28,63.41,3.9,0.37,0,67.68,-22.4,0.29
Odisha,Kendujhar,Patana,12,Khireitangiri,-0.16,30.76,30.81,0.24,0,0,31.06,-0.29,0.23
Odisha,Kendujhar,Patana,13,Mirigikhoji,1.97,38.99,32.99,3.5,0.51,0,37,2,0
Odisha,Kendujhar,Patana,14,Murusuan,8.32,41.69,32.84,2.31,0.27,0,35.42,6.27,0.38
Odisha,Kendujhar,Patana,15,Mushakhari,-12.61,16.77,33.38,5.57,0.91,0,39.85,-23.08,0
Odisha,Kendujhar,Patana,16,Palanaghati,-4.95,46.45,50.16,0.98,0.2,0,51.34,-4.89,0.47
Odisha,Kendujhar,Patana,17,Rajnagar,-3.92,18.24,20.92,1.99,0.22,0,23.13,-4.89,0.06
Odisha,Kendujhar,Patana,18,Saraskola,-1.36,46.62,42.16,8.12,0.71,0,50.99,-4.37,0.1
Odisha,Kendujhar,Patana,19,Tangarapada,-8.06,85.32,80.81,11.49,0.96,0,93.27,-7.94,0.08
Odisha,Kendujhar,Patana,20,Turumunga,-15.2,31.03,42.77,3.52,0.31,0,46.6,-15.57,0.09
Odisha,Kendujhar,Patana,,Total,-281.58,628.65,842.65,93.44,8.75,0,944.84,-316.19,4.06
Odisha,Kendujhar,Patana,,Block Level Line Deptt.,-524.66,-524.66,245.73,107.69,1.21,6.76,361.39,-886.05,0.83
Odisha,Kendujhar,Patana,,Po,0,88.7,0,NA,NA,26.17,26.17,62.53,NA
Odisha,Kendujhar,Patana,,Grand Total,-806.24,192.69,1088.38,201.13,9.96,32.93,1332.4,-1139.71,4.89
Odisha,Kendujhar,Patana,1,Baikala,0.96,36.5,28.5,6.72,0.33,0,35.55,0.96,0.05
Odisha,Kendujhar,Saharapada,2,Barbil,-3.88,101.76,81.22,23.76,0.66,0,105.64,-3.88,0.02
Odisha,Kendujhar,Saharapada,3,Dalapaka,3.72,42.64,33.64,7.19,0.12,0,40.95,1.7,0.2
Odisha,Kendujhar,Saharapada,4,Damahuda,2.83,69.81,32.67,36.13,0.47,0,69.26,0.55,0.38
Odisha,Kendujhar,Saharapada,5,Digiposi,1.71,40.52,25.82,12.78,0.22,0,38.82,1.71,0.31
Odisha,Kendujhar,Saharapada,6,Gandabeda,-0.85,81.94,56.67,25.71,0.4,0,82.79,-0.85,0.27
Odisha,Kendujhar,Saharapada,7,Gorasa,-0.42,58.05,35.83,25.13,0.3,0,61.26,-3.21,0.22
Odisha,Kendujhar,Saharapada,8,Kapundi,32.81,89.07,38.65,19.2,0.38,0,58.23,30.84,0.05
Odisha,Kendujhar,Saharapada,9,Khadikapada,-0.5,44.21,35.29,9.29,0.12,0,44.7,-0.5,0.54
Odisha,Kendujhar,Saharapada,10,Khajirapat,-0.6,98.37,57.27,41.32,0.81,0,99.39,-1.02,0.31
Odisha,Kendujhar,Saharapada,11,Khuntapada,0.23,43.33,37.16,5.84,0.09,0,43.09,0.23,0.14
Odisha,Kendujhar,Saharapada,12,Kundala,5.27,44.82,31.35,8.11,0.08,0,39.55,5.27,0.09
Odisha,Kendujhar,Saharapada,13,Machhagarh,0.08,160.72,96.31,63.47,1.01,0,160.8,-0.08,0.9
Odisha,Kendujhar,Saharapada,14,Malarpada,3.49,55.41,34.02,17.67,0.23,0,51.93,3.48,0.52
Odisha,Kendujhar,Saharapada,15,Raidiha,11.96,35.81,21.76,2.01,0.08,0,23.85,11.96,0.2
Odisha,Kendujhar,Saharapada,16,Saharapada,-1.54,181.02,107.43,78.54,2.52,0,188.5,-7.48,0.53
Odisha,Kendujhar,Saharapada,17,Shankhua,-0.12,151.77,70.15,80.67,1.08,0,151.9,-0.13,0.26
Odisha,Kendujhar,Saharapada,18,Silipada,0.51,54.36,35.44,18.07,0.34,0,53.85,0.51,0.15
Odisha,Kendujhar,Saharapada,19,Tendera,0.32,56.81,38.18,18.02,0.31,0,56.52,0.3,0.34
Odisha,Kendujhar,Saharapada,20,Udayapur,-4.87,108.72,75.19,37.94,0.74,0,113.87,-5.15,0.15
Odisha,Kendujhar,Saharapada,,Total,51.1,1555.65,972.55,537.58,10.3,0,1520.43,35.22,5.63
Odisha,Kendujhar,Saharapada,,Block Level Line Deptt.,5.04,5.04,64.68,32.53,0.05,1.77,99.03,-93.99,0.2
Odisha,Kendujhar,Saharapada,,Po,-0.36,57.22,0,NA,NA,39.04,39.04,18.18,NA
Odisha,Kendujhar,Saharapada,,Grand Total,55.79,1617.91,1037.23,570.11,10.35,40.81,1658.5,-40.59,5.83
Odisha,Kendujhar,Saharapada,1,Akula,-10.81,20.48,25.89,5.36,0.09,0,31.34,-10.86,1.71
Odisha,Kendujhar,Telkoi,2,Balabhadrapur,-6.91,24.2,25.04,6,0.06,0,31.1,-6.91,1.44
Odisha,Kendujhar,Telkoi,3,Bhimkand,3.48,56.5,30.47,24.36,0.3,0,55.12,1.37,0.67
Odisha,Kendujhar,Telkoi,4,Bimala,0.42,76.01,45.48,34.17,0.39,0,80.03,-4.02,2.06
Odisha,Kendujhar,Telkoi,5,Binjabahal,4.23,23.31,16.45,2.6,0.03,0,19.09,4.23,0.24
Odisha,Kendujhar,Telkoi,6,Chhamunda,1.35,31.38,28.65,1.36,0.02,0,30.03,1.35,2.14
Odisha,Kendujhar,Telkoi,7,Deuladiha,2.03,82.52,33.96,45.96,0.61,0,80.53,1.99,1.02
Odisha,Kendujhar,Telkoi,8,Dobalapal,-2.71,30.65,17.91,15.27,0.18,0,33.37,-2.71,1.02
Odisha,Kendujhar,Telkoi,9,Jagamohanpur,-7.92,20.72,28.65,0,0,0,28.65,-7.93,1.88
Odisha,Kendujhar,Telkoi,10,Kaliahata,-1.98,94.3,70.28,25.58,0.42,0,96.28,-1.97,0.63
Odisha,Kendujhar,Telkoi,11,Karadangi,-0.05,158.09,61.31,95.82,1.05,0,158.17,-0.09,6.07
Odisha,Kendujhar,Telkoi,12,Karamangi,6.89,58.59,18.28,33.06,0.38,0,51.72,6.87,1.08
Odisha,Kendujhar,Telkoi,13,Khuntapada,1.99,63.4,43.72,17.5,0.22,0,61.44,1.96,2.87
Odisha,Kendujhar,Telkoi,14,Oriya-Birida,-7.26,58.31,41.42,23.84,0.31,0,65.57,-7.26,0.7
Odisha,Kendujhar,Telkoi,15,Podang,3.97,30.7,16.07,10.57,0.09,0,26.73,3.97,0.54
Odisha,Kendujhar,Telkoi,16,Purujoda,-10.9,36.03,35.96,10.82,0.17,0,46.95,-10.92,0.2
Odisha,Kendujhar,Telkoi,17,Raisuan,6.74,68.52,48.29,13.2,0.29,0,61.78,6.74,0.49
Odisha,Kendujhar,Telkoi,18,Saleikena,2.85,34.34,31.52,0,0,0,31.52,2.82,0.05
Odisha,Kendujhar,Telkoi,19,Sibanarayanpurgoda,1.27,38.83,32.36,5.03,0.05,0,37.43,1.39,0.41
Odisha,Kendujhar,Telkoi,20,Sirigida,3.41,26.59,21.09,2.06,0.03,0,23.18,3.41,0.77
Odisha,Kendujhar,Telkoi,21,Talapada,1.5,35.74,20.8,13.14,0.21,0,34.16,1.58,0.38
Odisha,Kendujhar,Telkoi,22,Telkoi,0.8,35.05,26.54,7.56,0.15,0,34.25,0.8,0.23
Odisha,Kendujhar,Telkoi,,Total,-7.62,1104.25,720.13,393.26,5.04,0,1118.43,-14.18,26.59
Odisha,Kendujhar,Telkoi,,Block Level Line Deptt.,40.43,40.43,245.82,354.76,3.67,1.8,606.05,-565.62,4.75
Odisha,Kendujhar,Telkoi,,Po,-65.62,376.53,0,NA,NA,34.54,34.54,341.99,NA
Odisha,Kendujhar,Telkoi,,Grand Total,-32.81,1521.21,965.95,748.02,8.71,36.34,1759.02,-237.81,31.34
Odisha ,Koraput,Telkoi,1,Almanda,0,46.63,31.79,17.53,1.88,0,51.2,-4.57,0.47
Odisha ,Koraput,Bandhugaon,2,Badasorpolli,0,37.42,36.31,0.7,0.07,0,37.08,0.34,0.84
Odisha ,Koraput,Bandhugaon,3,Bandhugaon,0,41.31,35.09,6.89,0.88,0,42.87,-1.55,0.56
Odisha ,Koraput,Bandhugaon,4,Garidi,0,112.48,93.52,21.03,2.5,0,117.05,-4.57,0.79
Odisha ,Koraput,Bandhugaon,5,Jaguguda,-0.01,59.84,50.81,10.63,0.85,0,62.29,-2.45,0.5
Odisha ,Koraput,Bandhugaon,6,Kaberibadi,0,16.34,16.59,5.7,0.55,0,22.84,-6.5,0.44
Odisha ,Koraput,Bandhugaon,7,Kanagam,-0.12,13.16,14.18,0.44,0.01,0,14.63,-1.48,0.01
Odisha ,Koraput,Bandhugaon,8,Kapalada,-0.02,49.25,36.82,17.37,1.72,0,55.91,-6.66,0.54
Odisha ,Koraput,Bandhugaon,9,Kumbhagonda,0,30.37,29.5,4.95,0.55,0,34.99,-4.62,0.07
Odisha ,Koraput,Bandhugaon,10,Kumbhariput,-0.09,34.04,34.28,3.89,0.31,0,38.49,-4.45,0.54
Odisha ,Koraput,Bandhugaon,11,Kutrabeda,-0.07,56.15,47.15,6.95,0.88,0,54.98,1.18,0.62
Odisha ,Koraput,Bandhugaon,12,Nilabadi,0,24.5,24.25,0.94,0.19,0,25.38,-0.87,0.67
Odisha ,Koraput,Bandhugaon,13,Pedaoloda,0,47.41,41.37,6.27,0.73,0,48.37,-0.96,0.4
Odisha ,Koraput,Bandhugaon,,Total,-0.31,568.91,491.67,103.3,11.11,0,606.08,-37.17,6.44
Odisha ,Koraput,Bandhugaon,,Block Level Line Deptt.,-0.33,-0.33,62.81,20.96,0,0,83.77,-84.1,0.47
Odisha ,Koraput,Bandhugaon,,Po,-3.53,61.86,0,NA,NA,21.27,21.27,40.59,NA
Odisha ,Koraput,Bandhugaon,,Grand Total,-4.17,630.43,554.48,124.26,11.11,21.27,711.12,-80.68,6.91
Odisha ,Koraput,Bandhugaon,1,Baligam,0,48.92,45.73,2.17,0.12,0,48.02,0.9,0.29
Odisha ,Koraput,Boipariguda,2,Bodaput,0,74.92,68.9,4.77,0.64,0,74.32,0.6,0.33
Odisha ,Koraput,Boipariguda,3,Boipariguda,0,27.62,22.13,4.87,0.62,0,27.62,0,0.11
Odisha ,Koraput,Boipariguda,4,Chandrapada,-0.04,32.44,22.94,8.53,1.01,0,32.48,-0.04,0
Odisha ,Koraput,Boipariguda,5,Cherka,0,56.67,44,11.05,1.58,0,56.62,0.05,0.42
Odisha ,Koraput,Boipariguda,6,Chipakur,0,60.79,50.17,9.44,1.15,0,60.76,0.03,0.12
Odisha ,Koraput,Boipariguda,7,Dandabadi,0,106.01,93.84,11.3,0.87,0,106.01,0,0.19
Odisha ,Koraput,Boipariguda,8,Dasamanthpur,-0.03,67.4,52.59,14.56,1.1,0,68.26,-0.85,0.7
Odisha ,Koraput,Boipariguda,9,Doraguda,0,67.29,66.51,0.7,0.04,0,67.26,0.03,0
Odisha ,Koraput,Boipariguda,10,Gupteswar,0,42.89,38.22,4.21,0.46,0,42.89,0,1.68
Odisha ,Koraput,Boipariguda,11,Kathapada,0,71.5,61.49,9.59,0.43,0,71.5,0,0.05
Odisha ,Koraput,Boipariguda,12,Kenduguda,0,86.58,77.52,6.68,0.62,0,84.82,1.75,0.72
Odisha ,Koraput,Boipariguda,13,Kollar,-0.22,97.44,58.97,34.17,3.75,0,96.89,0.55,0.05
Odisha ,Koraput,Boipariguda,14,Majhiguda,0,66.94,48.15,16.98,1.03,0,66.16,0.78,0.27
Odisha ,Koraput,Boipariguda,15,Mathpada,0,99.04,94.34,4.09,0.64,0,99.07,-0.03,0.17
Odisha ,Koraput,Boipariguda,16,Mohuli,-0.01,74.79,47.5,24.54,2.53,0,74.56,0.23,0.23
Odisha ,Koraput,Boipariguda,17,Pendapada,0,62.48,52.55,9.41,0.51,0,62.48,0,0.04
Odisha ,Koraput,Boipariguda,18,Pujariguda,0,31.34,27.37,3.53,0.45,0,31.34,0,0.19
Odisha ,Koraput,Boipariguda,19,Ramagiri,-0.02,60.34,55.53,4.4,0.43,0,60.36,-0.02,0.04
Odisha ,Koraput,Boipariguda,20,Tentuligumma,0,30.12,29.19,0.86,0.08,0,30.12,0,0.04
Odisha ,Koraput,Boipariguda,,Total,-0.32,1265.51,1057.62,185.85,18.06,0,1261.53,3.98,5.65
Odisha ,Koraput,Boipariguda,,Block Level Line Deptt.,-1.21,-1.21,95.8,178.56,21.2,0.62,296.17,-297.38,0.15
Odisha ,Koraput,Boipariguda,,Po,-13.49,278.23,0,NA,NA,43.72,43.72,234.51,NA
Odisha ,Koraput,Boipariguda,,Grand Total,-15.01,1542.53,1153.42,364.41,39.26,44.34,1601.42,-58.89,5.8
Odisha ,Koraput,Boipariguda,1,Anchala,-0.04,60.93,34.63,25.74,0,0,60.37,0.56,0.71
Odisha ,Koraput,Borigumma,2,Aunli,0,70.05,45.79,24.27,0,0,70.06,-0.01,0.87
Odisha ,Koraput,Borigumma,3,B.Singpur,0,55.2,37.89,17.18,0,0,55.07,0.13,0.15
Odisha ,Koraput,Borigumma,4,Bandiguda,0,45.1,29.52,15.58,0,0,45.1,0,0.69
Odisha ,Koraput,Borigumma,5,Benagam,0,57.41,40.5,16.96,0,0,57.47,-0.06,0.12
Odisha ,Koraput,Borigumma,6,Benasur,-0.06,62.66,33.53,29.19,0,0,62.72,-0.06,0.58
Odisha ,Koraput,Borigumma,7,Bijapur,0,44.67,37.51,7.16,0,0,44.67,0,0.26
Odisha ,Koraput,Borigumma,8,Bodigam,0,59.51,36.58,22.49,0,0,59.06,0.45,0.6
Odisha ,Koraput,Borigumma,9,Borigumma,-0.08,105.18,64.17,41.03,0,0,105.2,-0.02,0.37
Odisha ,Koraput,Borigumma,10,Champapodar,0,52.5,38.2,14.18,0,0,52.38,0.12,1.7
Odisha ,Koraput,Borigumma,11,Dengapodar,0,85.01,54.59,30.13,0,0,84.72,0.29,0.53
Odisha ,Koraput,Borigumma,12,Gujuniguda,0,67.36,47.53,19.76,0,0,67.29,0.07,0.93
Odisha ,Koraput,Borigumma,13,Gumuda,0,57.21,34.42,22.79,0,0,57.21,0,0.3
Odisha ,Koraput,Borigumma,14,Haridaguda,0,29.91,28.14,1.94,0,0,30.07,-0.17,0.52
Odisha ,Koraput,Borigumma,15,Hordoli,0,72.06,50,22.06,0,0,72.06,0,0.51
Odisha ,Koraput,Borigumma,16,Jujhari,0,55.66,34.67,20.88,0.02,0,55.57,0.09,0.53
Odisha ,Koraput,Borigumma,17,Kamara,0,71.65,49.41,22.72,0,0,72.13,-0.48,0.27
Odisha ,Koraput,Borigumma,18,Kamata,0,75.56,44.52,31.02,0,0,75.54,0.01,0.33
Odisha ,Koraput,Borigumma,19,Kanagam,0,56.61,42.24,14.16,0,0,56.4,0.22,0
Odisha ,Koraput,Borigumma,20,Katharagada,-0.02,70.33,45.03,25.32,0,0,70.35,-0.02,0.95
Odisha ,Koraput,Borigumma,21,Kumuli,-0.04,54.55,37.71,16.88,0,0,54.59,-0.04,0.95
Odisha ,Koraput,Borigumma,22,Malda,0,77.3,55.92,21.38,0,0,77.3,0,0.55
Odisha ,Koraput,Borigumma,23,Munja,0,54.31,37.14,16.76,0,0,53.9,0.41,0.41
Odisha ,Koraput,Borigumma,24,Narigam,0,59.82,46.96,12.86,0,0,59.82,0,0.16
Odisha ,Koraput,Borigumma,25,Nuagam,-0.11,48.08,26.48,21.73,0,0,48.21,-0.13,0.4
Odisha ,Koraput,Borigumma,26,Pondasguda,0,82.02,57.22,24.36,0,0,81.57,0.45,0.68
Odisha ,Koraput,Borigumma,27,Ranaspur,0,50.95,39.57,11.14,0,0,50.7,0.25,0.49
Odisha ,Koraput,Borigumma,28,Sanoparia,0,114.11,52.24,61.35,0,0,113.59,0.53,0.3
Odisha ,Koraput,Borigumma,29,Sargiguda,-0.01,54.8,40.98,13.84,0,0,54.81,-0.01,2.41
Odisha ,Koraput,Borigumma,30,Semelaguda,0,45.44,32.24,13.17,0,0,45.42,0.03,0.22
Odisha ,Koraput,Borigumma,31,Sosahandi,-0.04,59.1,36.99,21.84,0,0,58.83,0.27,0.34
Odisha ,Koraput,Borigumma,,Total,-0.41,1955.06,1292.31,659.86,0.02,0,1952.18,2.88,17.82
Odisha ,Koraput,Borigumma,,Block Level Line Deptt.,-11.3,-11.3,77.75,78.78,1.65,0.67,158.85,-170.15,0.83
Odisha ,Koraput,Borigumma,,Po,-6.12,119.65,0,NA,NA,49.53,49.53,70.12,NA
Odisha ,Koraput,Borigumma,,Grand Total,-17.83,2063.41,1370.06,738.64,1.67,50.2,2160.56,-97.15,18.65
Odisha ,Koraput,Borigumma,1,Chanabada,0,103.31,64.96,38.37,0,0,103.33,-0.03,2.11
Odisha ,Koraput,Dasamantapur,2,Chikambo,-0.01,108.01,60.26,47.63,0,0,107.9,0.11,0.14
Odisha ,Koraput,Dasamantapur,3,Dasamantapur,-0.11,71.78,40.86,30.12,0,0,70.99,0.79,0.94
Odisha ,Koraput,Dasamantapur,4,Duarsuni,0,65.37,52.04,14.08,0,0,66.13,-0.76,0
Odisha ,Koraput,Dasamantapur,5,Dumbaguda,-0.02,29.74,17.05,12.7,0,0,29.76,-0.02,0.52
Odisha ,Koraput,Dasamantapur,6,Gadiaguda,0,84.88,65.81,19.06,0,0,84.87,0.01,1.01
Odisha ,Koraput,Dasamantapur,7,Giriligumma,0,257.25,170.26,87.13,0,0,257.39,-0.14,19.11
Odisha ,Koraput,Dasamantapur,8,Lulla,-0.74,39.27,30.42,9.56,0,0,39.98,-0.71,0.8
Odisha ,Koraput,Dasamantapur,9,Malkangiri,-0.04,24.37,17.53,7,0,0,24.53,-0.16,0
Odisha ,Koraput,Dasamantapur,10,Mujango,0,50.4,27.46,23.52,0,0,50.98,-0.58,0.12
Odisha ,Koraput,Dasamantapur,11,Murkar,0,199.94,103.47,96.36,0,0,199.84,0.11,1.06
Odisha ,Koraput,Dasamantapur,12,Nandigam,0,46.49,35.04,11.45,0,0,46.49,0,0.41
Odisha ,Koraput,Dasamantapur,13,Paika Phulbeda,0,58.86,51.05,7.8,0,0,58.85,0.01,0.5
Odisha ,Koraput,Dasamantapur,14,Pindapadar,0,105.59,90.91,14.71,0,0,105.62,-0.03,2.08
Odisha ,Koraput,Dasamantapur,15,Podagada,0,72.76,40.64,32.15,0,0,72.79,-0.03,1.17
Odisha ,Koraput,Dasamantapur,16,Poraja Bedapodar,-0.01,21.68,16.45,5.22,0,0,21.68,0,0.74
Odisha ,Koraput,Dasamantapur,,Total,-0.93,1339.69,884.22,456.89,0,0,1341.11,-1.42,30.7
Odisha ,Koraput,Dasamantapur,,Block Level Line Deptt.,-2.36,-2.36,236.49,122.76,0.84,1.85,361.94,-364.3,7
Odisha ,Koraput,Dasamantapur,,Po,-1.98,102.31,0,NA,NA,17.41,17.41,84.9,NA
Odisha ,Koraput,Dasamantapur,,Grand Total,-5.26,1439.63,1120.71,579.65,0.84,19.26,1720.46,-280.82,37.7
Odisha ,Koraput,Dasamantapur,1,Ambaguda,0,18.95,9.55,9.28,0.11,0,18.94,0.02,0.02
Odisha ,Koraput,Jeypore,2,Anta,0,47.27,37.41,9.63,0.12,0,47.17,0.1,0.02
Odisha ,Koraput,Jeypore,3,Badajiuna,0,29.47,16.76,12.57,0.11,0,29.44,0.03,0
Odisha ,Koraput,Jeypore,4,Balia,-0.03,25.74,19.58,6.06,0.06,0,25.7,0.04,0.23
Odisha ,Koraput,Jeypore,5,Bariniput,0,30.8,19.1,11.62,0.08,0,30.8,0,0
Odisha ,Koraput,Jeypore,6,Dhanpur,0,36.9,31.94,2.98,0,0,34.92,1.98,0.16
Odisha ,Koraput,Jeypore,7,Dongarchinchi,0,80.11,52.82,27.12,0.13,0,80.07,0.04,0.36
Odisha ,Koraput,Jeypore,8,Ekamba,0,14.11,12.12,1.99,0,0,14.11,0,0
Odisha ,Koraput,Jeypore,9,Gadapadar,0,42.86,21.96,20.78,0.02,0,42.77,0.09,0.1
Odisha ,Koraput,Jeypore,10,Hadia,0,46.52,36.4,9.98,0.12,0,46.5,0.02,0.08
Odisha ,Koraput,Jeypore,11,Jamunda,0,41.55,27.55,13.88,0.12,0,41.55,0,0.33
Odisha ,Koraput,Jeypore,12,Jayantigiri,0,30.59,28.08,2.48,0.03,0,30.59,0,0
Odisha ,Koraput,Jeypore,13,Kaliagam,0,26.48,19.07,7.34,0.07,0,26.48,0,0.19
Odisha ,Koraput,Jeypore,14,Kebidi,0,35.79,29.42,6.23,0.05,0,35.69,0.1,0.13
Odisha ,Koraput,Jeypore,15,Konga,0,79.46,64.83,14.49,0.09,0,79.42,0.04,0.11
Odisha ,Koraput,Jeypore,16,Kumuliput,0,19.24,17.89,1.35,0,0,19.24,0,0.03
Odisha ,Koraput,Jeypore,17,Phampuni,0,36.06,16.35,19.59,0.09,0,36.03,0.04,0.52
Odisha ,Koraput,Jeypore,18,Pujariput,0,42.62,17.71,24.78,0.13,0,42.62,0,0.06
Odisha ,Koraput,Jeypore,19,Randapalli,0,32.22,30.99,1.17,0,0,32.16,0.06,0.12
Odisha ,Koraput,Jeypore,20,Ranigada,0,22.19,19.29,2.85,0.02,0,22.16,0.03,0
Odisha ,Koraput,Jeypore,21,Tankua,0,42.09,29.31,12.79,0,0,42.09,0,0.21
Odisha ,Koraput,Jeypore,22,Umuri,0,37.89,22.53,15.3,0.07,0,37.89,0,0.15
Odisha ,Koraput,Jeypore,,Total,-0.03,818.91,580.65,234.28,1.41,0,816.34,2.58,2.81
Odisha ,Koraput,Jeypore,,Block Level Line Deptt.,-7.59,-7.59,47.54,106.09,0.9,0.43,154.96,-162.55,0.9
Odisha ,Koraput,Jeypore,,Po,-3.08,134.66,0,NA,NA,31.94,31.94,102.72,NA
Odisha ,Koraput,Jeypore,,Grand Total,-10.7,945.98,628.19,340.37,2.31,32.37,1003.24,-57.25,3.71
Odisha ,Koraput,Jeypore,1,Bada Kerenga,-0.01,84.19,50.23,32.97,2.02,0,85.22,-1.03,0.03
Odisha ,Koraput,Koraput,2,Bada Suku,0,92.82,48.81,42.76,1.24,0,92.82,0,0.4
Odisha ,Koraput,Koraput,3,Deoghati,0,52.22,29.62,21.2,1.4,0,52.22,0,0.25
Odisha ,Koraput,Koraput,4,Dumuripadar,0,47.76,31.8,14.67,1.38,0,47.85,-0.1,0.64
Odisha ,Koraput,Koraput,5,Kendar,0,44.24,35.7,8.71,0.22,0,44.63,-0.39,0.24
Odisha ,Koraput,Koraput,6,Lankaput,0,40.75,24.05,15.59,1.15,0,40.79,-0.03,0.25
Odisha ,Koraput,Koraput,7,Litiguda,0,38.44,33.74,4.15,0.6,0,38.49,-0.05,0.04
Odisha ,Koraput,Koraput,8,Mahadeiput,0,48.11,39.73,8.24,0.19,0,48.16,-0.05,0.18
Odisha ,Koraput,Koraput,9,Manbar,0,26.25,18.46,7.54,0.32,0,26.32,-0.07,0.05
Odisha ,Koraput,Koraput,10,Marichmal,0,13.39,8.41,4.7,0.28,0,13.39,-0.01,0.02
Odisha ,Koraput,Koraput,11,Mastiput,0,60.41,33.6,25.03,1.97,0,60.61,-0.2,0.09
Odisha ,Koraput,Koraput,12,Mathalput,0,32.68,23.4,8.74,0.87,0,33.02,-0.34,0.21
Odisha ,Koraput,Koraput,13,Padmapur,0,42.21,29.65,11.83,0.45,0,41.93,0.28,0.11
Odisha ,Koraput,Koraput,14,Umuri,0,23.95,20.3,3.79,0.25,0,24.34,-0.38,0
Odisha ,Koraput,Koraput,,Total,-0.01,647.42,427.5,209.93,12.36,0,649.78,-2.36,2.5
Odisha ,Koraput,Koraput,,Block Level Line Deptt.,-2.79,-2.79,58.21,68.37,1.93,11.47,139.97,-142.76,0.62
Odisha ,Koraput,Koraput,,Po,-5.07,46.55,0,NA,NA,26.14,26.14,20.41,NA
Odisha ,Koraput,Koraput,,Grand Total,-7.88,691.18,485.71,278.3,14.29,37.61,815.89,-124.71,3.12
Odisha ,Koraput,Koraput,1,Batasana,-0.03,71.15,53.4,17.2,0.6,0,71.19,-0.04,0.42
Odisha ,Koraput,Kotpad,2,Bhonsuli,0,43.73,25.28,17.8,0.66,0,43.73,0,0.61
Odisha ,Koraput,Kotpad,3,Bobeya,0,65.01,35.69,27.35,2.9,0,65.94,-0.93,0.43
Odisha ,Koraput,Kotpad,4,Chandili,0,58.1,39.04,20.24,0.27,0,59.56,-1.47,0.51
Odisha ,Koraput,Kotpad,5,Chhattarla,0,41.42,26.59,15.62,0,0,42.21,-0.79,0.12
Odisha ,Koraput,Kotpad,6,Chitra,0,30.38,22.11,8.09,0.15,0,30.35,0.03,0
Odisha ,Koraput,Kotpad,7,Dhamanahandi,0,67.12,52.42,18.02,0.35,0,70.8,-3.68,0.63
Odisha ,Koraput,Kotpad,8,Ghumar,0,29.68,24.38,10.78,0.43,0,35.58,-5.9,0.08
Odisha ,Koraput,Kotpad,9,Girla,0,39.16,38.6,13.17,0.77,0,52.53,-13.37,0.03
Odisha ,Koraput,Kotpad,10,Guali,0,17.07,10.29,13.23,0.43,0,23.95,-6.88,0.17
Odisha ,Koraput,Kotpad,11,Gumuda,0,10.03,8.79,1.74,0.16,0,10.68,-0.65,0.09
Odisha ,Koraput,Kotpad,12,Kusumi,0,60.12,39.61,19.1,1.29,0,60.01,0.11,0.15
Odisha ,Koraput,Kotpad,13,Murtahandi,0,83.42,56.38,31.99,0.74,0,89.12,-5.7,0.31
Odisha ,Koraput,Kotpad,14,S.B.Nuagam,0,54.98,36.1,22.75,0.77,0,59.62,-4.63,1.72
Odisha ,Koraput,Kotpad,15,Sadaranga,0,45.5,29.48,19.2,0.54,0,49.22,-3.72,0.41
Odisha ,Koraput,Kotpad,16,Sarigiguda,0,91.73,57.38,34.3,0.04,0,91.73,0,0.02
Odisha ,Koraput,Kotpad,17,Sutipadar,0,49.39,29.72,32.32,0.64,0,62.67,-13.28,0.47
Odisha ,Koraput,Kotpad,,Total,-0.04,857.97,585.25,322.9,10.73,0,918.88,-60.91,6.19
Odisha ,Koraput,Kotpad,,Block Level Line Deptt.,-0.43,-0.43,18.34,10.9,0.11,0.14,29.49,-29.92,0.86
Odisha ,Koraput,Kotpad,,Po,-4.04,98.27,0,NA,NA,31.95,31.95,66.32,NA
Odisha ,Koraput,Kotpad,,Grand Total,-4.5,955.81,603.59,333.8,10.84,32.09,980.32,-24.51,7.05
Odisha ,Koraput,Kotpad,1,Assana,-0.01,36.18,25.16,11.51,0.83,0,37.5,-1.32,0.68
Odisha ,Koraput,Kundura,2,Bagderi,-0.05,65.94,56.76,10.64,0.51,0,67.91,-1.97,0.52
Odisha ,Koraput,Kundura,3,Banuaguda,0,51.61,39.96,13.25,0.92,0,54.13,-2.53,1.35
Odisha ,Koraput,Kundura,4,Bhusanguda,-0.06,57.12,42.54,20.32,1.79,0,64.65,-7.53,1.2
Odisha ,Koraput,Kundura,5,Dangarpaunsi,0,50.45,34.9,14.74,1.6,0,51.24,-0.78,0.8
Odisha ,Koraput,Kundura,6,Digapur,-0.32,30.11,29.55,0.84,0.04,0,30.43,-0.32,0.11
Odisha ,Koraput,Kundura,7,Ghumar,-0.35,36.55,37.33,1.47,0.13,0,38.93,-2.38,0.04
Odisha ,Koraput,Kundura,8,Gundala,0,32.14,33.33,6.29,0.72,0,40.35,-8.21,0.3
Odisha ,Koraput,Kundura,9,Kerimiti,-0.11,44.51,38.74,10.17,0.59,0,49.5,-4.99,0.38
Odisha ,Koraput,Kundura,10,Kundra,0,56.81,48.01,9.38,1.07,0,58.46,-1.65,1.86
Odisha ,Koraput,Kundura,11,Lima,-0.1,21.87,22.05,0.11,0.02,0,22.18,-0.3,0.91
Odisha ,Koraput,Kundura,12,Mosigam,0,82.91,50.5,29.85,3.32,0,83.67,-0.76,0.93
Odisha ,Koraput,Kundura,13,Pakhanaguda,-0.05,30.84,28.1,5.36,0.21,0,33.67,-2.83,0.55
Odisha ,Koraput,Kundura,14,Phulabhata,0,8.53,7.79,3.89,0.29,0,11.97,-3.44,0
Odisha ,Koraput,Kundura,15,Phupugam,0,30.79,28.13,13.14,1.33,0,42.6,-11.81,1.73
Odisha ,Koraput,Kundura,16,Raniguda,-0.04,38.53,17.43,22.74,0.93,0,41.09,-2.57,0.43
Odisha ,Koraput,Kundura,,Total,-1.09,674.89,540.3,173.68,14.3,0,728.28,-53.39,11.8
Odisha ,Koraput,Kundura,,Block Level Line Deptt.,-0.31,-0.31,5.83,0.74,0,0,6.57,-6.88,0.2
Odisha ,Koraput,Kundura,,Po,-3.95,83.53,0,NA,NA,26.52,26.52,57.01,NA
Odisha ,Koraput,Kundura,,Grand Total,-5.35,758.11,546.13,174.42,14.3,26.52,761.37,-3.26,12
Odisha ,Koraput,Kundura,1,Badigada,0,40.81,47.42,10.81,0.52,0,58.75,-17.94,0.88
Odisha ,Koraput,Lamtaput,2,Balel,-0.14,37.2,33.66,7.01,0.07,0,40.73,-3.54,0.48
Odisha ,Koraput,Lamtaput,3,Banamaliput,-0.02,24.67,32.96,22.78,0.93,0,56.68,-32,0.61
Odisha ,Koraput,Lamtaput,4,Chikenput,-0.58,104.91,81.2,29.04,0.3,0,110.54,-5.63,2.57
Odisha ,Koraput,Lamtaput,5,Dabuguda,-0.13,73.12,82.96,136.3,4.42,0,223.68,-150.56,4.16
Odisha ,Koraput,Lamtaput,6,Godihanjar,-0.14,20.79,26.48,4.12,0.1,0,30.7,-9.91,1.26
Odisha ,Koraput,Lamtaput,7,Guneipoda,-0.35,45.23,41.46,17.85,0.29,0,59.59,-14.37,1.93
Odisha ,Koraput,Lamtaput,8,Jalahanjar,0,121.62,94.61,48.78,1.79,0,145.18,-23.56,0.34
Odisha ,Koraput,Lamtaput,9,Kumargandhana,-0.08,38.1,50.79,34.89,0.54,0,86.22,-48.12,5.53
Odisha ,Koraput,Lamtaput,10,Lamtaput,-0.08,124.62,81.99,80.14,2.2,0,164.33,-39.71,2.72
Odisha ,Koraput,Lamtaput,11,Onkadeli,-0.04,36.62,37.31,5.95,0.28,0,43.54,-6.92,0.79
Odisha ,Koraput,Lamtaput,12,Petta,-1.25,51.32,39.57,47.91,1.48,0,88.96,-37.63,1.28
Odisha ,Koraput,Lamtaput,13,Thusuba,0,64.63,58.12,23.38,0.88,0,82.38,-17.76,0.42
Odisha ,Koraput,Lamtaput,14,Tikarpada,-0.16,26.58,36.3,12.93,0.91,0,50.14,-23.56,2.1
Odisha ,Koraput,Lamtaput,15,Umbel,-0.34,41.47,53.36,50.53,1.35,0,105.25,-63.77,1.82
Odisha ,Koraput,Lamtaput,,Total,-3.3,851.67,798.19,532.4,16.05,0,1346.64,-494.97,26.87
Odisha ,Koraput,Lamtaput,,Block Level Line Deptt.,-0.89,-0.89,140.25,90.73,0,0.75,231.72,-232.61,13.31
Odisha ,Koraput,Lamtaput,,Po,-0.33,519.96,0,NA,NA,20.16,20.16,499.8,NA
Odisha ,Koraput,Lamtaput,,Grand Total,-4.52,1370.74,938.44,623.13,16.05,20.91,1598.52,-227.78,40.18
Odisha ,Koraput,Lamtaput,1,Bhitaragada,0,51.42,39.61,11.1,0.64,0,51.35,0.07,0.17
Odisha ,Koraput,Laxmipur,2,Burja,0,62.79,36.61,23.69,2.52,0,62.81,-0.02,0.27
Odisha ,Koraput,Laxmipur,3,Champi,-0.26,102.88,53.25,43.88,5.34,0,102.46,0.42,14.67
Odisha ,Koraput,Laxmipur,4,Goudaguda,0,63.19,34.93,25.05,3.21,0,63.19,0,3.29
Odisha ,Koraput,Laxmipur,5,Kakirigumma,0,30.68,19.2,10.3,1.05,0,30.55,0.13,0.13
Odisha ,Koraput,Laxmipur,6,Kusumguda,-0.06,29.72,13.51,15.1,1.21,0,29.82,-0.1,5.68
Odisha ,Koraput,Laxmipur,7,Kutinga,0,115.83,65.79,45.05,5.01,0,115.85,-0.01,0.32
Odisha ,Koraput,Laxmipur,8,Laxmipur,0,72.04,51.36,18.56,2.04,0,71.96,0.08,7.38
Odisha ,Koraput,Laxmipur,9,Odiyapentho,-0.04,160.28,75.23,74.9,10.26,0,160.39,-0.11,51.36
Odisha ,Koraput,Laxmipur,10,Panchada,0,21.55,19.66,1.7,0.12,0,21.49,0.06,3.98
Odisha ,Koraput,Laxmipur,11,Pipalpadar,0,127.48,73,47.08,5.86,0,125.94,1.54,4.04
Odisha ,Koraput,Laxmipur,12,Toyaput,-0.01,87.88,67.08,17.96,2.38,0,87.42,0.46,4.18
Odisha ,Koraput,Laxmipur,13,Tunpar,0,53.31,34.74,16.12,2.19,0,53.06,0.26,4.63
Odisha ,Koraput,Laxmipur,,Total,-0.37,979.06,583.97,350.49,41.83,0,976.29,2.76,100.09
Odisha ,Koraput,Laxmipur,,Block Level Line Deptt.,-2.53,-2.53,107.92,78.86,2.12,0.32,189.22,-191.75,2.27
Odisha ,Koraput,Laxmipur,,Po,-1.79,48.53,0,NA,NA,25.58,25.58,22.95,NA
Odisha ,Koraput,Laxmipur,,Grand Total,-4.69,1025.07,691.89,429.35,43.95,25.9,1191.09,-166.04,102.36
Odisha ,Koraput,Laxmipur,1,Attanda,0,21.25,17.35,3.99,0.03,0,21.36,-0.11,0.16
Odisha ,Koraput,Nandapur,2,Badel,0,35.48,20.94,14.55,1.06,0,36.55,-1.06,0.37
Odisha ,Koraput,Nandapur,3,Balda,0,22.67,9.13,12.3,1.24,0,22.67,0,0.33
Odisha ,Koraput,Nandapur,4,Bheja,-0.02,21.28,11.85,8.84,0.64,0,21.33,-0.05,0.77
Odisha ,Koraput,Nandapur,5,Bilaput,0,32.54,25.06,7.19,0.49,0,32.74,-0.2,0.75
Odisha ,Koraput,Nandapur,6,Chatwa,0,38.66,19.93,16.2,2.54,0,38.67,-0.01,0.94
Odisha ,Koraput,Nandapur,7,Goluru,-0.08,36.97,32.7,4.08,0.28,0,37.06,-0.09,3.79
Odisha ,Koraput,Nandapur,8,Hatibari,0,30.36,17.07,13.22,1.33,0,31.63,-1.27,2.15
Odisha ,Koraput,Nandapur,9,Hikimput,0,12,12.07,0,0,0,12.07,-0.07,2.34
Odisha ,Koraput,Nandapur,10,Kasandi,0,60.11,35,23.04,2.25,0,60.28,-0.17,2.08
Odisha ,Koraput,Nandapur,11,Khemunduguda,0,40.09,13.41,24.41,2.5,0,40.32,-0.23,3.53
Odisha ,Koraput,Nandapur,12,Khinbar,0,52.76,23.68,26.65,2.45,0,52.78,-0.01,0.22
Odisha ,Koraput,Nandapur,13,Khurji,0,42.21,32.24,9.57,0.77,0,42.58,-0.37,0.07
Odisha ,Koraput,Nandapur,14,Kulabir,0,24.2,13.71,9.4,1.11,0,24.22,-0.02,0.42
Odisha ,Koraput,Nandapur,15,Kularsingh,0,27.43,23.8,3.7,0.33,0,27.83,-0.41,0.29
Odisha ,Koraput,Nandapur,16,Malibelgam,0,88.07,43.47,42.78,3.02,0,89.27,-1.2,1.22
Odisha ,Koraput,Nandapur,17,Nandaka,0,42.98,25.62,15.89,1.47,0,42.98,0,1.78
Odisha ,Koraput,Nandapur,18,Nandapur,0,93.29,46.88,42.33,4.24,0,93.45,-0.16,1.29
Odisha ,Koraput,Nandapur,19,Padwa,-0.01,40.97,27.75,11.54,1.66,0,40.96,0.02,0.26
Odisha ,Koraput,Nandapur,20,Panthalungu,-0.01,22.61,11.92,9.57,1.13,0,22.62,-0.01,1.04
Odisha ,Koraput,Nandapur,21,Parajabadapada,0,20.69,20.04,1.06,0.06,0,21.15,-0.47,1.18
Odisha ,Koraput,Nandapur,22,Raising,0,35.03,21.25,12.61,1.18,0,35.03,0,0
Odisha ,Koraput,Nandapur,23,Thuba,0,25.91,12.42,12.29,1.25,0,25.96,-0.06,1.97
Odisha ,Koraput,Nandapur,,Total,-0.11,867.57,517.3,325.2,31.01,0,873.51,-5.94,26.95
Odisha ,Koraput,Nandapur,,Block Level Line Deptt.,-1.07,-1.07,213.93,208.4,4.53,2.31,429.18,-430.25,8.46
Odisha ,Koraput,Nandapur,,Po,-24.65,89.06,0,NA,NA,48.05,48.05,41.01,NA
Odisha ,Koraput,Nandapur,,Grand Total,-25.83,955.56,731.23,533.6,35.54,50.36,1350.74,-395.18,35.41
Odisha ,Koraput,Nandapur,1,Balipeta,0,107.83,56.55,50.58,0.71,0,107.83,0,2
Odisha ,Koraput,Narayan Patana,2,Bijaghati,0,45.1,18.18,26.53,0.36,0,45.07,0.04,0.15
Odisha ,Koraput,Narayan Patana,3,Borigi,0,38.74,18.41,19.99,0.27,0,38.67,0.08,0.34
Odisha ,Koraput,Narayan Patana,4,Kumbhari,0,46.67,27.76,18.06,0.2,0,46.02,0.65,0.78
Odisha ,Koraput,Narayan Patana,5,Langalabeda,0,31.54,24.48,6.92,0.08,0,31.49,0.05,0.96
Odisha ,Koraput,Narayan Patana,6,Narayan Patna,0,64.65,30.15,33.03,0.45,0,63.64,1.01,0.62
Odisha ,Koraput,Narayan Patana,7,Podapadar,0,63.67,31.81,31.43,0.42,0,63.65,0.02,0.51
Odisha ,Koraput,Narayan Patana,8,Talagumandi,0,87.75,34.78,52.09,0.69,0,87.56,0.19,0.47
Odisha ,Koraput,Narayan Patana,9,Tentulipadar,0,171.76,62.88,106.97,1.32,0,171.18,0.58,0.76
Odisha ,Koraput,Narayan Patana,,Total,0,657.71,305.01,345.6,4.48,0,655.09,2.62,6.6
Odisha ,Koraput,Narayan Patana,,Block Level Line Deptt.,-0.41,-0.41,139.23,54.36,0.36,0.78,194.72,-195.13,2.83
Odisha ,Koraput,Narayan Patana,,Po,-87.74,8.39,0,NA,NA,27.06,27.06,-18.67,NA
Odisha ,Koraput,Narayan Patana,,Grand Total,-88.15,665.69,444.24,399.96,4.84,27.84,876.87,-211.18,9.43
Odisha ,Koraput,Narayan Patana,1,Ampavalli,0,52.33,48.26,4.78,0,0,53.04,-0.71,0.97
Odisha ,Koraput,Pottangi,2,Chandaka,0,57.99,49.12,8.96,0,0,58.08,-0.09,0.7
Odisha ,Koraput,Pottangi,3,Deopottangi,0,90.09,72.6,17.55,0,0,90.15,-0.07,0.51
Odisha ,Koraput,Pottangi,4,Ganjarajpur,0,78.03,63.52,14.89,0,0,78.41,-0.38,0.58
Odisha ,Koraput,Pottangi,5,Kotiya,-0.05,79.19,60.27,18.9,0,0,79.17,0.02,0.89
Odisha ,Koraput,Pottangi,6,Maliput,0,73.22,61.72,11.54,0,0,73.26,-0.04,0.52
Odisha ,Koraput,Pottangi,7,Nuagaon,0,56.8,39.36,17.41,0,0,56.78,0.02,0.67
Odisha ,Koraput,Pottangi,8,Peturu,0,70.02,56.13,13.9,0,0,70.03,-0.01,0.89
Odisha ,Koraput,Pottangi,9,Pottangi,0,56.59,47.2,9.17,0,0,56.36,0.23,0.51
Odisha ,Koraput,Pottangi,10,Pukali,0,75.33,47.37,26.84,0.08,0,74.28,1.04,0.96
Odisha ,Koraput,Pottangi,11,Rallegada,0,43.13,36.66,6.2,0,0,42.86,0.27,1.35
Odisha ,Koraput,Pottangi,12,Sombai,-0.05,61.05,36.44,24.51,0,0,60.95,0.1,1.05
Odisha ,Koraput,Pottangi,13,Sunki,0,40.13,33.36,6.76,0,0,40.12,0.01,0.53
Odisha ,Koraput,Pottangi,14,Talagoluru,0,74.89,67.36,7.53,0,0,74.89,0,0.43
Odisha ,Koraput,Pottangi,,Total,-0.1,908.78,719.38,188.93,0.08,0,908.4,0.39,10.56
Odisha ,Koraput,Pottangi,,Block Level Line Deptt.,-0.17,-0.17,72.21,69.8,0,0.2,142.21,-142.38,1.51
Odisha ,Koraput,Pottangi,,Po,-14.32,39.4,0,NA,NA,28.72,28.72,10.68,NA
Odisha ,Koraput,Pottangi,,Grand Total,-14.6,948.01,791.59,258.73,0.08,28.92,1079.33,-131.31,12.07
Odisha ,Koraput,Pottangi,1,Chrangul,0,34.82,20.51,12.6,1.66,0,34.77,0.05,1.01
Odisha ,Koraput,Semiliguda,2,Daleiguda,0,43.93,27.15,16.28,0.51,0,43.94,-0.01,0.14
Odisha ,Koraput,Semiliguda,3,Dudhari,0,43.62,37.09,6.14,0.47,0,43.7,-0.08,0.59
Odisha ,Koraput,Semiliguda,4,Gunthaput,0,58.75,39.19,18.09,1.43,0,58.71,0.04,0.52
Odisha ,Koraput,Semiliguda,5,Hataguda,-0.03,32.77,22.88,9.32,0.61,0,32.8,-0.03,0.5
Odisha ,Koraput,Semiliguda,6,Khudi,0,48.18,38.12,9.98,0.07,0,48.18,0,0.85
Odisha ,Koraput,Semiliguda,7,Kunduli,0,37.94,26.02,11.9,0.02,0,37.94,0,0.24
Odisha ,Koraput,Semiliguda,8,Pakjholla,0,48.11,34.75,12.65,0.73,0,48.14,-0.02,1.56
Odisha ,Koraput,Semiliguda,9,Parajamuthai,0,47.85,32.25,14.76,0.5,0,47.51,0.33,0.26
Odisha ,Koraput,Semiliguda,10,Pitaguda,0,37.98,32.67,5.21,0.02,0,37.9,0.08,0.69
Odisha ,Koraput,Semiliguda,11,Rajpalma,0,33.54,21.62,10.96,1.12,0,33.7,-0.16,0.44
Odisha ,Koraput,Semiliguda,12,Rajput,-0.01,32.57,22.95,9.07,0.29,0,32.31,0.26,0.64
Odisha ,Koraput,Semiliguda,13,Renga,0,55.37,35.09,18.53,1.73,0,55.36,0.02,1.52
Odisha ,Koraput,Semiliguda,14,Sadam,0,43.1,29.85,13.08,0,0,42.92,0.18,1.35
Odisha ,Koraput,Semiliguda,15,Sorisapadar,0,53.71,36.96,15.33,1.41,0,53.71,0,0.26
Odisha ,Koraput,Semiliguda,16,Subai,-0.01,41.14,36.11,4.95,0.08,0,41.15,-0.01,1.09
Odisha ,Koraput,Semiliguda,17,Upper Kanti,0,61.15,49.05,11.37,0.73,0,61.15,0,0.82
Odisha ,Koraput,Semiliguda,,Total,-0.05,754.54,542.25,200.23,11.4,0,753.89,0.65,12.48
Odisha ,Koraput,Semiliguda,,Block Level Line Deptt.,-0.61,-0.61,55.5,18.93,0.05,0.39,74.87,-75.48,3.78
Odisha ,Koraput,Semiliguda,,Po,-5.73,20.84,0,NA,NA,27.79,27.79,-6.95,NA
Odisha ,Koraput,Semiliguda,,Grand Total,-6.39,774.77,597.75,219.16,11.45,28.18,856.55,-81.78,16.26
Odisha ,Malkangiri,Semiliguda,1,Andrapalli,0,6.03,2.87,3.16,0,0,6.03,0,0
Odisha ,Malkangiri,Kudumulugumma,2,Badapoda,0,22.25,11.41,10.83,0,0,22.24,0.01,1.18
Odisha ,Malkangiri,Kudumulugumma,3,Badapodar,0,23.41,15.57,7.84,0,0,23.41,0,0.65
Odisha ,Malkangiri,Kudumulugumma,4,Chitrakonda,0,38.06,14.39,23.67,0,0,38.05,0,3.87
Odisha ,Malkangiri,Kudumulugumma,5,Dhuliput,0,11.91,4.62,7.29,0,0,11.91,0,0.02
Odisha ,Malkangiri,Kudumulugumma,6,Doraguda,0,20.33,19.21,1.08,0,0,20.3,0.03,0.1
Odisha ,Malkangiri,Kudumulugumma,7,Gajalmamudi,0,8.97,7.76,1.21,0,0,8.97,0,0.25
Odisha ,Malkangiri,Kudumulugumma,8,Guntawada,-0.04,16.77,13.48,3.33,0,0,16.81,-0.04,0.88
Odisha ,Malkangiri,Kudumulugumma,9,Jantri,0,3.51,3.51,0,0,0,3.51,0,0.05
Odisha ,Malkangiri,Kudumulugumma,10,Jodambo,0,12.14,7.5,4.49,0,0,11.99,0.15,0.12
Odisha ,Malkangiri,Kudumulugumma,11,Kapatuti,0,3.48,3.49,0,0,0,3.48,0,0.01
Odisha ,Malkangiri,Kudumulugumma,12,Kurmanur,0,10.63,8.38,2.25,0,0,10.63,0,0.03
Odisha ,Malkangiri,Kudumulugumma,13,Nuaguda,1.7,22.07,7.26,13.11,0,0,20.37,1.7,0.09
Odisha ,Malkangiri,Kudumulugumma,14,Panasput,-2.93,8.45,5.53,5.85,0,0,11.38,-2.93,0.1
Odisha ,Malkangiri,Kudumulugumma,15,Paparmetla,-0.09,40.06,28.97,10.94,0.02,0,39.92,0.14,0.49
Odisha ,Malkangiri,Kudumulugumma,16,Poplur,0.06,7.98,4.31,3.61,0,0,7.92,0.06,0.12
Odisha ,Malkangiri,Kudumulugumma,17,Ralleguda,0,11.94,6.6,5.31,0.03,0,11.94,0,0.22
Odisha ,Malkangiri,Kudumulugumma,18,Tonelcamp,-0.02,11.87,11.79,0.09,0,0,11.88,-0.02,0
Odisha ,Malkangiri,Kudumulugumma,,Total,-1.32,279.85,176.61,104.07,0.05,0,280.74,-0.88,8.18
Odisha ,Malkangiri,Kudumulugumma,,Block Level Line Deptt.,0.09,0.09,8.45,0,0,0,8.45,-8.36,2.01
Odisha ,Malkangiri,Kudumulugumma,,Po,1.78,32.44,0,NA,NA,22.22,22.22,10.22,NA
Odisha ,Malkangiri,Kudumulugumma,,Grand Total,0.55,312.38,185.06,104.07,0.05,22.22,311.41,0.98,10.19
Odisha ,Malkangiri,Kudumulugumma,1,Badigeta,1.5,18.51,13.44,3.57,0,0,17.01,1.5,1.77
Odisha ,Malkangiri,Kalimela,2,Badili,0,16.79,11.67,5.12,0,0,16.79,0,0
Odisha ,Malkangiri,Kalimela,3,Bejangiwada,1.2,29.8,25.24,3.32,0,0,28.56,1.23,0.58
Odisha ,Malkangiri,Kalimela,4,Bhubanpally,0,4.58,3.94,0.62,0,0,4.56,0.02,0.09
Odisha ,Malkangiri,Kalimela,5,Chintalwada,1.1,26.4,25.31,0,0,0,25.31,1.09,0.3
Odisha ,Malkangiri,Kalimela,6,Chitrangpalli,0,29.41,24.22,5.2,0,0,29.42,-0.01,0.02
Odisha ,Malkangiri,Kalimela,7,Gompakonda,0,30.05,22.03,8.38,0,0,30.4,-0.35,0.35
Odisha ,Malkangiri,Kalimela,8,Gumuka,1.2,21.72,20.54,0,0,0,20.54,1.19,0.06
Odisha ,Malkangiri,Kalimela,9,Kalimela,0,16.25,10.85,5.48,0,0,16.33,-0.08,0.56
Odisha ,Malkangiri,Kalimela,10,Kangurukonda,2.5,18.88,13.8,2.58,0,0,16.38,2.5,0.35
Odisha ,Malkangiri,Kalimela,11,Koimetla,0,12.43,12.44,0,0,0,12.44,-0.01,0.44
Odisha ,Malkangiri,Kalimela,12,Lugel,1.6,21.9,14.39,5.96,0,0,20.35,1.56,0.09
Odisha ,Malkangiri,Kalimela,13,Maharajpally,1.9,44.07,31.73,10.22,0,0,41.96,2.11,1.63
Odisha ,Malkangiri,Kalimela,14,Mallavaram,0,19.74,19.62,0.2,0,0,19.82,-0.08,0.66
Odisha ,Malkangiri,Kalimela,15,Mandamkonda,0,57.46,46.17,11.29,0,0,57.46,0,1.23
Odisha ,Malkangiri,Kalimela,16,Mondapalli,2.1,32.99,28.11,3.26,0,0,31.37,1.62,0
Odisha ,Malkangiri,Kalimela,17,Motu,1.3,11.52,9.65,0.45,0,0,10.1,1.43,0.73
Odisha ,Malkangiri,Kalimela,18,Nalagunti,0,11.29,8.55,3,0,0,11.55,-0.26,0.39
Odisha ,Malkangiri,Kalimela,19,Pushuguda,1.5,30.28,27.38,1.39,0,0,28.77,1.51,1.99
Odisha ,Malkangiri,Kalimela,20,Tandabai,1.2,27.72,21.65,4.9,0,0,26.55,1.17,2.18
Odisha ,Malkangiri,Kalimela,21,Telerai,0,42.74,41.26,1.48,0,0,42.74,0,1.53
Odisha ,Malkangiri,Kalimela,22,Tigal,0,30.43,21.12,9.05,0,0,30.17,0.26,1.01
Odisha ,Malkangiri,Kalimela,23,Venkatapalm,0,40.43,16.2,24.19,0,0,40.39,0.03,0.92
Odisha ,Malkangiri,Kalimela,,Total,17.1,595.41,469.3,109.66,0,0,578.97,16.45,16.88
Odisha ,Malkangiri,Kalimela,,Block Level Line Deptt.,3.01,3.01,22.85,2.28,0,0,25.13,-22.12,1.54
Odisha ,Malkangiri,Kalimela,,Po,4.1,67.53,0,NA,NA,37.36,37.36,30.17,NA
Odisha ,Malkangiri,Kalimela,,Grand Total,24.21,665.95,492.15,111.94,0,37.36,641.46,24.5,18.42
Odisha ,Malkangiri,Kalimela,1,Andrahal,5.24,27.77,21.83,0.69,0,0,22.53,5.24,0.57
Odisha ,Malkangiri,Khairaput,2,Badadural,0,35.79,31.52,4.32,0,0,35.84,-0.05,0.24
Odisha ,Malkangiri,Khairaput,3,Govindapally,0,40.66,35.93,4.68,0.01,0,40.61,0.05,2.15
Odisha ,Malkangiri,Khairaput,4,Kadamguda,0,39.93,36.7,3.2,0,0,39.91,0.03,0.34
Odisha ,Malkangiri,Khairaput,5,Khairaput,1.2,23.5,21.84,0.46,0,0,22.3,1.2,0.58
Odisha ,Malkangiri,Khairaput,6,Kudumulugumma,0,34.59,30.1,4.43,0,0,34.54,0.06,0.22
Odisha ,Malkangiri,Khairaput,7,Madakapadar,0,47.71,36.78,10.84,0,0,47.62,0.1,0.07
Odisha ,Malkangiri,Khairaput,8,Mudulipada,0,24.74,24.67,0,0,0,24.67,0.07,0.34
Odisha ,Malkangiri,Khairaput,9,Parkonmala,0,29.05,23.73,5.2,0.06,0,28.99,0.06,1.44
Odisha ,Malkangiri,Khairaput,10,Podaghata,0,21.46,21.09,0.34,0,0,21.42,0.04,0.55
Odisha ,Malkangiri,Khairaput,11,Rasabeda,2.5,45.88,37.59,5.75,0.03,0,43.38,2.5,0.54
Odisha ,Malkangiri,Khairaput,,Total,8.94,371.09,321.78,39.93,0.1,0,361.81,9.29,7.03
Odisha ,Malkangiri,Khairaput,,Block Level Line Deptt.,6.9,6.9,0.01,0,0,0,0.01,6.89,0
Odisha ,Malkangiri,Khairaput,,Po,7.7,37.85,0,NA,NA,22.45,22.45,15.4,NA
Odisha ,Malkangiri,Khairaput,,Grand Total,23.54,415.84,321.79,39.93,0.1,22.45,384.27,31.58,7.03
Odisha ,Malkangiri,Khairaput,1,Chitapari-3,0.05,40.05,33.75,6.37,0,0,40.12,-0.06,0.1
Odisha ,Malkangiri,Korukonda,2,Dudameta,0,48.62,44.52,4.11,0,0,48.63,-0.01,0.13
Odisha ,Malkangiri,Korukonda,3,Kamawada,5.54,56.62,41.93,9.15,0,0,51.08,5.54,0.85
Odisha ,Malkangiri,Korukonda,4,Korukonda,0,58.51,56.03,2.48,0,0,58.51,0,0.21
Odisha ,Malkangiri,Korukonda,5,Mariwada,0,53.64,47.48,6.14,0,0,53.62,0.02,0.4
Odisha ,Malkangiri,Korukonda,6,Nakamamudi,7.92,61.32,47.21,6.08,0,0,53.29,8.03,0.09
Odisha ,Malkangiri,Korukonda,7,Nilakamberu,0,54,44.09,9.92,0,0,54.01,-0.01,0.94
Odisha ,Malkangiri,Korukonda,8,Potrel,0,48.15,39.12,9.04,0,0,48.15,0,0.48
Odisha ,Malkangiri,Korukonda,9,Puruna Chimatapalli,0,36.58,29.88,7.19,0,0,37.07,-0.5,0.81
Odisha ,Malkangiri,Korukonda,10,Somanathpur,7.67,76.96,64.6,4.68,0,0,69.28,7.68,0.15
Odisha ,Malkangiri,Korukonda,11,Tarlakota,0,41.9,36.13,5.77,0,0,41.9,0,0.56
Odisha ,Malkangiri,Korukonda,12,Tumsapalli,0,67.18,47.52,19.6,0,0,67.12,0.05,0.52
Odisha ,Malkangiri,Korukonda,,Total,21.18,643.52,532.26,90.52,0,0,622.78,20.75,5.24
Odisha ,Malkangiri,Korukonda,,Block Level Line Deptt.,6.18,6.18,2.1,0.24,0,0,2.33,3.85,0.08
Odisha ,Malkangiri,Korukonda,,Po,32.19,66.14,0,NA,NA,31.12,31.12,35.02,NA
Odisha ,Malkangiri,Korukonda,,Grand Total,59.55,715.84,534.36,90.76,0,31.12,656.23,59.62,5.32
Odisha ,Malkangiri,Korukonda,1,Biralaxmanapur,0,36.61,35.42,1.18,0,0,36.6,0.01,0.26
Odisha ,Malkangiri,Malkangiri,2,Chalanguda,1.24,61.62,36.95,23.43,0,0,60.38,1.24,0.22
Odisha ,Malkangiri,Malkangiri,3,Gangala,0,41.74,40.36,1.44,0.02,0,41.82,-0.08,0.06
Odisha ,Malkangiri,Malkangiri,4,Gorakhunta,0,38.59,32.61,5.97,0.15,0,38.73,-0.14,0.18
Odisha ,Malkangiri,Malkangiri,5,Goudaguda,3.8,36.17,32.49,0,0,0,32.49,3.69,0.06
Odisha ,Malkangiri,Malkangiri,6,Jharapali,0,27.53,18.9,8.28,0,0,27.19,0.34,0.98
Odisha ,Malkangiri,Malkangiri,7,Markapalli,0,40.42,32.64,7.73,0.06,0,40.44,-0.02,0.56
Odisha ,Malkangiri,Malkangiri,8,Matapaka,0,46.67,35.94,10.73,0,0,46.67,0,0.23
Odisha ,Malkangiri,Malkangiri,9,Padmagiri,1.99,29.41,14.42,13.01,0,0,27.42,1.99,0.31
Odisha ,Malkangiri,Malkangiri,10,Pandripani,3.69,14.72,10.99,0,0,0,10.99,3.74,0.33
Odisha ,Malkangiri,Malkangiri,11,Pedakonda,0,13.29,11.12,2.13,0,0,13.25,0.04,1.08
Odisha ,Malkangiri,Malkangiri,12,Pedawada,9.97,36.55,26.53,0,0,0,26.53,10.02,0.08
Odisha ,Malkangiri,Malkangiri,13,Serpalli,2.52,31.02,27.93,0.56,0.01,0,28.5,2.52,0.96
Odisha ,Malkangiri,Malkangiri,14,Shikhpalli,0,52.34,37.12,15.27,0.01,0,52.39,-0.05,0.29
Odisha ,Malkangiri,Malkangiri,15,Sindirimala,0,117.87,63.2,54.67,0,0,117.87,0,0.46
Odisha ,Malkangiri,Malkangiri,16,Tamasa,0,45.24,27.15,17.92,0.17,0,45.24,0,0.49
Odisha ,Malkangiri,Malkangiri,17,Tandapallii,3.7,50.4,34.35,12.36,0,0,46.7,3.7,0.86
Odisha ,Malkangiri,Malkangiri,18,Tandiki,0,19.09,19.03,0,0,0,19.03,0.06,0.01
Odisha ,Malkangiri,Malkangiri,19,Udupa,0,18.18,14.34,3.8,0,0,18.15,0.03,0.61
Odisha ,Malkangiri,Malkangiri,,Total,26.91,757.46,551.48,178.49,0.42,0,730.38,27.08,8.01
Odisha ,Malkangiri,Malkangiri,,Block Level Line Deptt.,1.05,1.05,62.43,0,0,0,62.43,-61.38,1.17
Odisha ,Malkangiri,Malkangiri,,Po,19.17,110.42,0,NA,NA,28.93,28.93,81.49,NA
Odisha ,Malkangiri,Malkangiri,,Grand Total,47.13,868.93,613.91,178.49,0.42,28.93,821.74,47.19,9.18
Odisha ,Malkangiri,Malkangiri,1,Ambaguda,1.68,32.57,24.72,6.29,0.03,0,31.04,1.53,0.28
Odisha ,Malkangiri,Mathili,2,Bhandari Pangam,0,19.29,11.67,7.42,0.08,0,19.18,0.12,0.41
Odisha ,Malkangiri,Mathili,3,Bhejaguda,1.05,30.62,26.25,2.85,0.02,0,29.12,1.49,0.66
Odisha ,Malkangiri,Mathili,4,Chaulamendi,0,34.76,33.89,1.06,0,0,34.95,-0.19,0.15
Odisha ,Malkangiri,Mathili,5,Chedenga,0,36.59,35.33,0.79,0,0,36.12,0.47,0.49
Odisha ,Malkangiri,Mathili,6,Dalapatiguda,0,36.9,36.11,0.33,0.04,0,36.47,0.43,0.51
Odisha ,Malkangiri,Mathili,7,Dhungiaput,0,36.06,27.95,7.97,0.11,0,36.02,0.05,0.15
Odisha ,Malkangiri,Mathili,8,Kamarpalli,0,47.37,31.37,15.9,0.19,0,47.46,-0.09,0.14
Odisha ,Malkangiri,Mathili,9,Kartanpalli,1.53,39.27,37.51,0.18,0,0,37.69,1.57,0.59
Odisha ,Malkangiri,Mathili,10,Kianga,0,54.53,49.08,5.41,0,0,54.49,0.04,0.64
Odisha ,Malkangiri,Mathili,11,Kothapali,0,29.51,23.47,5.97,0.07,0,29.51,0,0.38
Odisha ,Malkangiri,Mathili,12,Kutunipali,0,69.21,53.7,15.72,0.22,0,69.64,-0.43,0.34
Odisha ,Malkangiri,Mathili,13,Mahupadar,1.3,33.47,28.26,4.8,0.03,0,33.09,0.38,0.33
Odisha ,Malkangiri,Mathili,14,Mathili,0,38.85,24.06,14.62,0.13,0,38.82,0.04,0.16
Odisha ,Malkangiri,Mathili,15,Mecca,0,46.95,45.52,0.87,0,0,46.39,0.56,0.6
Odisha ,Malkangiri,Mathili,16,Nayakguda,0,27,23.12,3.68,0.37,0,27.16,-0.15,0.49
Odisha ,Malkangiri,Mathili,17,Pangam,2.3,22.74,19.93,1.04,0.01,0,20.98,1.76,0.25
Odisha ,Malkangiri,Mathili,18,Salimi,0,45.15,39.1,5.92,0.08,0,45.1,0.05,0.32
Odisha ,Malkangiri,Mathili,19,Temurupally,0,36.7,36.36,0.38,0,0,36.75,-0.05,0.31
Odisha ,Malkangiri,Mathili,20,Udilibeda,0,51,39.14,11.72,0.14,0,51,0,0.29
Odisha ,Malkangiri,Mathili,,Total,7.86,768.56,646.51,112.95,1.51,0,760.98,7.58,7.52
Odisha ,Malkangiri,Mathili,,Block Level Line Deptt.,3.14,3.14,20.52,5.98,0.05,0,26.54,-23.4,0.81
Odisha ,Malkangiri,Mathili,,Po,5.14,70.1,0,NA,NA,35.24,35.24,34.86,NA
Odisha ,Malkangiri,Mathili,,Grand Total,16.14,841.8,667.03,118.93,1.56,35.24,822.76,19.04,8.33
Odisha ,Malkangiri,Mathili,1,Bapanpally,0,36.55,30.02,6.31,0.06,0,36.39,0.15,0.96
Odisha ,Malkangiri,Podia,2,Girikanpalli,0,30.43,24.81,5.23,0.05,0,30.1,0.33,0.4
Odisha ,Malkangiri,Podia,3,Kaldapally,0,44.87,29.06,15.64,0.17,0,44.87,0,1.24
Odisha ,Malkangiri,Podia,4,Materu,0,55.63,44.13,11.16,0.11,0,55.39,0.23,0.09
Odisha ,Malkangiri,Podia,5,Niliguda,0,25.65,19.08,6.82,0.08,0,25.97,-0.32,0.6
Odisha ,Malkangiri,Podia,6,Padia,2.18,74.59,48.85,23.44,0.24,0,72.52,2.06,0.96
Odisha ,Malkangiri,Podia,7,Similibanchha,2.38,52.75,32.48,17.6,0.19,0,50.26,2.49,1.19
Odisha ,Malkangiri,Podia,8,Undrukonda,1.2,41.92,17.99,22.44,0.22,0,40.65,1.27,0.08
Odisha ,Malkangiri,Podia,,Total,5.76,362.38,246.41,108.65,1.11,0,356.16,6.22,5.52
Odisha ,Malkangiri,Podia,,Block Level Line Deptt.,1.5,1.5,33.14,12.58,0.12,0,45.84,-44.34,0.31
Odisha ,Malkangiri,Podia,,Po,1.23,68.15,0,NA,NA,21.52,21.52,46.63,NA
Odisha ,Malkangiri,Podia,,Grand Total,8.49,432.03,279.55,121.23,1.23,21.52,423.52,8.51,5.83
Odisha,Mayurbhanj ,Podia,1,Badasahi,0,7.26,6.27,0.93,0.04,0,7.24,0.02,0.03
Odisha,Mayurbhanj ,Badasahi,2,Balabhadrapur,0,2.34,2.32,0,0,0,2.32,0.02,0
Odisha,Mayurbhanj ,Badasahi,3,Bhimda,0,0.92,0.67,0.23,0.01,0,0.92,0.01,0
Odisha,Mayurbhanj ,Badasahi,4,Bireswarpur,0,3.98,2.65,1.35,0.01,0,4,-0.03,0.11
Odisha,Mayurbhanj ,Badasahi,5,Chandanpur,0,4.88,4.72,0,0,0,4.72,0.17,0
Odisha,Mayurbhanj ,Badasahi,6,Chhelia(A),0,3.42,3.41,0,0,0,3.42,0,0.04
Odisha,Mayurbhanj ,Badasahi,7,Deulia,0,32.45,21.04,11.34,0.08,0,32.45,0,0
Odisha,Mayurbhanj ,Badasahi,8,Durgapur,0,1.66,1.31,0.33,0,0,1.65,0.01,0.01
Odisha,Mayurbhanj ,Badasahi,9,Gudialbandha,0,4.11,4.11,0,0,0,4.11,0,0.05
Odisha,Mayurbhanj ,Badasahi,10,Jadunathpur,0,0.08,0.08,0,0,0,0.08,0,0
Odisha,Mayurbhanj ,Badasahi,11,Jarkani,0,2.42,1.87,0.55,0,0,2.42,0,0
Odisha,Mayurbhanj ,Badasahi,12,Joginuagaon,0,0.81,0.8,0,0,0,0.8,0.01,0
Odisha,Mayurbhanj ,Badasahi,13,Kendudiha,0,2.47,1.57,0.9,0.01,0,2.47,0,0
Odisha,Mayurbhanj ,Badasahi,14,Khanua,0,4.3,4.05,0.25,0,0,4.3,0,0
Odisha,Mayurbhanj ,Badasahi,15,Kochilakhunta,0,5.36,4.37,0.85,0.01,0,5.22,0.14,0.08
Odisha,Mayurbhanj ,Badasahi,16,Madhapur,0,10.18,10.05,0,0,0,10.06,0.13,0.09
Odisha,Mayurbhanj ,Badasahi,17,Manatri,0,15,7.77,7.15,0.06,0,14.98,0.03,0
Odisha,Mayurbhanj ,Badasahi,18,Mangobindpur,0,12.56,6.66,5.79,0.05,0,12.5,0.05,0.01
Odisha,Mayurbhanj ,Badasahi,19,Naupal,0,0.86,0.86,0,0,0,0.86,0,0
Odisha,Mayurbhanj ,Badasahi,20,Patisari,0,5.79,4.8,0.99,0.02,0,5.81,-0.02,0
Odisha,Mayurbhanj ,Badasahi,21,Paunsia,0,37.97,32.15,5.55,0.09,0,37.78,0.18,0.07
Odisha,Mayurbhanj ,Badasahi,22,Pratappur,0,6.41,4.69,1.69,0.01,0,6.39,0.02,0
Odisha,Mayurbhanj ,Badasahi,23,Purnachandrapur,0,14.91,4.56,9.9,0.12,0,14.58,0.33,0.02
Odisha,Mayurbhanj ,Badasahi,24,Salgaon,0,5.82,5.82,0,0,0,5.82,0,0.02
Odisha,Mayurbhanj ,Badasahi,25,Sankerko,0,0.3,0.3,0,0,0,0.3,0,0
Odisha,Mayurbhanj ,Badasahi,26,Sialighaty,0,31.02,16.47,14.37,0.17,0,31.02,0,0.43
Odisha,Mayurbhanj ,Badasahi,27,Suhagpur,0,2.71,2.42,0.28,0,0,2.71,0,0
Odisha,Mayurbhanj ,Badasahi,28,Talapada,0,3.86,3.86,0,0,0,3.86,0,0
Odisha,Mayurbhanj ,Badasahi,29,Tangasole,0,3.24,3.22,0,0,0,3.22,0.02,0.02
Odisha,Mayurbhanj ,Badasahi,30,Uthaninuagaon,0,4.42,3.36,1.04,0.02,0,4.42,0.01,0
Odisha,Mayurbhanj ,Badasahi,,Total,0,231.53,166.23,63.51,0.7,0,230.43,1.1,0.98
Odisha,Mayurbhanj ,Badasahi,,Block Level Line Deptt.,-0.13,-0.13,833.01,77.34,0,1.95,912.3,-912.43,11.51
Odisha,Mayurbhanj ,Badasahi,,Po,15.79,764.3,0,NA,NA,39.72,39.72,724.58,NA
Odisha,Mayurbhanj ,Badasahi,,Grand Total,15.66,995.7,999.24,140.85,0.7,41.67,1182.45,-186.75,12.49
Odisha,Mayurbhanj ,Badasahi,1,Anlajodi,-0.01,55.74,43.57,11.47,0.15,0,55.19,0.55,0.07
Odisha,Mayurbhanj ,Bahalda,2,Asana,0,176.71,84.36,87.67,1.22,0,173.25,3.46,1.68
Odisha,Mayurbhanj ,Bahalda,3,Badpalsa,0,73.34,34,38.35,0.51,0,72.87,0.48,0.31
Odisha,Mayurbhanj ,Bahalda,4,Bahalda,0,30.64,13.19,17.51,0.2,0,30.9,-0.26,0
Odisha,Mayurbhanj ,Bahalda,5,Basingi,0,119.59,67.82,53.09,0.69,0,121.59,-2.01,0.38
Odisha,Mayurbhanj ,Bahalda,6,Bhitaramda,0,100.76,43.84,57.42,0.78,0,102.03,-1.28,0.54
Odisha,Mayurbhanj ,Bahalda,7,Gambharia,0,97.68,63.18,33,0.48,0,96.65,1.03,6.49
Odisha,Mayurbhanj ,Bahalda,8,Gidighaty,0,40.65,24.27,4.43,0.04,0,28.74,11.91,0.12
Odisha,Mayurbhanj ,Bahalda,9,Jashipur,0,157.73,62.81,89.54,1.21,0,153.56,4.17,0.33
Odisha,Mayurbhanj ,Bahalda,10,Jharadihi,0,57.51,25.13,31.36,0.37,0,56.86,0.65,0.17
Odisha,Mayurbhanj ,Bahalda,11,Kanki,0,71.81,42.5,29.02,0.42,0,71.93,-0.12,0.16
Odisha,Mayurbhanj ,Bahalda,12,Soso,0,140.25,79.35,59.3,0.89,0,139.55,0.71,0.53
Odisha,Mayurbhanj ,Bahalda,,Total,-0.01,1122.42,584.01,512.15,6.96,0,1103.12,19.3,10.77
Odisha,Mayurbhanj ,Bahalda,,Block Level Line Deptt.,2.18,475.25,0,NA,NA,26.22,26.22,449.03,NA
Odisha,Mayurbhanj ,Bahalda,,Po,2.17,1597.67,1058.35,537.04,7.14,27.26,1629.8,-32.13,16.45
Odisha,Mayurbhanj ,Bahalda,,Grand Total,2.17,1597.67,1056.09,537.04,7.14,27.26,1627.52,-29.86,6.27
Odisha,Mayurbhanj ,Bahalda,1,Badagan,0,31.82,12.19,13.99,0,0,26.18,5.64,0.02
Odisha,Mayurbhanj ,Bangriposi,2,Banakati,0,28.32,9.4,15.02,0,0,24.43,3.88,0
Odisha,Mayurbhanj ,Bangriposi,3,Bangriposi,0,76.64,20.86,52.72,0,0,73.59,3.05,0.02
Odisha,Mayurbhanj ,Bangriposi,4,Bhuasuni,0,24.36,7.13,12.54,0,0,19.68,4.68,0.12
Odisha,Mayurbhanj ,Bangriposi,5,Brahmangan,0,20.08,7.11,9.79,0,0,16.9,3.19,0.04
Odisha,Mayurbhanj ,Bangriposi,6,Budhikhamari,0,74.92,32.14,38.58,0,0,70.72,4.2,0.54
Odisha,Mayurbhanj ,Bangriposi,7,Chakidi,0,14.37,5.69,7.9,0,0,13.58,0.78,0.05
Odisha,Mayurbhanj ,Bangriposi,8,Chandanpur,0,13.21,4.94,5.13,0,0,10.07,3.15,0.04
Odisha,Mayurbhanj ,Bangriposi,9,Dhobanisole,0,48.24,25.58,20.86,0,0,46.44,1.81,0.13
Odisha,Mayurbhanj ,Bangriposi,10,Dighi,0,34.37,8.46,18.33,0,0,26.8,7.57,0
Odisha,Mayurbhanj ,Bangriposi,11,Golamundakata,0,34.35,10.37,16.22,0,0,26.6,7.75,0.03
Odisha,Mayurbhanj ,Bangriposi,12,Kalabadia,0,160.95,60.32,89.47,0,0,149.79,11.16,0.07
Odisha,Mayurbhanj ,Bangriposi,13,Kumbharmundakata,0,19.39,5.48,9.8,0,0,15.28,4.1,0.01
Odisha,Mayurbhanj ,Bangriposi,14,Kusumbandha,0,31.91,24.77,6.74,0,0,31.5,0.41,0.05
Odisha,Mayurbhanj ,Bangriposi,15,Nafri,0,70.36,21.35,45.45,0,0,66.8,3.56,0.02
Odisha,Mayurbhanj ,Bangriposi,16,Nischinta,0,54.39,13.59,19.52,0,0,33.12,21.27,0.02
Odisha,Mayurbhanj ,Bangriposi,17,Pathuri,0,27.53,17.7,8.49,0,0,26.19,1.33,0.1
Odisha,Mayurbhanj ,Bangriposi,18,Sorispal,0,64.62,24.06,34.82,0,0,58.89,5.74,0.08
Odisha,Mayurbhanj ,Bangriposi,19,Syamsundarpur,0,49.35,18.79,6.51,0,0,25.29,24.06,0.02
Odisha,Mayurbhanj ,Bangriposi,,Total,0,879.19,329.95,431.9,0,0,761.85,117.34,1.34
Odisha,Mayurbhanj ,Bangriposi,,Block Level Line Deptt.,-0.14,-0.14,720,100.41,0,0.3,820.72,-820.86,6.57
Odisha,Mayurbhanj ,Bangriposi,,Po,9.4,586.57,0,NA,NA,26.18,26.18,560.39,NA
Odisha,Mayurbhanj ,Bangriposi,,Grand Total,9.26,1465.62,1049.95,532.31,0,26.48,1608.75,-143.13,7.91
Odisha,Mayurbhanj ,Bangriposi,1,Badjode,0,13.6,3.17,10.29,0.14,0,13.6,0,0.08
Odisha,Mayurbhanj ,Baripada,2,Bankisole,0,7.89,1.5,6.32,0.08,0,7.89,0,0.07
Odisha,Mayurbhanj ,Baripada,3,Betna,0,5.32,2.38,2.86,0.07,0,5.32,0,0.42
Odisha,Mayurbhanj ,Baripada,4,Bhagbatchandrapur,0,31.49,6.09,25.04,0.36,0,31.49,0,0.14
Odisha,Mayurbhanj ,Baripada,5,Budhikhamari,0,14.79,3.23,11.39,0.13,0,14.75,0.03,0.11
Odisha,Mayurbhanj ,Baripada,6,Chandanpur,0,11.91,3.69,8.1,0.13,0,11.91,0,0
Odisha,Mayurbhanj ,Baripada,7,Hatikote,0,10.01,3.45,6.47,0.09,0,10.01,0,0.05
Odisha,Mayurbhanj ,Baripada,8,Khadisole,0,17.88,8.01,9.72,0.16,0,17.91,-0.02,0.01
Odisha,Mayurbhanj ,Baripada,9,Laxmiposi,0,17.52,4.26,13.08,0.16,0,17.5,0.02,0.41
Odisha,Mayurbhanj ,Baripada,10,Rajabasa,0,35.88,8.82,26.71,0.34,0,35.87,0.01,0.07
Odisha,Mayurbhanj ,Baripada,11,Sankhabhanga,0,21.59,4.67,16.72,0.21,0,21.59,0,0.14
Odisha,Mayurbhanj ,Baripada,,Total,0,187.88,49.27,136.71,1.86,0,187.83,0.04,1.49
Odisha,Mayurbhanj ,Baripada,,Block Level Line Deptt.,-0.44,-0.44,419.9,118.42,0.08,1.11,539.5,-539.94,11.33
Odisha,Mayurbhanj ,Baripada,,Po,17.95,340.63,0,NA,NA,24.27,24.27,316.36,NA
Odisha,Mayurbhanj ,Baripada,,Grand Total,17.51,528.07,469.17,255.13,1.94,25.38,751.6,-223.54,12.82
Odisha,Mayurbhanj ,Baripada,1,Agria,0,25.76,15.31,10.25,0.19,0,25.75,0.01,0.02
Odisha,Mayurbhanj ,Betnoti,2,Ambagadia,0,37.89,33.63,4.21,0.05,0,37.89,0,0.15
Odisha,Mayurbhanj ,Betnoti,3,Anla,0,7.92,6.18,1.48,0.02,0,7.68,0.24,0.15
Odisha,Mayurbhanj ,Betnoti,4,Baisinga,0,10.94,10.41,0,0,0,10.41,0.52,0.31
Odisha,Mayurbhanj ,Betnoti,5,Betnoti,0,17.83,7.19,10.47,0.13,0,17.78,0.05,0.09
Odisha,Mayurbhanj ,Betnoti,6,Chanchhipada,0,17.39,13.78,3.36,0.09,0,17.24,0.16,0.01
Odisha,Mayurbhanj ,Betnoti,7,Dahikoti,0,28.7,18.43,10.03,0.2,0,28.66,0.04,0.36
Odisha,Mayurbhanj ,Betnoti,8,Gadadeulia,0,57.05,43.76,13.07,0.25,0,57.09,-0.04,0.02
Odisha,Mayurbhanj ,Betnoti,9,Hatijhuri,0,3.15,3.13,0,0,0,3.13,0.01,0.08
Odisha,Mayurbhanj ,Betnoti,10,Jugal,0,6.77,6.3,0.31,0.05,0,6.65,0.12,0.07
Odisha,Mayurbhanj ,Betnoti,11,Kalama,0,97.11,60.85,34.94,0.47,0,96.25,0.86,0.02
Odisha,Mayurbhanj ,Betnoti,12,Kendua,0,48.15,37.72,10.3,0.14,0,48.16,-0.01,0.38
Odisha,Mayurbhanj ,Betnoti,13,Mahisasole,0,69.58,43.74,25.52,0.28,0,69.55,0.02,0.27
Odisha,Mayurbhanj ,Betnoti,14,Merda,0,46.93,31.06,15.32,0.22,0,46.6,0.33,0.05
Odisha,Mayurbhanj ,Betnoti,15,Muktapur,0,9.72,7.6,1.53,0.01,0,9.14,0.58,0
Odisha,Mayurbhanj ,Betnoti,16,Nadpur,0,3.02,2.89,0,0,0,2.89,0.13,0.03
Odisha,Mayurbhanj ,Betnoti,17,Patalipura,0,5.85,3.54,1.77,0.03,0,5.34,0.51,0.01
Odisha,Mayurbhanj ,Betnoti,18,Purinda,0,3.23,2.85,0.1,0,0,2.95,0.28,0.46
Odisha,Mayurbhanj ,Betnoti,19,Purunia,0,18.75,16.87,1.77,0.07,0,18.71,0.04,0.09
Odisha,Mayurbhanj ,Betnoti,20,Raghupur,0,27.99,24.77,2.52,0.1,0,27.39,0.6,0.72
Odisha,Mayurbhanj ,Betnoti,21,Saitpur,0,14.5,7.64,6.65,0.1,0,14.38,0.11,0.09
Odisha,Mayurbhanj ,Betnoti,22,Salabani(S)Nahandasole,0,12.43,5.96,6.39,0.1,0,12.45,-0.03,0.02
Odisha,Mayurbhanj ,Betnoti,23,Santara,0,10.26,9.68,0,0,0,9.68,0.58,0.52
Odisha,Mayurbhanj ,Betnoti,24,Sathilo,-0.01,37.84,15.11,22.02,0.34,0,37.47,0.37,0.24
Odisha,Mayurbhanj ,Betnoti,,Total,-0.01,618.75,428.41,182.03,2.83,0,613.26,5.49,4.17
Odisha,Mayurbhanj ,Betnoti,,Block Level Line Deptt.,-0.05,-0.05,646.38,26.65,0.19,0.59,673.81,-673.86,5.82
Odisha,Mayurbhanj ,Betnoti,,Po,6.7,687.73,0,NA,NA,42.79,42.79,644.94,NA
Odisha,Mayurbhanj ,Betnoti,,Grand Total,6.64,1306.43,1074.79,208.68,3.02,43.38,1329.86,-23.43,9.99
Odisha,Mayurbhanj ,Betnoti,1,Badjharan,0,202.41,79.8,124.88,0.02,0,204.7,-2.29,1.52
Odisha,Mayurbhanj ,Bijatala,2,Bankati,0,373.38,124.9,282.07,0.46,0,407.43,-34.05,2.36
Odisha,Mayurbhanj ,Bijatala,3,Bijatala,-0.02,360.73,111.62,263.95,0.14,0,375.71,-14.98,2.52
Odisha,Mayurbhanj ,Bijatala,4,Chadheipahadi,0,261.82,76.13,191.09,0.11,0,267.33,-5.51,2.96
Odisha,Mayurbhanj ,Bijatala,5,Khanta,0,223.03,89.08,181.06,0.41,0,270.56,-47.53,2.29
Odisha,Mayurbhanj ,Bijatala,6,Luhasila,0,179.39,60.33,118.64,0.16,0,179.13,0.27,1.71
Odisha,Mayurbhanj ,Bijatala,7,Madheikocha,0,221.21,72.2,156.77,0.24,0,229.21,-8,1.86
Odisha,Mayurbhanj ,Bijatala,8,Manikpur,0,157.22,48.46,108.3,0,0,156.76,0.46,0.78
Odisha,Mayurbhanj ,Bijatala,9,Mundathakura,0,228.41,88.46,186.49,0.32,0,275.26,-46.85,2.38
Odisha,Mayurbhanj ,Bijatala,10,Nusadihi,0,160.25,40.93,123.17,0.05,0,164.15,-3.89,1.49
Odisha,Mayurbhanj ,Bijatala,11,Raihari,0,260.25,81.43,189.07,0.5,0,271,-10.75,9.76
Odisha,Mayurbhanj ,Bijatala,12,Sargoda,0,218.66,70.99,150.38,0.23,0,221.6,-2.94,1.12
Odisha,Mayurbhanj ,Bijatala,,Total,-0.02,2846.78,944.34,2075.88,2.63,0,3022.85,-176.07,30.74
Odisha,Mayurbhanj ,Bijatala,,Block Level Line Deptt.,0,0,131.33,64.24,0.37,0.18,196.11,-196.11,3.33
Odisha,Mayurbhanj ,Bijatala,,Po,15.49,371.86,0,NA,NA,9.53,9.53,362.33,NA
Odisha,Mayurbhanj ,Bijatala,,Grand Total,15.47,3218.64,1075.67,2140.12,3,9.71,3228.49,-9.85,34.07
Odisha,Mayurbhanj ,Bijatala,1,Asana,0,17.57,11.67,5.48,0.15,0,17.3,0.26,0.05
Odisha,Mayurbhanj ,Bisoi,2,Badmanada,0,20.2,14.97,5.17,0.07,0,20.2,0,0
Odisha,Mayurbhanj ,Bisoi,3,Baneikala,0,16.93,12.29,4.62,0.06,0,16.97,-0.04,0.06
Odisha,Mayurbhanj ,Bisoi,4,Bautibeda,0,26.45,13.94,12.32,0.16,0,26.42,0.03,0.05
Odisha,Mayurbhanj ,Bisoi,5,Bhhatchhatar,0,12.93,8.97,3.64,0.11,0,12.71,0.22,0.07
Odisha,Mayurbhanj ,Bisoi,6,Bisoi,0,9.34,8.49,0.74,0,0,9.23,0.1,0.19
Odisha,Mayurbhanj ,Bisoi,7,Jagannathpur,0,30.93,23.93,6.56,0.09,0,30.57,0.36,0
Odisha,Mayurbhanj ,Bisoi,8,Jodia,0,16.2,8.34,7.77,0.08,0,16.19,0.01,0.11
Odisha,Mayurbhanj ,Bisoi,9,Khadambeda,0,25.68,15.41,10.05,0.14,0,25.59,0.09,0.06
Odisha,Mayurbhanj ,Bisoi,10,Luhakani,0,21.97,13.38,8.59,0,0,21.97,0,0.02
Odisha,Mayurbhanj ,Bisoi,11,Nangal Benta Pokharia,0,6.27,5.09,1.17,0.01,0,6.27,0,0.07
Odisha,Mayurbhanj ,Bisoi,12,Nuagan,0,31.23,22.3,8.54,0.23,0,31.08,0.15,0.16
Odisha,Mayurbhanj ,Bisoi,13,Sanpurunapani,0,18.87,15.69,3.09,0.07,0,18.85,0.03,0
Odisha,Mayurbhanj ,Bisoi,,Total,0,254.57,174.45,77.75,1.15,0,253.36,1.21,0.85
Odisha,Mayurbhanj ,Bisoi,,Block Level Line Deptt.,0,0,424.46,73.02,0.19,0.41,498.08,-498.08,1.08
Odisha,Mayurbhanj ,Bisoi,,Po,0.96,362.43,0,NA,NA,25.85,25.85,336.58,NA
Odisha,Mayurbhanj ,Bisoi,,Grand Total,0.96,617,598.91,150.77,1.34,26.26,777.29,-160.29,1.93
Odisha,Mayurbhanj ,Bisoi,1,Arapata,0,5.59,1.61,3.98,0,0,5.59,0,0.03
Odisha,Mayurbhanj ,Gopabandhunagar,2,Baradihi,0,62.06,24.86,36.99,0,0,61.85,0.21,0.52
Odisha,Mayurbhanj ,Gopabandhunagar,3,Bhandgan,0,5.51,2.41,3.1,0,0,5.51,0,0
Odisha,Mayurbhanj ,Gopabandhunagar,4,Jaypur,0,72.67,40.47,32.19,0,0,72.66,0.01,0.28
Odisha,Mayurbhanj ,Gopabandhunagar,5,Kuamara,0,1.11,0.38,0.73,0,0,1.11,0,0
Odisha,Mayurbhanj ,Gopabandhunagar,6,Kusalda,0,13.03,7,5.99,0,0,12.99,0.03,0.02
Odisha,Mayurbhanj ,Gopabandhunagar,7,Pasuda,0,39.01,14.2,24.81,0,0,39.01,0,0.39
Odisha,Mayurbhanj ,Gopabandhunagar,8,Puruna-Baripada,0,21.92,8.75,13.14,0,0,21.89,0.03,0.06
Odisha,Mayurbhanj ,Gopabandhunagar,9,Ranibandha,0,111.38,42.23,69.05,0,0,111.28,0.1,0.5
Odisha,Mayurbhanj ,Gopabandhunagar,10,Sainkula,0,6.36,1.95,4.41,0,0,6.36,0,0
Odisha,Mayurbhanj ,Gopabandhunagar,11,Sankhunta,0,17.36,9.43,7.93,0,0,17.36,0,0.19
Odisha,Mayurbhanj ,Gopabandhunagar,12,Silaghaty,0,4.06,2.62,1.44,0,0,4.06,0,0.01
Odisha,Mayurbhanj ,Gopabandhunagar,13,Titia,0,6.37,6.27,0,0,0,6.27,0.1,0.15
Odisha,Mayurbhanj ,Gopabandhunagar,,Total,0,366.44,162.19,203.77,0,0,365.95,0.49,2.15
Odisha,Mayurbhanj ,Gopabandhunagar,,Block Level Line Deptt.,0,0,513.6,111.9,0.09,0.42,626.02,-626.02,6.2
Odisha,Mayurbhanj ,Gopabandhunagar,,Po,3.2,636.56,0,NA,NA,27.16,27.16,609.4,NA
Odisha,Mayurbhanj ,Gopabandhunagar,,Grand Total,3.2,1003,675.79,315.67,0.09,27.58,1019.13,-16.13,8.35
Odisha,Mayurbhanj ,Gopabandhunagar,1,Bad Dundu,0,29.96,11.83,17.85,0.27,0,29.95,0.01,0.05
Odisha,Mayurbhanj ,Jamda,2,Bad Kuleibira,0,18.38,11.59,6.53,0.07,0,18.2,0.18,0.03
Odisha,Mayurbhanj ,Jamda,3,Hensda,0,50.52,31.86,18.34,0.32,0,50.52,0,0.52
Odisha,Mayurbhanj ,Jamda,4,Jamda,0,25.33,18.55,6.67,0.11,0,25.33,0,0.06
Odisha,Mayurbhanj ,Jamda,5,Jarkani,0,7.58,6.93,0.63,0.02,0,7.58,0,0.02
Odisha,Mayurbhanj ,Jamda,6,Moranda,0,34.81,20.51,14.1,0.2,0,34.81,0,0.03
Odisha,Mayurbhanj ,Jamda,7,Pasna,0,39.82,19.16,20.17,0.28,0,39.6,0.22,0.12
Odisha,Mayurbhanj ,Jamda,8,Talagaon,0,16.46,11.13,5.24,0.09,0,16.46,0,0.09
Odisha,Mayurbhanj ,Jamda,9,Tarana,0,73.2,31.06,41.6,0.55,0,73.2,0,0.27
Odisha,Mayurbhanj ,Jamda,10,Tendra,0,38.93,26.02,12.68,0.23,0,38.93,0,0.1
Odisha,Mayurbhanj ,Jamda,,Total,0,334.99,188.65,143.8,2.14,0,334.58,0.41,1.3
Odisha,Mayurbhanj ,Jamda,,Block Level Line Deptt.,0,0,337.1,24.29,0.2,0.65,362.25,-362.25,2.67
Odisha,Mayurbhanj ,Jamda,,Po,2.58,344.48,0,NA,NA,16.76,16.76,327.72,NA
Odisha,Mayurbhanj ,Jamda,,Grand Total,2.58,679.47,525.75,168.09,2.34,17.41,713.59,-34.12,3.97
Odisha,Mayurbhanj ,Jamda,1,Astakuanr,0,86.85,45.71,41.87,0.23,0,87.81,-0.96,0.03
Odisha,Mayurbhanj ,Joshipur,2,Barehipani,0,57.06,37.93,19.07,0.21,0,57.21,-0.15,0
Odisha,Mayurbhanj ,Joshipur,3,Baunsanali,0,39.05,39.12,0,0,0,39.12,-0.06,0.12
Odisha,Mayurbhanj ,Joshipur,4,Begunia,0,85.93,77.28,8.4,0.13,0,85.81,0.12,0.77
Odisha,Mayurbhanj ,Joshipur,5,Chakidi,0,80.52,80.86,0,0,0,80.86,-0.34,0.01
Odisha,Mayurbhanj ,Joshipur,6,Dhalabani,0,93.49,62.69,30.58,0.24,0,93.52,-0.03,0.16
Odisha,Mayurbhanj ,Joshipur,7,Durdura,0,68.24,68.14,0,0,0,68.14,0.1,0.4
Odisha,Mayurbhanj ,Joshipur,8,Ektali,0,59.51,47.29,12.06,0.13,0,59.49,0.02,1.52
Odisha,Mayurbhanj ,Joshipur,9,Gudugudia,0,113.53,45.46,67.71,0.87,0,114.03,-0.5,0.3
Odisha,Mayurbhanj ,Joshipur,10,Jamdasahi,0,25.56,20.86,4.64,0.06,0,25.56,0,0.09
Odisha,Mayurbhanj ,Joshipur,11,Jamukeswar,0,48.19,47.98,2.03,0.03,0,50.03,-1.84,0.21
Odisha,Mayurbhanj ,Joshipur,12,Jashipur,0,41.17,35.38,7.5,0.13,0,43,-1.83,0.28
Odisha,Mayurbhanj ,Joshipur,13,Mahardapalsa,0,28.59,26.96,2.27,0.05,0,29.28,-0.7,0.42
Odisha,Mayurbhanj ,Joshipur,14,Mannada,0,32.28,30.24,2,0.02,0,32.27,0.01,0.37
Odisha,Mayurbhanj ,Joshipur,15,Matiagarh,0,28.11,26.78,1.29,0.02,0,28.07,0.04,0.05
Odisha,Mayurbhanj ,Joshipur,16,Maudi,0,22.71,23.41,1.67,0.02,0,25.09,-2.39,0.19
Odisha,Mayurbhanj ,Joshipur,17,Pantho,0,10.72,9.95,0.71,0.01,0,10.68,0.04,0.15
Odisha,Mayurbhanj ,Joshipur,18,Podagarh,0,89.8,52.47,38.31,0.49,0,91.26,-1.45,0.05
Odisha,Mayurbhanj ,Joshipur,19,Rugudi,0,119.33,88.24,30.38,0.68,0,119.3,0.02,1.19
Odisha,Mayurbhanj ,Joshipur,20,Tangabila,0,35.2,35.17,0,0,0,35.18,0.02,0.22
Odisha,Mayurbhanj ,Joshipur,,Total,0,1165.83,901.9,270.47,3.32,0,1175.7,-9.87,6.52
Odisha,Mayurbhanj ,Joshipur,,Block Level Line Deptt.,0,0,69.31,49.58,0.03,0.88,119.8,-119.8,0.83
Odisha,Mayurbhanj ,Joshipur,,Po,5.5,75.34,0,NA,NA,46.49,46.49,28.85,NA
Odisha,Mayurbhanj ,Joshipur,,Grand Total,5.5,1241.17,971.21,320.05,3.35,47.37,1341.99,-100.82,7.35
Odisha,Mayurbhanj ,Joshipur,1,Bad Bisole,0,126.59,80.59,45.36,0.64,0,126.59,0,1.52
Odisha,Mayurbhanj ,Kaptipada,2,Bad Khaladi,0,187,98.64,87.14,1.19,0,186.97,0.03,0.35
Odisha,Mayurbhanj ,Kaptipada,3,Badgudugudia,0,96.68,58.66,37.52,0.51,0,96.69,-0.01,0.32
Odisha,Mayurbhanj ,Kaptipada,4,Chakradharpur,0,215.13,107.74,106.06,1.32,0,215.12,0.01,0.5
Odisha,Mayurbhanj ,Kaptipada,5,Debla,0,122.16,81.09,40.45,0.62,0,122.16,0,0.3
Odisha,Mayurbhanj ,Kaptipada,6,Dewanbahali,0,107.43,75.68,30.43,0.53,0,106.65,0.78,1
Odisha,Mayurbhanj ,Kaptipada,7,Jadida,0,184.09,84.24,98.62,1.3,0,184.15,-0.06,0.96
Odisha,Mayurbhanj ,Kaptipada,8,Jambani,0,156.51,49.44,101.8,1.48,0,152.71,3.8,0.38
Odisha,Mayurbhanj ,Kaptipada,9,Jayantipata-Samil-Jamdiha,0,131.15,87.45,43.24,0.7,0,131.39,-0.24,0.31
Odisha,Mayurbhanj ,Kaptipada,10,Jhinkpada,0,85.07,43.12,41.37,0.58,0,85.07,0.01,0.42
Odisha,Mayurbhanj ,Kaptipada,11,Kalamgadia,0,84.55,52.59,31.61,0.38,0,84.58,-0.03,1.24
Odisha,Mayurbhanj ,Kaptipada,12,Kaptipada,0,75.85,50.44,25.06,0.34,0,75.85,0,1.2
Odisha,Mayurbhanj ,Kaptipada,13,Kolialam,0,104.56,79.86,24.25,0.45,0,104.56,0,0.4
Odisha,Mayurbhanj ,Kaptipada,14,Labanyadeipur,0,79.86,50.52,28.86,0.48,0,79.86,0,0.07
Odisha,Mayurbhanj ,Kaptipada,15,Majhigadia,0,74.25,49.25,24.59,0.4,0,74.25,0,2.66
Odisha,Mayurbhanj ,Kaptipada,16,Mankadapada,0,144.68,85.43,58.36,0.89,0,144.68,0,1.48
Odisha,Mayurbhanj ,Kaptipada,17,Notto,0,63.86,50.65,13.03,0.18,0,63.86,0,0.08
Odisha,Mayurbhanj ,Kaptipada,18,Nudadiha,0,443.28,137.54,301.57,4.13,0,443.24,0.04,0.62
Odisha,Mayurbhanj ,Kaptipada,19,Padmapokhari,0,188.15,78.9,107.76,1.49,0,188.15,0,1.97
Odisha,Mayurbhanj ,Kaptipada,20,Pedagadi,0,327.38,159.99,164.97,2.42,0,327.38,0,0.9
Odisha,Mayurbhanj ,Kaptipada,21,Pingu,0,121.87,52.14,68.63,1.01,0,121.78,0.09,0.14
Odisha,Mayurbhanj ,Kaptipada,22,Ramchandrapur,0,85.55,38.4,46.45,0.69,0,85.55,0,1.13
Odisha,Mayurbhanj ,Kaptipada,23,Ranipokhari,0,38.08,34.71,3.26,0.07,0,38.04,0.04,0.13
Odisha,Mayurbhanj ,Kaptipada,24,Salchua,0,156.4,84.74,70.64,1.01,0,156.39,0.01,1.21
Odisha,Mayurbhanj ,Kaptipada,25,Sarat,0,98.87,58.49,39.77,0.61,0,98.87,0,0.64
Odisha,Mayurbhanj ,Kaptipada,26,Sardiha,0,84.14,52.95,30.81,0.38,0,84.14,0,0.11
Odisha,Mayurbhanj ,Kaptipada,,Total,0,3583.14,1883.26,1671.61,23.8,0,3578.67,4.47,20.05
Odisha,Mayurbhanj ,Kaptipada,,Block Level Line Deptt.,-0.01,-0.01,344.77,477.3,6.58,0.89,829.54,-829.55,2.31
Odisha,Mayurbhanj ,Kaptipada,,Po,20.92,633.98,0,NA,NA,49.39,49.39,584.59,NA
Odisha,Mayurbhanj ,Kaptipada,,Grand Total,20.91,4217.11,2228.03,2148.91,30.38,50.28,4457.6,-240.49,22.36
Odisha,Mayurbhanj ,Kaptipada,1,Badadeuli,0,26.95,26.13,0.81,0.01,0,26.95,0,0.5
Odisha,Mayurbhanj ,Karanjia,2,Badagaon,0,86.68,50.68,35.54,0.46,0,86.68,0,0.17
Odisha,Mayurbhanj ,Karanjia,3,Bala,-0.01,12.4,5.7,6.59,0.1,0,12.4,-0.01,1.39
Odisha,Mayurbhanj ,Karanjia,4,Batpalsa,0,21.39,6.92,14.29,0.19,0,21.39,0,0.12
Odisha,Mayurbhanj ,Karanjia,5,Chitraposi,0,36.06,31.19,4.87,0.06,0,36.12,-0.06,0.01
Odisha,Mayurbhanj ,Karanjia,6,Dori,0,66.28,36.26,29.58,0.42,0,66.26,0.02,0.23
Odisha,Mayurbhanj ,Karanjia,7,Dudhiani,0,37.56,24.67,12.76,0.19,0,37.62,-0.06,0.11
Odisha,Mayurbhanj ,Karanjia,8,Ghosda,0,130.81,49.05,80.72,1.04,0,130.81,0,0.06
Odisha,Mayurbhanj ,Karanjia,9,Kerkera,0,55.38,27.68,27.32,0.36,0,55.36,0.02,0.33
Odisha,Mayurbhanj ,Karanjia,10,Kuliposi,0,96.29,51.46,44.23,0.61,0,96.29,0,0.33
Odisha,Mayurbhanj ,Karanjia,11,Miriginendi,0,41.2,35.35,5.67,0.08,0,41.1,0.1,0.26
Odisha,Mayurbhanj ,Karanjia,12,Patbil,0,47.14,28.11,18.79,0.25,0,47.15,-0.01,0.42
Odisha,Mayurbhanj ,Karanjia,13,Rasamtola,0,39.29,21.43,17.63,0.23,0,39.29,0,0.2
Odisha,Mayurbhanj ,Karanjia,14,Sarangagarh,0,57.97,22.18,35.33,0.45,0,57.97,0,0.29
Odisha,Mayurbhanj ,Karanjia,15,Tato,0,22.8,10.23,12.28,0.16,0,22.67,0.13,0.03
Odisha,Mayurbhanj ,Karanjia,,Total,-0.01,778.21,427.04,346.42,4.62,0,778.08,0.14,4.45
Odisha,Mayurbhanj ,Karanjia,,Block Level Line Deptt.,0,0,325.82,91.24,0.31,2.3,419.67,-419.67,3.84
Odisha,Mayurbhanj ,Karanjia,,Po,1.74,300.47,0,NA,NA,26.56,26.56,273.91,NA
Odisha,Mayurbhanj ,Karanjia,,Grand Total,1.73,1078.68,752.86,437.66,4.93,28.86,1224.31,-145.62,8.29
Odisha,Mayurbhanj ,Karanjia,1,Badfeni,0,55.34,47.9,7.55,0.1,0,55.55,-0.21,0.4
Odisha,Mayurbhanj ,Khunta,2,Badpathara,0,96.44,54.46,45.25,0.3,0,100.01,-3.57,2.43
Odisha,Mayurbhanj ,Khunta,3,Bahanada,0,125.19,95.25,31.49,0.47,0,127.21,-2.03,0.65
Odisha,Mayurbhanj ,Khunta,4,Bangara,0,46.65,42.37,4.89,0.03,0,47.29,-0.64,0.55
Odisha,Mayurbhanj ,Khunta,5,Basipitha,0,35.29,30.63,4.7,0.06,0,35.39,-0.1,0.72
Odisha,Mayurbhanj ,Khunta,6,Bholagadia,0,86.54,55.24,31.05,0.42,0,86.71,-0.17,0.39
Odisha,Mayurbhanj ,Khunta,7,Brundabanchandrapur,0,31.11,29.12,4.94,0.03,0,34.08,-2.97,5.18
Odisha,Mayurbhanj ,Khunta,8,Dengam,0,39.43,33.09,6.33,0.08,0,39.5,-0.07,0.1
Odisha,Mayurbhanj ,Khunta,9,Dukura,0,59.3,34.95,24.04,0.31,0,59.3,0,0.28
Odisha,Mayurbhanj ,Khunta,10,Gadigaon,0,107.96,62.06,45.63,0.66,0,108.36,-0.4,0.55
Odisha,Mayurbhanj ,Khunta,11,Ghanghera,0,89.04,63.83,29.78,0.41,0,94.01,-4.97,0.29
Odisha,Mayurbhanj ,Khunta,12,Karkachia,0,110.04,71.92,38.73,0.52,0,111.17,-1.13,0.62
Odisha,Mayurbhanj ,Khunta,13,Laxanasahi,0,55.95,42.62,13.42,0.03,0,56.07,-0.12,1.09
Odisha,Mayurbhanj ,Khunta,14,Sapanchua,0,39.8,29.12,10.55,0.14,0,39.8,0,0.22
Odisha,Mayurbhanj ,Khunta,,Total,0,978.08,692.54,298.34,3.57,0,994.45,-16.37,13.46
Odisha,Mayurbhanj ,Khunta,,Block Level Line Deptt.,-3.16,-3.16,257.38,70.25,0.26,1.46,329.34,-332.5,4.54
Odisha,Mayurbhanj ,Khunta,,Po,5.11,165.55,0,NA,NA,27.07,27.07,138.48,NA
Odisha,Mayurbhanj ,Khunta,,Grand Total,1.95,1140.47,949.92,368.59,3.83,28.53,1350.86,-210.39,18
Odisha,Mayurbhanj ,Khunta,1,Baiganbadia,0,84.82,24.98,58.96,0.86,0,84.81,0.01,0.02
Odisha,Mayurbhanj ,Kuliana,2,Bhagabanpur,0,47.99,15.52,32.06,0.42,0,47.99,0,0.06
Odisha,Mayurbhanj ,Kuliana,3,Chandua,0,134.57,46.65,86.66,1.26,0,134.57,0,0.12
Odisha,Mayurbhanj ,Kuliana,4,Dumurdiha,0,126.12,54.51,70.39,1.2,0,126.1,0.02,0.27
Odisha,Mayurbhanj ,Kuliana,5,Gangraj,0,22.89,8.66,14.01,0.22,0,22.89,0,0
Odisha,Mayurbhanj ,Kuliana,6,Gendapokhari,0,225,63.88,158.98,2.14,0,225,0,0.02
Odisha,Mayurbhanj ,Kuliana,7,Goudaruma,0,26.82,7.58,18.96,0.27,0,26.82,0,0.01
Odisha,Mayurbhanj ,Kuliana,8,Keutunimari,0,115.26,36.21,77.89,1.15,0,115.26,0,0.04
Odisha,Mayurbhanj ,Kuliana,9,Kuabuda,0,37.55,13.94,23.21,0.36,0,37.51,0.03,0
Odisha,Mayurbhanj ,Kuliana,10,Kuchei,0,44.99,12.66,31.82,0.51,0,44.99,0,0.01
Odisha,Mayurbhanj ,Kuliana,11,Kuliana,0,53.43,25.1,27.93,0.4,0,53.43,0,0.04
Odisha,Mayurbhanj ,Kuliana,12,Marangtandi,0,21.11,7.74,13.17,0.2,0,21.11,0,0
Odisha,Mayurbhanj ,Kuliana,13,Nodhana,0,53.75,17.72,35.51,0.52,0,53.75,0,0.13
Odisha,Mayurbhanj ,Kuliana,14,Parulia,0,16.73,6.52,10.15,0.15,0,16.81,-0.08,0
Odisha,Mayurbhanj ,Kuliana,15,Patihinja,0,84.32,39.19,44.5,0.63,0,84.32,0,0
Odisha,Mayurbhanj ,Kuliana,16,Purunapani,0,102.62,28.97,72.72,0.96,0,102.65,-0.03,0.04
Odisha,Mayurbhanj ,Kuliana,17,Saragachhida,0,24.49,6.15,18.11,0.24,0,24.49,0,0.02
Odisha,Mayurbhanj ,Kuliana,,Total,0,1222.47,415.97,795.01,11.52,0,1222.5,-0.03,0.78
Odisha,Mayurbhanj ,Kuliana,,Block Level Line Deptt.,-2.77,-2.77,787.8,131.88,0.07,3.28,923.02,-925.79,5.1
Odisha,Mayurbhanj ,Kuliana,,Po,13.57,602.18,0,NA,NA,34.05,34.05,568.13,NA
Odisha,Mayurbhanj ,Kuliana,,Grand Total,10.8,1821.88,1203.77,926.89,11.59,37.33,2179.57,-357.69,5.88
Odisha,Mayurbhanj ,Kuliana,1,Aaharbandh,0,22.45,7.1,4.69,0.08,0,11.87,10.58,0.07
Odisha,Mayurbhanj ,Kusumi,2,Badhatnabeda,0,19.57,10.35,3.11,0.04,0,13.5,6.07,0.2
Odisha,Mayurbhanj ,Kusumi,3,Bhutkabadi,0,53.1,22.93,15.14,0.2,0,38.27,14.84,0.19
Odisha,Mayurbhanj ,Kusumi,4,Chuapani,0,30.66,13.57,10.4,0.22,0,24.18,6.48,0.34
Odisha,Mayurbhanj ,Kusumi,5,Dhangirimuta,0,2.92,1.87,0,0,0,1.87,1.05,0.01
Odisha,Mayurbhanj ,Kusumi,6,Hatbadra,0,24.42,11.25,5.29,0.07,0,16.61,7.82,0.21
Odisha,Mayurbhanj ,Kusumi,7,Jaipur,0,49.15,14.48,15.37,0.24,0,30.09,19.05,0.45
Odisha,Mayurbhanj ,Kusumi,8,Jarda,0,68.61,39.98,28.37,0.26,0,68.6,0.01,1.05
Odisha,Mayurbhanj ,Kusumi,9,Jhipabandha,0,20.98,7.07,2.56,0.07,0,9.7,11.28,0.9
Odisha,Mayurbhanj ,Kusumi,10,Kusumi,0,25.26,19.9,5.25,0.06,0,25.21,0.04,0.12
Odisha,Mayurbhanj ,Kusumi,11,Mayurdar,0,87.17,49.66,37.01,0.5,0,87.17,0,0.39
Odisha,Mayurbhanj ,Kusumi,12,Talapati,0,29.09,9.93,4.77,0.07,0,14.77,14.31,0.36
Odisha,Mayurbhanj ,Kusumi,13,Talokpokhari,0,27.46,8.27,12.13,0.09,0,20.49,6.98,0.02
Odisha,Mayurbhanj ,Kusumi,14,Uparbeda,0,87.39,44.35,33.71,0.53,0,78.59,8.8,0.34
Odisha,Mayurbhanj ,Kusumi,,Total,0,548.23,260.7,177.79,2.42,0,440.91,107.32,4.64
Odisha,Mayurbhanj ,Kusumi,,Block Level Line Deptt.,0,0,303.18,53.98,0.1,0.31,357.57,-357.57,2.46
Odisha,Mayurbhanj ,Kusumi,,Po,15.94,172.61,0,NA,NA,28.72,28.72,143.89,NA
Odisha,Mayurbhanj ,Kusumi,,Grand Total,15.94,720.84,563.88,231.77,2.52,29.03,827.2,-106.36,7.1
Odisha,Mayurbhanj ,Kusumi,1,Barkand,0,50.3,23.75,26.39,0.16,0,50.3,0,0.12
Odisha,Mayurbhanj ,Morada,2,Bhaliadiha,0,25.54,7.42,17.96,0.15,0,25.54,0,0.06
Odisha,Mayurbhanj ,Morada,3,Chadheigan,0,26.9,15.17,11.8,0.01,0,26.98,-0.08,0.02
Odisha,Mayurbhanj ,Morada,4,Chikitamatia,0,83.72,30.29,53.11,0.33,0,83.73,-0.01,0.46
Odisha,Mayurbhanj ,Morada,5,Chitrada,0,19.28,8.38,10.88,0.08,0,19.33,-0.05,0
Odisha,Mayurbhanj ,Morada,6,Dantiamuhan,0,96.75,52.6,44.02,0.1,0,96.72,0.03,0.04
Odisha,Mayurbhanj ,Morada,7,Dhadasahi,0,2.85,1.57,1.27,0.01,0,2.85,0,0.13
Odisha,Mayurbhanj ,Morada,8,Durgapur,0,37.57,21.44,16.13,0,0,37.58,-0.01,0.01
Odisha,Mayurbhanj ,Morada,9,Gadigan,0,61.38,24.21,36.94,0.23,0,61.38,0,0.41
Odisha,Mayurbhanj ,Morada,10,Gholamuhan,0,15.05,7.41,7.56,0.08,0,15.05,0,0.06
Odisha,Mayurbhanj ,Morada,11,Godia,0,21.03,12.45,8.58,0,0,21.03,0,0
Odisha,Mayurbhanj ,Morada,12,Haldipal,0,14.12,5.37,8.68,0,0,14.05,0.07,0.02
Odisha,Mayurbhanj ,Morada,13,Jualibhanga,0,39.55,19.17,20.28,0,0,39.45,0.1,0.77
Odisha,Mayurbhanj ,Morada,14,Kohi,0,7.88,6.29,1.59,0,0,7.88,0,0.1
Odisha,Mayurbhanj ,Morada,15,Morada,0,4.53,4.21,0.32,0,0,4.53,0,0.05
Odisha,Mayurbhanj ,Morada,16,Nuagaon,0,7.49,5.83,1.63,0.01,0,7.47,0.01,0.47
Odisha,Mayurbhanj ,Morada,17,Nuhajhalia,0,32.3,27.25,5.05,0.05,0,32.35,-0.05,0.09
Odisha,Mayurbhanj ,Morada,18,Palasmunduli,0,50.57,26.88,23.54,0.08,0,50.5,0.07,0.89
Odisha,Mayurbhanj ,Morada,19,Sanmundhabani,0,18.83,13.92,4.93,0.03,0,18.88,-0.05,0.62
Odisha,Mayurbhanj ,Morada,20,Sureidihi,0,26.14,14.16,11.94,0.01,0,26.12,0.03,0.2
Odisha,Mayurbhanj ,Morada,,Total,0,641.78,327.8,312.58,1.34,0,641.73,0.06,4.5
Odisha,Mayurbhanj ,Morada,,Block Level Line Deptt.,-0.12,-0.12,556.96,84.87,0.03,1.84,643.7,-643.82,9.47
Odisha,Mayurbhanj ,Morada,,Po,9.54,459.11,0,NA,NA,29.67,29.67,429.44,NA
Odisha,Mayurbhanj ,Morada,,Grand Total,9.42,1100.77,884.76,397.45,1.37,31.51,1315.1,-214.32,13.97
Odisha,Mayurbhanj ,Morada,1,Badmouda,0,52.24,28.94,18,0.27,0,47.21,5.03,0.02
Odisha,Mayurbhanj ,Rairangpur,2,Bhalubasa,0,76.43,39.39,28.52,0.37,0,68.29,8.14,0.27
Odisha,Mayurbhanj ,Rairangpur,3,Guhaldangri,0,121.18,64.89,51.73,0.72,0,117.33,3.85,0.16
Odisha,Mayurbhanj ,Rairangpur,4,Halda,0,64.92,51.82,11.14,0.15,0,63.11,1.82,0.09
Odisha,Mayurbhanj ,Rairangpur,5,Hatia,0,53.6,36.25,13.21,0.16,0,49.62,3.99,0.06
Odisha,Mayurbhanj ,Rairangpur,6,Kuleisila,0,79.09,52.31,18.94,0.31,0,71.55,7.54,0.09
Odisha,Mayurbhanj ,Rairangpur,7,Purunapani,0,105.66,63.32,35.06,0.44,0,98.82,6.84,0.29
Odisha,Mayurbhanj ,Rairangpur,8,Sanpakhana,0,107.67,77.74,22.73,0.3,0,100.77,6.9,0.37
Odisha,Mayurbhanj ,Rairangpur,9,Sudarsanpur,0,85.39,42.97,30.94,0.43,0,74.33,11.06,0
Odisha,Mayurbhanj ,Rairangpur,,Total,0,746.18,457.61,230.26,3.15,0,691.03,55.15,1.35
Odisha,Mayurbhanj ,Rairangpur,,Block Level Line Deptt.,0,0,320.69,8.07,0,1.65,330.42,-330.42,2.2
Odisha,Mayurbhanj ,Rairangpur,,Po,22.82,269.21,0,NA,NA,21.03,21.03,248.18,NA
Odisha,Mayurbhanj ,Rairangpur,,Grand Total,22.82,1015.39,778.3,238.33,3.15,22.68,1042.48,-27.09,3.55
Odisha,Mayurbhanj ,Rairangpur,2,Baidyanath,-0.12,36.3,20.77,19.26,0.08,0,40.11,-3.82,0.2
Odisha,Mayurbhanj ,Raruan,3,Bhanjakia,-0.3,13.73,9.87,3.85,0.04,0,13.76,-0.04,0.2
Odisha,Mayurbhanj ,Raruan,4,Budamara,0,45.98,36.64,5.45,0.05,0,42.15,3.83,0.61
Odisha,Mayurbhanj ,Raruan,5,Gadapalasa,0,36.01,28.67,7.07,0.06,0,35.79,0.22,0.16
Odisha,Mayurbhanj ,Raruan,6,Ghagarbeda,0,33.15,24.85,7.67,0.06,0,32.58,0.56,0.29
Odisha,Mayurbhanj ,Raruan,7,Narasandha,0,35.13,29.9,4,0.03,0,33.92,1.2,1.23
Odisha,Mayurbhanj ,Raruan,8,Niunty,0,12.68,10.03,2.49,0.02,0,12.55,0.13,0.25
Odisha,Mayurbhanj ,Raruan,9,Nuagaon,-0.12,12.37,12.35,0,0,0,12.35,0.02,0.55
Odisha,Mayurbhanj ,Raruan,10,Panpatria,0,41.91,23.54,18.26,0.13,0,41.93,-0.02,0.29
Odisha,Mayurbhanj ,Raruan,11,Raruan,0,56.29,21.68,34.27,0.34,0,56.29,0,0.42
Odisha,Mayurbhanj ,Raruan,12,Tilakuti,0,11.43,5.9,5.54,0.06,0,11.5,-0.06,0.52
Odisha,Mayurbhanj ,Raruan,,Total,-0.54,371.45,238.4,133.54,1.1,0,373.04,-1.59,4.99
Odisha,Mayurbhanj ,Raruan,,Block Level Line Deptt.,-0.02,-0.02,308.2,42.32,0.07,2.05,352.64,-352.66,10.12
Odisha,Mayurbhanj ,Raruan,,Po,4.52,268.6,0,NA,NA,22.91,22.91,245.69,NA
Odisha,Mayurbhanj ,Raruan,,Grand Total,3.96,640.03,546.6,175.86,1.17,24.96,748.59,-108.56,15.11
Odisha,Mayurbhanj ,Raruan,1,Amarda,0,10.74,9.67,1.07,0.01,0,10.74,0,0.01
Odisha,Mayurbhanj ,Raruan,2,Badampur,0,2.02,2.02,0,0,0,2.02,0,0.07
Odisha,Mayurbhanj ,Rasgovindpur,3,Bhaduasole,0,5.07,5.07,0,0,0,5.07,0,0.04
Odisha,Mayurbhanj ,Rasgovindpur,4,Chhatna,0,17.89,11.29,6.49,0.1,0,17.89,0,0
Odisha,Mayurbhanj ,Rasgovindpur,5,Debasole,0,4.31,4.22,0,0,0,4.22,0.09,0.14
Odisha,Mayurbhanj ,Rasgovindpur,6,Gadighaty,0,8.22,2.7,5.46,0.05,0,8.22,0,0.02
Odisha,Mayurbhanj ,Rasgovindpur,7,Jhatiada,0,13.04,9.6,3.42,0.02,0,13.04,0,0.11
Odisha,Mayurbhanj ,Rasgovindpur,8,Kamardiha,-0.02,1.06,0.21,0.87,0,0,1.09,-0.02,0
Odisha,Mayurbhanj ,Rasgovindpur,9,Khuntapal,0,18.43,13.33,5.03,0.06,0,18.43,0,0.16
Odisha,Mayurbhanj ,Rasgovindpur,10,Nakichua,0,7.71,4.56,3.13,0.03,0,7.71,0,0
Odisha,Mayurbhanj ,Rasgovindpur,11,Nalagaza,0,10.16,5.16,4.97,0.03,0,10.16,0,0.02
Odisha,Mayurbhanj ,Rasgovindpur,12,Raghabpur,0,10.07,6.86,3.17,0.04,0,10.07,0,0.07
Odisha,Mayurbhanj ,Rasgovindpur,13,Rasgovindpur,0,3.75,2.83,0.92,0,0,3.75,0,0.02
Odisha,Mayurbhanj ,Rasgovindpur,14,Sanamanida,0,3.43,2.44,0.99,0,0,3.43,0,0.15
Odisha,Mayurbhanj ,Rasgovindpur,15,Sarumula,0,5.67,5.67,0,0,0,5.67,0,0.08
Odisha,Mayurbhanj ,Rasgovindpur,16,Totapada,0,57.53,45.91,11.51,0.11,0,57.53,0,0.23
Odisha,Mayurbhanj ,Rasgovindpur,,Total,-0.02,179.09,131.52,47.04,0.46,0,179.02,0.07,1.12
Odisha,Mayurbhanj ,Rasgovindpur,,Block Level Line Deptt.,0,0,464.97,27.21,0.01,0.76,492.94,-492.94,5.32
Odisha,Mayurbhanj ,Rasgovindpur,,Po,8.39,488.52,0,NA,NA,27.42,27.42,461.1,NA
Odisha,Mayurbhanj ,Rasgovindpur,,Grand Total,8.37,667.61,596.49,74.25,0.47,28.18,699.38,-31.77,6.44
Odisha,Mayurbhanj ,Rasgovindpur,1,Balidiha,0,87.06,15.05,71.1,0.9,0,87.06,0,0.05
Odisha,Mayurbhanj ,Rasgovindpur,2,Baunsabilla,0,32.51,7.25,24.93,0.32,0,32.51,0,0.1
Odisha,Mayurbhanj ,Samakhunta,3,Bhaluki,0,44.84,8.77,35.65,0.42,0,44.84,0,0.03
Odisha,Mayurbhanj ,Samakhunta,4,Gundihudi,0,41.94,11.38,30.13,0.41,0,41.93,0.01,0.01
Odisha,Mayurbhanj ,Samakhunta,5,Kalapathar,0,27.5,3.66,23.57,0.27,0,27.5,0,0.03
Odisha,Mayurbhanj ,Samakhunta,6,Kendua,0,14.2,2.87,11.19,0.14,0,14.2,0,0.49
Odisha,Mayurbhanj ,Samakhunta,7,Khandia,0,91.14,18.61,71.51,0.99,0,91.11,0.03,0.26
Odisha,Mayurbhanj ,Samakhunta,8,Kuchilaghati,0,50.74,10.9,39.32,0.52,0,50.74,0,0.13
Odisha,Mayurbhanj ,Samakhunta,9,Mahulia,0,5.77,1.63,4.08,0.05,0,5.77,0,0.05
Odisha,Mayurbhanj ,Samakhunta,10,Paikabasa,0,36.98,13.91,22.79,0.26,0,36.96,0.02,0.05
Odisha,Mayurbhanj ,Samakhunta,11,Rangamatia,0,37.62,12.96,24.34,0.31,0,37.62,0,0.23
Odisha,Mayurbhanj ,Samakhunta,12,Samakhunta,0,50.58,13.45,36.6,0.53,0,50.58,0,0.12
Odisha,Mayurbhanj ,Samakhunta,13,Sindurgoura,0,45.26,13.02,31.8,0.44,0,45.26,0,0.05
Odisha,Mayurbhanj ,Samakhunta,14,Sirishbani,0,19.5,11.95,7.37,0.11,0,19.43,0.07,0
Odisha,Mayurbhanj ,Samakhunta,,Total,0,585.63,145.43,434.39,5.68,0,585.5,0.13,1.6
Odisha,Mayurbhanj ,Samakhunta,,Block Level Line Deptt.,-0.15,-0.15,545.91,516.71,5.8,2.8,1071.22,-1071.37,7.67
Odisha,Mayurbhanj ,Samakhunta,,Po,37.73,861.69,0,NA,NA,21.93,21.93,839.76,NA
Odisha,Mayurbhanj ,Samakhunta,,Grand Total,37.58,1447.17,691.34,951.1,11.48,24.73,1678.65,-231.48,9.27
Odisha,Mayurbhanj ,Samakhunta,2,Bhursani,0,94.16,62.32,31.39,0.46,0,94.16,0,0
Odisha,Mayurbhanj ,Samakhunta,3,Dhangidisole,0,32.64,18.26,14.05,0.34,0,32.64,0,0
Odisha,Mayurbhanj ,Saraskana,4,Jalda,0,92.86,62.35,30.04,0.44,0,92.84,0.02,0.06
Odisha,Mayurbhanj ,Saraskana,5,Jharpokharia,0,67.24,31.78,34.88,0.48,0,67.14,0.09,0.17
Odisha,Mayurbhanj ,Saraskana,6,Joka,0,96.99,65.97,30.75,0.46,0,97.18,-0.19,1.12
Odisha,Mayurbhanj ,Saraskana,7,Murunia,0,21.65,8.35,13.06,0.16,0,21.57,0.08,0.19
Odisha,Mayurbhanj ,Saraskana,8,Paktia,0,63.5,45.85,17.2,0.27,0,63.33,0.17,0.07
Odisha,Mayurbhanj ,Saraskana,9,Pandara,0,19.45,7.43,11.84,0.14,0,19.42,0.03,0.08
Odisha,Mayurbhanj ,Saraskana,10,Pokharia,0,97.16,78.12,18.13,0.31,0,96.55,0.61,0.49
Odisha,Mayurbhanj ,Saraskana,11,Pokharidiha,0,94.08,49.47,43.67,0.67,0,93.8,0.28,0.17
Odisha,Mayurbhanj ,Saraskana,12,Rajaloka,0,66.71,28.03,38.16,0.5,0,66.7,0.01,0
Odisha,Mayurbhanj ,Saraskana,13,Sankhabhanga,0,71.1,32.56,37.97,0.56,0,71.1,0,0
Odisha,Mayurbhanj ,Saraskana,14,Saraskana,0,91.44,44.46,46.18,0.6,0,91.23,0.21,0.12
Odisha,Mayurbhanj ,Saraskana,15,Silphodi,0,74.13,49.88,23.74,0.38,0,74,0.13,0
Odisha,Mayurbhanj ,Saraskana,16,Sirsa,0,131.08,70.82,59.43,0.78,0,131.03,0.05,0.36
Odisha,Mayurbhanj ,Saraskana,17,Umadeipur,0,73.22,35.43,37.27,0.51,0,73.21,0.01,0.45
Odisha,Mayurbhanj ,Saraskana,,Total,0,1299.38,739.36,550.55,7.94,0,1297.84,1.54,3.65
Odisha,Mayurbhanj ,Saraskana,,Block Level Line Deptt.,0,0,511.23,39.59,0.24,0.3,551.35,-551.35,4.28
Odisha,Mayurbhanj ,Saraskana,,Po,17.15,537.64,0,NA,NA,16.97,16.97,520.67,NA
Odisha,Mayurbhanj ,Saraskana,,Grand Total,17.15,1837.02,1250.59,590.14,8.18,17.27,1866.16,-29.14,7.93
Odisha,Mayurbhanj ,Saraskana,2,Baria,0,65.9,45.87,19.76,0.28,0,65.9,0,0.23
Odisha,Mayurbhanj ,Saraskana,3,Chaturanjali,0,94.55,55.82,38.17,0.55,0,94.55,0,1.36
Odisha,Mayurbhanj ,Saraskana,4,Galusahi,0,23.32,16.89,6.32,0.11,0,23.32,0,0.89
Odisha,Mayurbhanj ,Sukruli,5,Haladia,0,67.65,39.35,27.91,0.39,0,67.65,0,1.23
Odisha,Mayurbhanj ,Sukruli,6,Jamunti,0,134.21,64.54,68.69,1,0,134.24,-0.03,2.4
Odisha,Mayurbhanj ,Sukruli,7,Jhadaghosada,0,88.05,42.77,44.7,0.57,0,88.05,0,0.06
Odisha,Mayurbhanj ,Sukruli,8,Khiching,0,41.28,25.35,15.69,0.23,0,41.28,0,0.22
Odisha,Mayurbhanj ,Sukruli,9,Sukruli,0,41.97,21.93,19.76,0.27,0,41.96,0.01,0.14
Odisha,Mayurbhanj ,Sukruli,10,Teranty,0,90.91,65.68,24.92,0.33,0,90.93,-0.01,0.42
Odisha,Mayurbhanj ,Sukruli,,Total,0,707.19,404.57,298.51,4.14,0,707.22,-0.03,7.47
Odisha,Mayurbhanj ,Sukruli,,Block Level Line Deptt.,0,0,99.19,38.45,0,2.52,140.16,-140.16,1.93
Odisha,Mayurbhanj ,Sukruli,,Po,2.67,18.72,0,NA,NA,16.05,16.05,2.67,NA
Odisha,Mayurbhanj ,Sukruli,,Grand Total,2.67,725.91,503.76,336.96,4.14,18.57,863.43,-137.52,9.4
Odisha,Mayurbhanj ,Sukruli,1,Anlakuda,0,28.76,26.86,0.58,0.08,0,27.53,1.23,0
Odisha,Mayurbhanj ,Sukruli,2,Badbhalia,0,6.86,5.83,0.23,0,0,6.06,0.8,0.14
Odisha,Mayurbhanj ,Sukruli,3,Baghada,0,40.05,33.68,5.05,0.05,0,38.78,1.27,0.42
Odisha,Mayurbhanj ,Sukruli,4,Chuhat,0,30.9,22.71,4.25,0.07,0,27.04,3.86,0.32
Odisha,Mayurbhanj ,Suliapada,5,Deuli,0,2.87,2.57,0,0,0,2.57,0.3,0.03
Odisha,Mayurbhanj ,Suliapada,6,Dhatika,0,3.67,3.46,0.17,0,0,3.64,0.03,0.06
Odisha,Mayurbhanj ,Suliapada,7,Fania,0,11.66,10.09,0.59,0.01,0,10.69,0.97,0.07
Odisha,Mayurbhanj ,Suliapada,8,Jhaliamara,0,4.67,2.85,0.22,0,0,3.07,1.59,0
Odisha,Mayurbhanj ,Suliapada,9,Kanimohuli,0,12.55,8.14,1.59,0.06,0,9.79,2.75,0.02
Odisha,Mayurbhanj ,Suliapada,10,Kantisahi,0,5.5,4.2,0,0,0,4.2,1.3,0.11
Odisha,Mayurbhanj ,Suliapada,11,Kostha,0,5.91,1.19,4.02,0.05,0,5.26,0.65,0
Odisha,Mayurbhanj ,Suliapada,12,Kujidihi,0,11.19,9.22,0.96,0,0,10.19,1,0.05
Odisha,Mayurbhanj ,Suliapada,13,Mohabilla,0,4.68,1.16,0.6,0.03,0,1.79,2.89,0
Odisha,Mayurbhanj ,Suliapada,14,Nuagaon,0,14.89,12.87,0.59,0.02,0,13.48,1.41,0.01
Odisha,Mayurbhanj ,Suliapada,15,Paktia,0,12.55,12.34,0.05,0.01,0,12.4,0.15,0.14
Odisha,Mayurbhanj ,Suliapada,16,Ufalgadia,0,33.46,25.55,6.1,0.19,0,31.84,1.61,0.06
Odisha,Mayurbhanj ,Suliapada,,Total,0,230.15,182.73,25.02,0.58,0,208.33,21.81,1.44
Odisha,Mayurbhanj ,Suliapada,,Block Level Line Deptt.,0,0,707.28,195.52,0.01,2.08,904.9,-904.9,7.3
Odisha,Mayurbhanj ,Suliapada,,Po,10.97,469.35,0,NA,NA,28.17,28.17,441.18,NA
Odisha,Mayurbhanj ,Suliapada,,Grand Total,10.97,699.5,890.01,220.54,0.59,30.25,1141.4,-441.91,8.74
Odisha,Mayurbhanj ,Suliapada,1,Bhaliadal,-0.03,74.23,66.1,7.92,0.12,0,74.14,0.08,3.49
Odisha,Mayurbhanj ,Suliapada,2,Bharandia,0,144.23,75.81,68.01,0.94,0,144.76,-0.53,1.88
Odisha,Mayurbhanj ,Suliapada,3,Champajhar,0,197.43,85.57,110.74,1.45,0,197.75,-0.32,2.08
Odisha,Mayurbhanj ,Suliapada,4,Dhatikidiha,0,51.8,35.93,15.81,0.21,0,51.95,-0.15,0.53
Odisha,Mayurbhanj ,Thakurmunda,5,Digdhar,0,73.9,33.89,43.65,0.58,0,78.12,-4.22,0.03
Odisha,Mayurbhanj ,Thakurmunda,6,Hatigoda,0,54.03,43.26,10.36,0.14,0,53.76,0.27,0.59
Odisha,Mayurbhanj ,Thakurmunda,7,Jarak,0,140.22,83.2,56.07,0.73,0,140.01,0.21,1.17
Odisha,Mayurbhanj ,Thakurmunda,8,Kendujiani,0,79.31,63.33,16.05,0.21,0,79.58,-0.27,0.72
Odisha,Mayurbhanj ,Thakurmunda,9,Kesdiha,0,159.09,92.17,73.85,0.92,0,166.94,-7.85,0.55
Odisha,Mayurbhanj ,Thakurmunda,10,Khandbandh,0,142.06,74.74,66.62,0.85,0,142.2,-0.13,3.37
Odisha,Mayurbhanj ,Thakurmunda,11,Mahuldiha,0,35.26,27.55,7.6,0.11,0,35.26,0,0.08
Odisha,Mayurbhanj ,Thakurmunda,12,Padiabeda,0,81.88,60.84,20.74,0.3,0,81.88,0,0.82
Odisha,Mayurbhanj ,Thakurmunda,13,Salchua,0,188.49,95.76,91.93,1.22,0,188.92,-0.43,2.43
Odisha,Mayurbhanj ,Thakurmunda,14,Saleibeda,0,80.66,53.7,26.6,0.36,0,80.66,0,0.37
Odisha,Mayurbhanj ,Thakurmunda,15,Satkosia,0,130.5,59.3,70.76,0.89,0,130.95,-0.45,1.09
Odisha,Mayurbhanj ,Thakurmunda,16,Talapada,0,102.02,59.79,41.7,0.54,0,102.03,-0.01,0.48
Odisha,Mayurbhanj ,Thakurmunda,17,Taramara,0,169.27,64.7,117.3,1.53,0,183.53,-14.26,1.74
Odisha,Mayurbhanj ,Thakurmunda,18,Thakurmunda,0,191.92,78.3,118.51,1.62,0,198.43,-6.51,1.26
Odisha,Mayurbhanj ,Thakurmunda,,Total,-0.03,2096.31,1153.93,964.22,12.72,0,2130.87,-34.55,22.67
Odisha,Mayurbhanj ,Thakurmunda,,Block Level Line Deptt.,0,0,172.88,91.33,0.06,2.83,267.1,-267.1,1.53
Odisha,Mayurbhanj ,Thakurmunda,,Po,6.88,93.55,0,NA,NA,44.84,44.84,48.71,NA
Odisha,Mayurbhanj ,Thakurmunda,,Grand Total,6.85,2189.86,1326.81,1055.55,12.78,47.67,2442.81,-252.94,24.2
Odisha,Mayurbhanj ,Thakurmunda,1,Bad Dalima,0,52.6,41.51,10.12,0.11,0,51.74,0.86,0.09
Odisha,Mayurbhanj ,Thakurmunda,2,Bad Narini,0,18.29,18.04,0,0,0,18.04,0.24,0.9
Odisha,Mayurbhanj ,Thakurmunda,3,Gitilata,0,3.56,2.73,0.46,0.01,0,3.19,0.37,0.09
Odisha,Mayurbhanj ,Thakurmunda,4,Kulughutu,0,17.2,15.18,1.9,0.02,0,17.11,0.09,0.03
Odisha,Mayurbhanj ,Tiring,5,Lupung,0,22.45,22.4,0,0,0,22.4,0.05,0.09
Odisha,Mayurbhanj ,Tiring,6,Naranpur,0,34.45,32.89,1.51,0.02,0,34.42,0.03,0.46
Odisha,Mayurbhanj ,Tiring,7,Pandupani,0,14.13,13.58,0,0,0,13.58,0.55,0.13
Odisha,Mayurbhanj ,Tiring,8,Rengalbeda,0,23.19,22.55,0.31,0,0,22.86,0.33,0.02
Odisha,Mayurbhanj ,Tiring,9,Sanbhundu,0,25.98,25.43,0,0,0,25.42,0.56,0.41
Odisha,Mayurbhanj ,Tiring,10,Tiring,0,24.15,23.97,0.09,0,0,24.06,0.09,0.3
Odisha,Mayurbhanj ,Tiring,,Total,0,236,218.29,14.38,0.16,0,232.83,3.17,2.51
Odisha,Mayurbhanj ,Tiring,,Block Level Line Deptt.,0,0,197.94,6.31,0.03,1.13,205.41,-205.41,2.58
Odisha,Mayurbhanj ,Tiring,,Po,7.45,211.42,0,NA,NA,16.23,16.23,195.19,NA
Odisha,Mayurbhanj ,Tiring,,Grand Total,7.45,447.42,416.23,20.69,0.19,17.36,454.47,-7.05,5.09
Odisha,Mayurbhanj ,Tiring,1,Badkhaman,0,92.53,41.03,50.85,0.65,0,92.53,0,0.42
Odisha,Mayurbhanj ,Tiring,2,Bad-Singaria,0,87.91,52.22,35.36,0.55,0,88.13,-0.22,0.59
Odisha,Mayurbhanj ,Tiring,3,Bahubandh,0,128.38,56.59,70.43,1.05,0,128.07,0.31,0.36
Odisha,Mayurbhanj ,Tiring,4,Bhimtali,0,41.22,25.25,15.72,0.26,0,41.22,0,0.13
Odisha,Mayurbhanj ,Udala,5,Dugudha,0,58.35,32.93,25.81,0.34,0,59.08,-0.73,0.63
Odisha,Mayurbhanj ,Udala,6,Khaladi,0,72.62,55.66,16.71,0.18,0,72.55,0.07,0.94
Odisha,Mayurbhanj ,Udala,7,Kochiladiha,0,97.38,74.32,22.79,0.5,0,97.6,-0.23,1.25
Odisha,Mayurbhanj ,Udala,8,Kundabai,0,69.14,52.21,16.58,0.35,0,69.14,0,1.43
Odisha,Mayurbhanj ,Udala,9,Nuagaon,0,71.37,31.64,39.13,0.53,0,71.3,0.07,0.12
Odisha,Mayurbhanj ,Udala,10,Patsanipur,0,76.26,37.19,38.49,0.58,0,76.26,0,0.87
Odisha,Mayurbhanj ,Udala,11,Radho,0,118.24,86.38,30.77,0.67,0,117.83,0.41,0.43
Odisha,Mayurbhanj ,Udala,12,Sridamchandrapur,0,122.04,40.98,79.87,1.18,0,122.04,0,0.37
Odisha,Mayurbhanj ,Udala,,Total,0,1035.44,586.39,442.51,6.85,0,1035.75,-0.32,7.54
Odisha,Mayurbhanj ,Udala,,Block Level Line Deptt.,0,0,315.11,82.06,1.37,0.64,399.18,-399.18,3.34
Odisha,Mayurbhanj ,Udala,,Po,5.38,274.47,0,NA,NA,24.64,24.64,249.83,NA
Odisha,Mayurbhanj ,Udala,,Grand Total,5.38,1309.91,901.5,524.57,8.22,25.28,1459.57,-149.67,10.88
Odisha,Nuapada ,Udala,1,Anakabeda,0,48.28,44.45,3.83,0,0,48.28,0,0.01
Odisha,Nuapada ,Udala,2,Beheramunda,0,47.25,42.84,4.35,0,0,47.19,0.06,0.2
Odisha,Nuapada ,Udala,3,Chandahandi,0,34.47,33.43,0.97,0,0,34.4,0.07,0.03
Odisha,Nuapada ,Udala,4,Dalabeda,-1.96,43.34,37.8,7.23,0,0,45.03,-1.69,0.32
Odisha,Nuapada ,Chandahandi,5,Dhodipani,0,58.45,56.6,1.51,0,0,58.11,0.35,0.31
Odisha,Nuapada ,Chandahandi,6,Fataki,0,55.92,52.73,3.24,0,0,55.96,-0.04,0.02
Odisha,Nuapada ,Chandahandi,7,Gambariguda,-2.69,19.3,21.31,0.69,0,0,21.99,-2.69,0.02
Odisha,Nuapada ,Chandahandi,8,Jamadarpada,0,54.89,53.23,1.66,0,0,54.89,0,0.07
Odisha,Nuapada ,Chandahandi,9,Koilimunda,0,38.59,36.86,1.74,0,0,38.59,0,0.07
Odisha,Nuapada ,Chandahandi,10,Kuhudi,0,24.28,24.28,0,0,0,24.28,0,0
Odisha,Nuapada ,Chandahandi,11,Malgam,0,30.41,29.98,0.23,0,0,30.21,0.2,0.26
Odisha,Nuapada ,Chandahandi,12,Mohara,0,12.79,13,0.1,0,0,13.1,-0.32,0
Odisha,Nuapada ,Chandahandi,13,Patkhalia,0,35.04,33.04,2.3,0,0,35.34,-0.3,0.22
Odisha,Nuapada ,Chandahandi,14,Sardhapur,-4.95,18.04,22.35,0.63,0,0,22.99,-4.95,0.08
Odisha,Nuapada ,Chandahandi,,Total,-9.6,521.06,501.89,28.47,0,0,530.36,-9.3,1.6
Odisha,Nuapada ,Chandahandi,,Block Level Line Deptt.,-57.9,-57.9,91.12,54.31,0,0,145.43,-203.33,0.52
Odisha,Nuapada ,Chandahandi,,Po,-12.1,159.71,0,NA,NA,24.87,24.87,134.84,NA
Odisha,Nuapada ,Chandahandi,,Grand Total,-79.6,622.87,593.01,82.78,0,24.87,700.66,-77.79,2.12
Odisha,Nuapada ,Chandahandi,1,Anchala,0,42.54,42.57,0,0,0,42.57,-0.04,1.46
Odisha,Nuapada ,Chandahandi,2,Bada Olama,-1.53,39.28,40.75,0,0,0,40.75,-1.48,2.24
Odisha,Nuapada ,Chandahandi,3,Borigam,-2.93,32.92,36.24,0,0,0,36.24,-3.32,2.62
Odisha,Nuapada ,Chandahandi,4,Chacharaguda,-4.73,43.78,46.89,1.58,0,0,48.47,-4.7,3.8
Odisha,Nuapada ,Dabugam,5,Dabugam,4.27,35.23,30.32,0.69,0,0,31.01,4.22,1.92
Odisha,Nuapada ,Dabugam,6,Dangriguda,0,13.81,13.81,0,0,0,13.81,0,0.82
Odisha,Nuapada ,Dabugam,7,Ghodakhunta,0.67,48.43,47.77,0,0,0,47.77,0.67,7.68
Odisha,Nuapada ,Dabugam,8,Jabaguda,-5.92,19.44,23.82,1.56,0,0,25.38,-5.94,0.16
Odisha,Nuapada ,Dabugam,9,Junapani,-3.32,42.28,43.82,1.94,0,0,45.77,-3.49,3.22
Odisha,Nuapada ,Dabugam,10,Koilari,0,17.48,18,0,0,0,18,-0.52,0.48
Odisha,Nuapada ,Dabugam,11,Medena,-4.68,26.6,31.3,0,0,0,31.3,-4.7,1.11
Odisha,Nuapada ,Dabugam,12,Nandapura,0,21.34,20.38,0,0,0,20.38,0.96,5.19
Odisha,Nuapada ,Dabugam,,Total,-18.18,383.12,395.68,5.77,0,0,401.45,-18.33,30.7
Odisha,Nuapada ,Dabugam,,Block Level Line Deptt.,-70.91,-70.91,161.6,85.81,0,0,247.41,-318.32,3.11
Odisha,Nuapada ,Dabugam,,Po,32.08,296.65,0,NA,NA,13.96,13.96,282.69,NA
Odisha,Nuapada ,Dabugam,,Grand Total,-57.02,608.86,557.28,91.58,0,13.96,662.82,-53.96,33.81
Odisha,Nuapada ,Dabugam,1,Badatemra,-0.62,46.65,47.34,0,0,0,47.34,-0.69,1.3
Odisha,Nuapada ,Dabugam,2,Bakadabeda,-1.39,27.43,23.23,5.61,0,0,28.85,-1.41,0.8
Odisha,Nuapada ,Dabugam,3,Banuaguda,7.99,47.23,39.25,0,0,0,39.25,7.98,1.5
Odisha,Nuapada ,Dabugam,4,Belgam,0.94,72.28,48.03,22.87,0,0,70.89,1.39,1.07
Odisha,Nuapada ,Jhorigam,5,Bhalukanadi,0,25.32,25.32,0,0,0,25.32,0,0.17
Odisha,Nuapada ,Jhorigam,6,Bhikya,-3.37,41.47,43.93,1.94,0,0,45.87,-4.39,1.5
Odisha,Nuapada ,Jhorigam,7,Chacha,-0.64,40.36,28.88,12.13,0,0,41.01,-0.64,0.87
Odisha,Nuapada ,Jhorigam,8,Chakalapadar,-3.66,94.97,47.42,51.55,0,0,98.97,-4,3.38
Odisha,Nuapada ,Jhorigam,9,Chatiguda,-0.35,105.09,58,47.43,0,0,105.43,-0.34,2.06
Odisha,Nuapada ,Jhorigam,10,Chitabeda,-0.12,125.53,66.79,58.8,0,0,125.59,-0.06,0.86
Odisha,Nuapada ,Jhorigam,11,Dhamanaguda,-1.28,84.26,70.19,15.72,0,0,85.91,-1.66,1.21
Odisha,Nuapada ,Jhorigam,12,Dhodra,-4.78,55.67,56.52,3.94,0,0,60.45,-4.78,1.35
Odisha,Nuapada ,Jhorigam,13,Dongariguda,-1.26,96.65,63.62,34.28,0,0,97.9,-1.26,2.94
Odisha,Nuapada ,Jhorigam,14,Ekamba,1.22,64.11,38.11,24.76,0,0,62.87,1.24,0.49
Odisha,Nuapada ,Jhorigam,15,Gursingha,-3.76,42.79,35.43,11.02,0,0,46.45,-3.65,3.74
Odisha,Nuapada ,Jhorigam,16,Ichhapur,0,78.79,70.2,8.94,0,0,79.14,-0.34,6.02
Odisha,Nuapada ,Jhorigam,17,Jhorigam,0.34,117.39,84.21,32.81,0,0,117.02,0.36,0.62
Odisha,Nuapada ,Jhorigam,18,Kanakota,-4.34,52.24,56.88,1.3,0,0,58.17,-5.93,2.83
Odisha,Nuapada ,Jhorigam,19,Kutrichhapar,1.04,44.82,35.8,7.98,0,0,43.78,1.05,0.95
Odisha,Nuapada ,Jhorigam,20,Palia,7.37,60.36,49.72,3.26,0,0,52.99,7.37,0.24
Odisha,Nuapada ,Jhorigam,21,Phupugam,-1.87,72.78,65.54,9.12,0,0,74.66,-1.88,2.74
Odisha,Nuapada ,Jhorigam,22,Ratakhandiguda,0.92,71.35,56.5,14.25,0,0,70.75,0.6,0.22
Odisha,Nuapada ,Jhorigam,23,Telonadigam,5.94,90.87,48.34,36.65,0,0,84.99,5.88,0.52
Odisha,Nuapada ,Jhorigam,,Total,-1.66,1558.44,1159.25,404.35,0,0,1563.59,-5.15,37.36
Odisha,Nuapada ,Jhorigam,,Block Level Line Deptt.,-224.85,-224.85,106.71,201.78,0,0,308.48,-533.33,2.95
Odisha,Nuapada ,Jhorigam,,Po,181.63,514.99,0,NA,NA,18.29,18.29,496.7,NA
Odisha,Nuapada ,Jhorigam,,Grand Total,-44.88,1848.58,1265.96,606.13,0,18.29,1890.36,-41.78,40.31
Odisha,Nuapada ,Jhorigam,1,Atigam,-0.09,50.96,51.06,0,0,0,51.05,-0.09,0.1
Odisha,Nuapada ,Jhorigam,2,B.M.Semla,-1.29,38.74,38.06,2.42,0,0,40.49,-1.74,3.4
Odisha,Nuapada ,Jhorigam,3,Badaamda,0.79,16.67,12.24,3.19,0,0,15.43,1.23,0.8
Odisha,Nuapada ,Jhorigam,4,Badagumuda,0.89,16.62,13.88,1.86,0,0,15.73,0.89,0.26
Odisha,Nuapada ,Kosagumuda,5,Balenga,5.1,48.79,43.69,0,0,0,43.69,5.1,4.26
Odisha,Nuapada ,Kosagumuda,6,Bamuni,2.06,48.16,40.38,5.63,0,0,46.02,2.15,0.16
Odisha,Nuapada ,Kosagumuda,7,Bankuli,-2.79,20.07,21.38,0.96,0,0,22.34,-2.27,1.37
Odisha,Nuapada ,Kosagumuda,8,Binjili,1.29,22.92,20.6,1.16,0,0,21.76,1.16,2.46
Odisha,Nuapada ,Kosagumuda,9,Chirma,0.02,24.56,23.48,1.01,0,0,24.49,0.06,4.77
Odisha,Nuapada ,Kosagumuda,10,Ekori,0.05,18.74,15.29,3.4,0,0,18.69,0.05,0.99
Odisha,Nuapada ,Kosagumuda,11,K.Semla,1.3,29.92,25.95,2.67,0,0,28.62,1.3,0.38
Odisha,Nuapada ,Kosagumuda,12,Karchamal,0,6.24,4.94,1.31,0,0,6.24,0,0.3
Odisha,Nuapada ,Kosagumuda,13,Kodinga,0.13,26.68,25.77,0.75,0,0,26.52,0.15,3.25
Odisha,Nuapada ,Kosagumuda,14,Kosagumuda,-0.36,45.97,44.08,2.4,0,0,46.48,-0.51,3.28
Odisha,Nuapada ,Kosagumuda,15,M.Keragam,0.05,32.33,23.9,8.31,0,0,32.21,0.12,0.3
Odisha,Nuapada ,Kosagumuda,16,Majhidhanua,0.88,34.13,25.1,8.16,0,0,33.26,0.88,1.41
Odisha,Nuapada ,Kosagumuda,17,Modeigam,1.31,10.89,8.37,1.21,0,0,9.58,1.31,4.18
Odisha,Nuapada ,Kosagumuda,18,Motigam,2.59,56.12,40.73,12.8,0,0,53.53,2.59,4.15
Odisha,Nuapada ,Kosagumuda,19,Pharsaguda,0,11.01,10.88,0,0,0,10.88,0.13,1.34
Odisha,Nuapada ,Kosagumuda,20,Ponduguda,1.42,30.69,24.45,4.83,0,0,29.27,1.42,0.53
Odisha,Nuapada ,Kosagumuda,21,Rajoda,0.14,25.75,22.67,2.86,0,0,25.53,0.22,1.69
Odisha,Nuapada ,Kosagumuda,22,Sanamda,0.8,16.99,15.9,0.27,0,0,16.17,0.83,2.91
Odisha,Nuapada ,Kosagumuda,23,Sontoshpur,0.28,48.19,40.81,7.1,0,0,47.91,0.28,1.21
Odisha,Nuapada ,Kosagumuda,24,Taragam,4.76,29.46,24.72,0,0,0,24.73,4.73,3.04
Odisha,Nuapada ,Kosagumuda,25,Temera,2.83,29.59,24.25,2.51,0,0,26.76,2.83,0
Odisha,Nuapada ,Kosagumuda,26,Ukiapalli,0.47,36.33,35.84,0,0,0,35.84,0.49,1.29
Odisha,Nuapada ,Kosagumuda,,Total,22.64,776.54,678.42,74.8,0,0,753.22,23.33,47.82
Odisha,Nuapada ,Kosagumuda,,Block Level Line Deptt.,-271.95,-271.95,238.78,90.71,0,0,329.5,-601.45,16.07
Odisha,Nuapada ,Kosagumuda,,Po,106.93,468.86,0,NA,NA,33.38,33.38,435.48,NA
Odisha,Nuapada ,Kosagumuda,,Grand Total,-142.39,973.45,917.2,165.51,0,33.38,1116.1,-142.64,63.89
Odisha,Nuapada ,Kosagumuda,1,Agnipur,0.45,27.19,25.52,1.22,0,0,26.75,0.45,0.2
Odisha,Nuapada ,Kosagumuda,2,Baghsiuni,3.84,39.75,28.65,7.35,0,0,36,3.75,0.3
Odisha,Nuapada ,Kosagumuda,3,Basini,1.16,31.56,29.24,1.16,0,0,30.4,1.16,0.27
Odisha,Nuapada ,Kosagumuda,4,Bhatrasiuni,1.42,30.96,28.25,1.31,0,0,29.56,1.4,0.18
Odisha,Nuapada ,Nabarangpur,5,Bikrampur,0.67,32.51,28.01,3.88,0,0,31.89,0.62,0.29
Odisha,Nuapada ,Nabarangpur,6,Bodokumuli,2.85,80.08,39.4,37.78,0,0,77.19,2.89,0.31
Odisha,Nuapada ,Nabarangpur,7,Bodomosigam,-0.51,41.85,42.31,0.03,0,0,42.34,-0.49,0.39
Odisha,Nuapada ,Nabarangpur,8,Chotahandi,1.66,45.22,42.5,1.08,0,0,43.58,1.64,0.56
Odisha,Nuapada ,Nabarangpur,9,Mantriguda,0.09,26.95,26.88,0.01,0,0,26.89,0.06,0.13
Odisha,Nuapada ,Nabarangpur,10,Pujariguda,0.25,49.93,49.64,0.06,0,0,49.7,0.23,0.55
Odisha,Nuapada ,Nabarangpur,11,Sanamosigam,0.22,18.83,18.59,0.02,0,0,18.61,0.22,0.16
Odisha,Nuapada ,Nabarangpur,12,Sindhigam,-0.17,34.42,34.59,0.01,0,0,34.6,-0.18,0.37
Odisha,Nuapada ,Nabarangpur,13,Taragam,1.14,30.12,20.02,9.05,0,0,29.06,1.06,0.29
Odisha,Nuapada ,Nabarangpur,,Total,13.07,489.39,413.62,62.96,0,0,476.58,12.8,4
Odisha,Nuapada ,Nabarangpur,,Block Level Line Deptt.,-37.74,-37.74,84.48,66.55,0,0,151.03,-188.77,0.72
Odisha,Nuapada ,Nabarangpur,,Po,3.56,171.05,0,NA,NA,16.38,16.38,154.67,NA
Odisha,Nuapada ,Nabarangpur,,Grand Total,-21.11,622.7,498.1,129.51,0,16.38,643.99,-21.3,4.72
Odisha,Nuapada ,Nabarangpur,1,B.Maliguda,2.15,57.04,45.89,11.44,0,0,57.34,-0.29,0.18
Odisha,Nuapada ,Nabarangpur,2,Dangarbheja,0.93,59.04,44.39,12.72,0,0,57.11,1.93,2.26
Odisha,Nuapada ,Nabarangpur,3,Dhondra,-0.1,62.4,47.57,14.74,0,0,62.3,0.1,0.88
Odisha,Nuapada ,Nabarangpur,4,Dohona,0.36,69.23,58.64,17.68,0,0,76.32,-7.1,1.29
Odisha,Nuapada ,Nandahandi,5,Jagannathpur,0.65,41.68,34.12,6.92,0,0,41.03,0.65,0.52
Odisha,Nuapada ,Nandahandi,6,Jhadbandhguda,-0.39,33.38,28.77,4.98,0,0,33.75,-0.37,0.95
Odisha,Nuapada ,Nandahandi,7,Mentry,3.55,149.25,84.23,60.09,0,0,144.32,4.93,0.92
Odisha,Nuapada ,Nandahandi,8,Nandahandi,-0.61,45.39,41.93,3.82,0,0,45.75,-0.36,0.22
Odisha,Nuapada ,Nandahandi,9,Nishnahandi,0,59.53,40.26,19.61,0,0,59.87,-0.34,3.54
Odisha,Nuapada ,Nandahandi,10,Podalguda,-0.05,32.63,23.3,9.38,0,0,32.69,-0.05,0.31
Odisha,Nuapada ,Nandahandi,11,Sindhiguda,-0.16,50.62,47.84,2.78,0,0,50.62,0,0.85
Odisha,Nuapada ,Nandahandi,,Total,6.33,660.19,496.93,164.16,0,0,661.1,-0.9,11.9
Odisha,Nuapada ,Nandahandi,,Block Level Line Deptt.,-29.87,-29.87,70.1,86.93,0,0,157.03,-186.9,2.05
Odisha,Nuapada ,Nandahandi,,Po,39.45,221.98,0,NA,NA,14.44,14.44,207.54,NA
Odisha,Nuapada ,Nandahandi,,Grand Total,15.91,852.3,567.03,251.09,0,14.44,832.57,19.74,13.95
Odisha,Nuapada ,Nandahandi,1,Chandrapur,1.91,36.56,26.11,8.38,0.1,0,34.59,1.97,0.39
Odisha,Nuapada ,Nandahandi,2,Chercheta,-0.39,38.01,34.6,3.64,0.05,0,38.3,-0.29,0.14
Odisha,Nuapada ,Nandahandi,3,Dengaguda,-6.21,26.41,30.41,2.03,0.03,0,32.47,-6.06,0.28
Odisha,Nuapada ,Nandahandi,4,Dongra,-1.84,23.64,24.62,0.86,0.01,0,25.49,-1.85,0.58
Odisha,Nuapada ,Papadahandi,5,Gadabakotra,0,27.2,24.03,3.15,0.02,0,27.2,0,0.41
Odisha,Nuapada ,Papadahandi,6,Ghataguda,5.78,39.8,18.85,15,0.13,0,33.98,5.82,0.38
Odisha,Nuapada ,Papadahandi,7,Hatibeda,-1.93,31.58,31.28,2.15,0.01,0,33.44,-1.86,0.3
Odisha,Nuapada ,Papadahandi,8,Jatabal,-1.57,27.32,18.94,9.88,0.03,0,28.86,-1.54,0.12
Odisha,Nuapada ,Papadahandi,9,Kantamal,1.41,54.72,28.7,24.3,0.16,0,53.16,1.56,0.53
Odisha,Nuapada ,Papadahandi,10,Khutubai,-0.11,22.26,21.19,1.04,0,0,22.23,0.03,0.61
Odisha,Nuapada ,Papadahandi,11,Maidalpur,-2.28,54.37,52.02,4.34,0.03,0,56.39,-2.02,1.24
Odisha,Nuapada ,Papadahandi,12,Majhiguda,-10.8,80.49,64.26,25.92,0.19,0,90.37,-9.88,1.59
Odisha,Nuapada ,Papadahandi,13,Manigam,-1.78,94.86,89.2,7.17,0.04,0,96.41,-1.55,0.26
Odisha,Nuapada ,Papadahandi,14,Mokia,-2.4,78.48,57.71,22.67,0.15,0,80.54,-2.06,0.61
Odisha,Nuapada ,Papadahandi,15,Naktiguda,-1.17,39.89,24.45,16.2,0.15,0,40.8,-0.91,0.5
Odisha,Nuapada ,Papadahandi,16,Nuakote,-3.44,40.61,31.46,12.12,0.16,0,43.74,-3.13,0.52
Odisha,Nuapada ,Papadahandi,17,Papadahandi,-5.72,121.39,56.53,69.49,0.71,0,126.74,-5.35,0.23
Odisha,Nuapada ,Papadahandi,18,Patri,-3.52,140.89,89.75,54.02,0.45,0,144.22,-3.32,0.97
Odisha,Nuapada ,Papadahandi,19,Pondikote .,-0.22,97.08,52.57,44.19,0.54,0,97.3,-0.22,1.01
Odisha,Nuapada ,Papadahandi,20,Sanabarli,-3.32,36.24,24.92,14.4,0.18,0,39.51,-3.27,0.15
Odisha,Nuapada ,Papadahandi,21,Semala,0.65,28.63,26.33,1.61,0,0,27.95,0.68,0.44
Odisha,Nuapada ,Papadahandi,22,Sirisi,-3.69,33.71,25.84,11.37,0.13,0,37.34,-3.62,0.27
Odisha,Nuapada ,Papadahandi,23,Tumberlla,-8.97,93.85,58.46,43.78,0.4,0,102.64,-8.79,1.1
Odisha,Nuapada ,Papadahandi,,Total,-49.59,1268.01,912.25,397.72,3.69,0,1313.67,-45.66,12.62
Odisha,Nuapada ,Papadahandi,,Block Level Line Deptt.,-158.93,-158.93,89.63,204.33,2.14,0,296.1,-455.03,1.45
Odisha,Nuapada ,Papadahandi,,Po,126.87,457.65,0,NA,NA,22.02,22.02,435.63,NA
Odisha,Nuapada ,Papadahandi,,Grand Total,-81.65,1566.73,1001.88,602.05,5.83,22.02,1631.79,-65.06,14.07
Odisha,Nuapada ,Papadahandi,1,Bobei,2.8,47.64,27.15,18.54,0,0,45.68,1.96,0.63
Odisha,Nuapada ,Papadahandi,2,Chhelidangari,-2.25,70.56,65.99,7.71,0.16,0,73.86,-3.29,2.47
Odisha,Nuapada ,Papadahandi,3,Debagam,-3.51,48.65,38.97,13.21,0,0,52.19,-3.53,3.05
Odisha,Nuapada ,Papadahandi,4,Ganjapara,-0.19,62.5,41.58,21.03,0.1,0,62.72,-0.21,0.61
Odisha,Nuapada ,Raighar,5,Gona,-0.73,35.5,34.76,1.87,0.02,0,36.65,-1.15,0.37
Odisha,Nuapada ,Raighar,6,Haladi,-3.59,37.33,40.9,0,0,0,40.9,-3.57,0.43
Odisha,Nuapada ,Raighar,7,Hatabharandi,0.44,32.98,30.11,2.34,0.03,0,32.48,0.5,2.99
Odisha,Nuapada ,Raighar,8,Hatigam,0,38.19,23.34,28.58,0.23,0,52.15,-13.96,1.12
Odisha,Nuapada ,Raighar,9,Jalangapara,-1.98,48.81,49.57,1.87,0.02,0,51.46,-2.65,2.1
Odisha,Nuapada ,Raighar,10,Jodenga,-5.09,34.58,35.18,5.27,0.1,0,40.56,-5.98,0.6
Odisha,Nuapada ,Raighar,11,Kacharapara,-2.35,76.15,46.11,31.86,0.53,0,78.5,-2.35,0.61
Odisha,Nuapada ,Raighar,12,Kacharapara-Iii,0,31.8,19,14.45,0.2,0,33.65,-1.85,0.7
Odisha,Nuapada ,Raighar,13,Kaudola,3.75,47.73,44.51,0,0,0,44.51,3.22,2.44
Odisha,Nuapada ,Raighar,14,Khuduk,-12.78,18.07,29.93,1.44,0.02,0,31.39,-13.31,3.2
Odisha,Nuapada ,Raighar,15,Kosakonga,-0.76,32.65,28.81,4.44,0.04,0,33.29,-0.65,0.65
Odisha,Nuapada ,Raighar,16,Kumuli,-1.87,53.02,48.41,6.5,0.04,0,54.95,-1.92,0.35
Odisha,Nuapada ,Raighar,17,Kundei,0.27,33.79,24.69,8.92,0.02,0,33.62,0.17,2.2
Odisha,Nuapada ,Raighar,18,Kurabeda,-2.89,82.46,59.73,25.64,0,0,85.37,-2.91,0.82
Odisha,Nuapada ,Raighar,19,Mahond,4.25,35.1,28.13,2.72,0.02,0,30.86,4.23,0.97
Odisha,Nuapada ,Raighar,20,Mundibeda,1.19,109.24,70.51,37.59,0.06,0,108.16,1.08,1.73
Odisha,Nuapada ,Raighar,21,Naktisimda,2.39,27.8,25.2,0.11,0.01,0,25.32,2.48,4.17
Odisha,Nuapada ,Raighar,22,Parchipara,-0.19,35.26,29.14,6.16,0,0,35.3,-0.04,2.19
Odisha,Nuapada ,Raighar,23,Parua,-0.65,44.9,40.92,4.75,0.07,0,45.74,-0.83,0.37
Odisha,Nuapada ,Raighar,24,Raighar,3.9,52.41,31.54,16.56,0.28,0,48.38,4.03,0.23
Odisha,Nuapada ,Raighar,25,Timanpur,1.11,142.34,105.4,40.53,0,0,145.94,-3.6,1.02
Odisha,Nuapada ,Raighar,26,Turudihi,-0.74,29.19,22.74,8.89,0.11,0,31.74,-2.56,0.88
Odisha,Nuapada ,Raighar,,Total,-19.47,1308.66,1042.34,310.98,2.05,0,1355.36,-46.7,36.93
Odisha,Nuapada ,Raighar,,Block Level Line Deptt.,-20.61,-20.61,107.29,203.22,1.87,0,312.38,-332.99,6.39
Odisha,Nuapada ,Raighar,,Po,1.08,382.42,0,NA,NA,42.02,42.02,340.4,NA
Odisha,Nuapada ,Raighar,,Grand Total,-39,1670.47,1149.63,514.2,3.92,42.02,1709.76,-39.29,43.32
Odisha,Nuapada ,Raighar,1,Amalabhatta,-0.56,38.07,31.3,7.32,0.03,0,38.66,-0.59,1.24
Odisha,Nuapada ,Raighar,2,Anchalaguma,-6.15,45.01,40.11,11.03,0,0,51.14,-6.12,2.88
Odisha,Nuapada ,Raighar,3,Digi,0.51,34.14,29.75,3.47,0,0,33.22,0.92,0.95
Odisha,Nuapada ,Raighar,4,Goudadeopalli,-0.44,19.47,16.22,3.69,0,0,19.92,-0.45,0.37
Odisha,Nuapada ,Tentulikhunti,5,Jhariguma,0.63,36.21,33.41,2.09,0,0,35.5,0.71,0.34
Odisha,Nuapada ,Tentulikhunti,6,Kamta,-0.44,31.02,24.01,7.45,0,0,31.47,-0.45,0.44
Odisha,Nuapada ,Tentulikhunti,7,Kantagam,-1.71,52.4,51.63,2.58,0,0,54.22,-1.82,1.11
Odisha,Nuapada ,Tentulikhunti,8,Kongra,-5.65,72.64,66.02,12.35,0,0,78.38,-5.74,0.48
Odisha,Nuapada ,Tentulikhunti,9,Kukudabai,0.7,17.48,16.59,0.19,0,0,16.78,0.7,0.82
Odisha,Nuapada ,Tentulikhunti,10,Lamtaguda,4.49,58.34,41.39,12.46,0,0,53.84,4.5,0.92
Odisha,Nuapada ,Tentulikhunti,11,Manchagam,-2.09,28.02,25.6,4.52,0,0,30.12,-2.1,1.12
Odisha,Nuapada ,Tentulikhunti,12,Paraja Barangpadar,-0.11,44.59,32.42,12.29,0,0,44.71,-0.12,0.36
Odisha,Nuapada ,Tentulikhunti,13,Patraput,-4.22,26.1,30.29,0,0,0,30.29,-4.18,0.82
Odisha,Nuapada ,Tentulikhunti,14,Pujariguda,-0.21,35.52,33.71,2.49,0,0,36.21,-0.69,1.63
Odisha,Nuapada ,Tentulikhunti,15,Tentulikhunti,-0.26,31.12,29.52,1.9,0,0,31.41,-0.29,1.78
Odisha,Nuapada ,Tentulikhunti,,Total,-15.52,570.13,501.97,83.84,0.03,0,585.84,-15.72,15.27
Odisha,Nuapada ,Tentulikhunti,,Block Level Line Deptt.,-0.74,-0.74,29.16,55.49,0,0,84.65,-85.39,0.88
Odisha,Nuapada ,Tentulikhunti,,Po,-44.57,55.46,0,NA,NA,21.01,21.01,34.45,NA
Odisha,Nuapada ,Tentulikhunti,,Grand Total,-60.84,624.85,531.13,139.33,0.03,21.01,691.5,-66.66,16.15
Odisha,Nuapada ,Tentulikhunti,1,Anchala,0,79.16,38.93,38.79,1.5,0,79.22,-0.06,1.83
Odisha,Nuapada ,Tentulikhunti,2,Badabharandi,2.48,64.45,49.77,11.22,1.05,0,62.04,2.41,2.14
Odisha,Nuapada ,Tentulikhunti,3,Badakumari,2.49,112.8,76.13,33.92,0,0,110.05,2.75,0.81
Odisha,Nuapada ,Tentulikhunti,4,Bakoda,0.54,135.18,107.08,27.25,0,0,134.34,0.85,1.12
Odisha,Nuapada ,Umerkote,5,Beheda,-0.37,66.27,55.83,10.93,0,0,66.77,-0.5,1.01
Odisha,Nuapada ,Umerkote,6,Benora,-0.2,64.62,54.1,10.21,0,0,64.31,0.31,0.24
Odisha,Nuapada ,Umerkote,7,Bhamini,0.13,136.67,84.82,56.06,0,0,140.88,-4.21,1.11
Odisha,Nuapada ,Umerkote,8,Bhandariguda,1.84,162.07,86.64,70.73,2.95,0,160.32,1.75,1.66
Odisha,Nuapada ,Umerkote,9,Burja,-0.49,37.24,34.44,3.09,0,0,37.53,-0.29,0.38
Odisha,Nuapada ,Umerkote,10,Chikalpadar,4.52,113.29,63.08,45.65,0,0,108.73,4.56,1.99
Odisha,Nuapada ,Umerkote,11,Hirapur,-0.43,69.67,52.11,17.82,0,0,69.93,-0.25,0.7
Odisha,Nuapada ,Umerkote,12,Jamronda,0,41.58,25.71,15.89,0,0,41.6,-0.01,0.46
Odisha,Nuapada ,Umerkote,13,Karagam,-1.64,38.77,39.49,0.05,0,0,39.54,-0.77,1.11
Odisha,Nuapada ,Umerkote,14,Khanda,-0.63,64.7,50.15,15.13,0.09,0,65.38,-0.68,2.01
Odisha,Nuapada ,Umerkote,15,Kopena,0.39,31.98,30.46,1.15,0,0,31.61,0.37,1.22
Odisha,Nuapada ,Umerkote,16,Kurshi,0.7,54.41,32.98,20.72,0,0,53.71,0.7,0.1
Odisha,Nuapada ,Umerkote,17,Mundiguda,0,29.95,24.13,5.53,0.02,0,29.67,0.27,0.79
Odisha,Nuapada ,Umerkote,18,Murtuma,-4.66,38.62,41.4,1.89,0,0,43.28,-4.66,1
Odisha,Nuapada ,Umerkote,19,Neura,-0.07,65.67,52.15,13.76,0,0,65.92,-0.24,0.07
Odisha,Nuapada ,Umerkote,20,Rajpur,1.5,50.72,40.8,8.6,0,0,49.4,1.32,1.94
Odisha,Nuapada ,Umerkote,21,Semala,-0.55,42.67,21.83,20.46,0.23,0,42.52,0.14,2.31
Odisha,Nuapada ,Umerkote,22,Singisari,-5.16,46.96,27.26,24.86,0,0,52.12,-5.16,0.24
Odisha,Nuapada ,Umerkote,23,Sukhigam,0,20.08,19.8,0.29,0,0,20.09,-0.01,2.28
Odisha,Nuapada ,Umerkote,24,Sunabeda,0.22,55.32,31.44,23.16,0.35,0,54.95,0.37,1.22
Odisha,Nuapada ,Umerkote,25,Tohara,0,116.8,87.22,29.77,0,0,116.99,-0.19,1.11
Odisha,Nuapada ,Umerkote,26,Torenga,0,58.53,44.23,14.22,0.56,0,59.02,-0.49,1.55
Odisha,Nuapada ,Umerkote,,Total,0.58,1798.17,1272,521.15,6.74,0,1799.9,-1.72,30.39
Odisha,Nuapada ,Umerkote,,Block Level Line Deptt.,-12.03,-12.03,122.29,156.76,0.47,0,279.51,-291.54,3.84
Odisha,Nuapada ,Umerkote,,Po,-6.94,298.21,0,NA,NA,23.63,23.63,274.58,NA
Odisha,Nuapada ,Umerkote,,Grand Total,-18.39,2084.35,1394.29,677.91,7.21,23.63,2103.04,-18.68,34.23
Odisha,Nuapada ,Umerkote,1,Babebir,-4.91,29.6,33.52,0.97,0,0,34.49,-4.89,0.26
Odisha,Nuapada ,Umerkote,2,Bhainsadani,-1.12,61.94,62.99,0,0,0,63,-1.06,10.82
Odisha,Nuapada ,Umerkote,3,Boden,-2.07,28.51,30.58,0,0,0,30.58,-2.07,1.23
Odisha,Nuapada ,Umerkote,4,Boirgaon,-4.99,53.96,47.39,11.55,0,0,58.94,-4.98,0.86
Odisha,Nuapada ,Boden,5,Damjhar,-3.24,10.88,12.96,1.16,0,0,14.12,-3.24,1.36
Odisha,Nuapada ,Boden,6,Farsara,-1.45,18.69,19.63,0.47,0,0,20.1,-1.41,3.05
Odisha,Nuapada ,Boden,7,Karangamal,-0.04,31.17,27.2,4.01,0,0,31.21,-0.04,1.63
Odisha,Nuapada ,Boden,8,Karlakote,-4.68,49.18,53.59,0.24,0,0,53.83,-4.65,1
Odisha,Nuapada ,Boden,9,Khaira,5.25,96.24,85.02,5.97,0,0,90.99,5.25,0.58
Odisha,Nuapada ,Boden,10,Larka,-6.76,54.53,57.97,3.18,0,0,61.14,-6.61,0.47
Odisha,Nuapada ,Boden,11,Litisargi,-2.86,48.63,49.91,1.58,0,0,51.49,-2.86,2.67
Odisha,Nuapada ,Boden,12,Nagpada,-1.56,11.61,13.49,0,0,0,13.49,-1.88,4.21
Odisha,Nuapada ,Boden,13,Palsada,0,11.77,11.77,0,0,0,11.77,0,0.73
Odisha,Nuapada ,Boden,14,Rokal,-1.63,31.28,32.77,0,0,0,32.77,-1.49,0.43
Odisha,Nuapada ,Boden,15,Sunapur,-1.68,40.84,40.16,2.41,0,0,42.57,-1.72,0.95
Odisha,Nuapada ,Boden,,Total,-31.74,578.84,578.95,31.55,0,0,610.49,-31.65,30.26
Odisha,Nuapada ,Boden,,Block Level Line Deptt.,0,0,55.16,40.8,0.43,0,96.39,-96.39,6.71
Odisha,Nuapada ,Boden,,Po,20.33,48.28,0,NA,NA,27.62,27.62,20.66,NA
Odisha,Nuapada ,Boden,,Grand Total,-11.41,627.12,634.11,72.35,0.43,27.62,734.5,-107.38,36.97
Odisha,Nuapada ,Boden,1,Areda,-0.03,42.15,41.27,0.91,0,0,42.18,-0.03,0.3
Odisha,Nuapada ,Boden,2,Baddohel,0,22.62,22.64,0,0,0,22.64,-0.01,0.28
Odisha,Nuapada ,Boden,3,Badi,-4.54,8.09,12.62,0,0,0,12.62,-4.54,3.75
Odisha,Nuapada ,Boden,4,Bargaon,-1.22,20.98,20.55,1.65,0,0,22.2,-1.22,0.15
Odisha,Nuapada ,Khariar,5,Bhojpur,-0.14,20.8,20.93,0,0,0,20.93,-0.13,0.42
Odisha,Nuapada ,Khariar,6,Bhuliasikuan,-0.04,21.31,20.66,0.89,0,0,21.55,-0.24,0.04
Odisha,Nuapada ,Khariar,7,Birighat,-4.88,42.9,47.39,0.35,0,0,47.75,-4.86,0.58
Odisha,Nuapada ,Khariar,8,Chanabeda,0,38.76,38.76,0,0,0,38.76,0,0.2
Odisha,Nuapada ,Khariar,9,Chindaguda,-0.33,21.89,22.13,0.09,0,0,22.23,-0.33,0.03
Odisha,Nuapada ,Khariar,10,Dabri,-0.08,32.65,31.89,0.84,0,0,32.73,-0.08,0.19
Odisha,Nuapada ,Khariar,11,Dohelpada,0,14.46,14.47,0,0,0,14.47,-0.01,0.08
Odisha,Nuapada ,Khariar,12,Duajhar,-0.05,25.31,25.37,0,0,0,25.36,-0.05,0.43
Odisha,Nuapada ,Khariar,13,Gardamunda,0,10.95,10.95,0,0,0,10.95,0,0.13
Odisha,Nuapada ,Khariar,14,Kendupati,0,17.43,17.46,0,0,0,17.46,-0.03,0.18
Odisha,Nuapada ,Khariar,15,Khasbahal,-1.08,22.71,23.44,0.34,0,0,23.78,-1.07,0.19
Odisha,Nuapada ,Khariar,16,Khudpej,-0.05,19.13,19.07,0.11,0,0,19.18,-0.05,0.32
Odisha,Nuapada ,Khariar,17,Kirikita,-0.2,23.19,22.92,0.46,0,0,23.38,-0.2,0.38
Odisha,Nuapada ,Khariar,18,Lanji,-1.23,32.13,31.67,1.68,0,0,33.35,-1.22,0.15
Odisha,Nuapada ,Khariar,19,Mandosil,0,41.75,33.66,8.1,0,0,41.75,0,0.39
Odisha,Nuapada ,Khariar,20,Nehena,-0.28,24.54,24.82,0,0,0,24.82,-0.28,0.27
Odisha,Nuapada ,Khariar,21,Ranimunda,-3.31,26.25,29.56,0,0,0,29.56,-3.31,0.39
Odisha,Nuapada ,Khariar,22,Risigaon,0,12.54,12.57,0,0,0,12.57,-0.03,0.28
Odisha,Nuapada ,Khariar,23,Sanmaheswar,-0.19,24.69,21.5,3.36,0,0,24.87,-0.18,0.63
Odisha,Nuapada ,Khariar,24,Saradhapur,-0.02,30.87,30.89,0,0,0,30.89,-0.02,0.33
Odisha,Nuapada ,Khariar,25,Sunarisikuan,0,6.38,6.38,0,0,0,6.38,0,0.12
Odisha,Nuapada ,Khariar,26,Tukla,-0.11,25.45,25.24,0.29,0,0,25.53,-0.07,0.4
Odisha,Nuapada ,Khariar,,Total,-17.77,629.91,628.79,19.08,0,0,647.88,-17.96,10.61
Odisha,Nuapada ,Khariar,,Block Level Line Deptt.,0,0,61.33,59.05,4.2,1.23,125.81,-125.81,4.62
Odisha,Nuapada ,Khariar,,Po,13.25,67.76,0,NA,NA,26.9,26.9,40.86,NA
Odisha,Nuapada ,Khariar,,Grand Total,-4.52,697.67,690.12,78.13,4.2,28.13,800.59,-102.91,15.23
Odisha,Nuapada ,Khariar,1,Agren,-0.23,32.85,30.48,2.96,0,0,33.44,-0.6,0.02
Odisha,Nuapada ,Khariar,2,Bhela,-0.13,17.24,19.23,0,0,0,19.23,-2,0.76
Odisha,Nuapada ,Khariar,3,Budhikomna,0,29.86,21.47,8.4,0,0,29.87,-0.01,2.62
Odisha,Nuapada ,Khariar,4,Darlipada,3.83,47.51,43.72,0,0,0,43.72,3.79,0.79
Odisha,Nuapada ,Komna,5,Deodhara,0,31.09,31.09,0,0,0,31.09,0,0.17
Odisha,Nuapada ,Komna,6,Dhorlamunda,0,34.69,35.2,0,0,0,35.2,-0.51,0.49
Odisha,Nuapada ,Komna,7,Gandamer,-2.09,41.46,41.72,2.89,0,0,44.61,-3.15,1.39
Odisha,Nuapada ,Komna,8,Jadamunda,-0.49,25.36,26.48,0,0,0,26.48,-1.12,0.07
Odisha,Nuapada ,Komna,9,Jatgarh,-0.07,50.07,46.37,3.51,0.48,0,50.37,-0.3,0.15
Odisha,Nuapada ,Komna,10,Jhagrahi,-8.09,25.42,27.85,5.93,0,0,33.78,-8.36,0.93
Odisha,Nuapada ,Komna,11,Kandetara,0.56,50.19,47.06,2.32,0,0,49.39,0.8,1.5
Odisha,Nuapada ,Komna,12,Komna,2.16,22.39,15.71,3.92,0.6,0,20.23,2.16,0.11
Odisha,Nuapada ,Komna,13,Konabira,0.25,25.98,25.95,0,0,0,25.95,0.03,0.53
Odisha,Nuapada ,Komna,14,Kureswar,-15.81,0.78,14.75,1.85,0,0,16.59,-15.81,0.2
Odisha,Nuapada ,Komna,15,Kurumpuri,-0.64,48.4,49.05,0,0,0,49.05,-0.64,1.81
Odisha,Nuapada ,Komna,16,Lakhna,-0.23,37.12,36.2,0.99,0.17,0,37.36,-0.23,0.44
Odisha,Nuapada ,Komna,17,Maniguda,0,12.07,11.96,0.11,0,0,12.07,0,0.45
Odisha,Nuapada ,Komna,18,Michhapali,-1.63,25.13,26.9,0.47,0,0,27.37,-2.24,0.2
Odisha,Nuapada ,Komna,19,Mundapala,-5.19,30.94,37.48,0,0,0,37.48,-6.55,0.16
Odisha,Nuapada ,Komna,20,Nuagaon,-1.15,32.13,33.93,0,0,0,33.93,-1.8,0.2
Odisha,Nuapada ,Komna,21,Palsipani,0,41.91,41.14,1.17,0,0,42.31,-0.4,0.19
Odisha,Nuapada ,Komna,22,Pendrawan,-0.38,36.57,37.15,0,0,0,37.15,-0.58,0.35
Odisha,Nuapada ,Komna,23,Poinr,0,15.71,14.82,0.85,0.04,0,15.71,0,0.23
Odisha,Nuapada ,Komna,24,Rajana,2.41,32.85,29.76,0.67,0,0,30.43,2.42,0.51
Odisha,Nuapada ,Komna,25,Samarsing,0.2,27.63,27.43,0,0,0,27.43,0.2,2.67
Odisha,Nuapada ,Komna,26,Sialati,-0.77,40.91,42.95,0,0,0,42.95,-2.04,0.6
Odisha,Nuapada ,Komna,27,Silva,-11.54,42.48,54.1,0,0,0,54.1,-11.62,2.36
Odisha,Nuapada ,Komna,28,Soseng,2.91,16.03,11.68,1.54,0.06,0,13.28,2.75,0.3
Odisha,Nuapada ,Komna,29,Sunabeda,1.37,14.23,12.86,0,0,0,12.86,1.37,0.03
Odisha,Nuapada ,Komna,30,Tarbod,-0.02,27.39,26.92,0.46,0,0,27.38,0,0.12
Odisha,Nuapada ,Komna,31,Thikpali,-0.12,51.81,46.11,7.45,0,0,53.56,-1.75,0.33
Odisha,Nuapada ,Komna,32,Tikrapada,-1.18,23.65,20.14,4.49,0.23,0,24.86,-1.2,0.25
Odisha,Nuapada ,Komna,,Total,-36.08,991.84,987.66,49.97,1.58,0,1039.22,-47.39,20.94
Odisha,Nuapada ,Komna,,Block Level Line Deptt.,0.8,0.8,76.93,59.3,3.61,0,139.83,-139.03,8.49
Odisha,Nuapada ,Komna,,Po,101.64,175.04,0,NA,NA,47.8,47.8,127.24,NA
Odisha,Nuapada ,Komna,,Grand Total,66.36,1167.68,1064.59,109.27,5.19,47.8,1226.85,-59.18,29.43
Odisha,Nuapada ,Komna,1,Amanara,7.6,74.68,64.84,1.62,0.29,0,66.75,7.92,0.95
Odisha,Nuapada ,Komna,2,Amsena,-1.21,29.49,38.36,1.34,0.18,0,39.88,-10.39,0.55
Odisha,Nuapada ,Komna,3,Beltukri,-1.46,46.58,45.92,2.12,0,0,48.04,-1.46,0.68
Odisha,Nuapada ,Komna,4,Bhainsatal,0,43.54,41.53,1.98,0.13,0,43.64,-0.1,2.63
Odisha,Nuapada ,Nuapada,5,Bhaleswar,8.47,21.86,13.47,0.06,0,0,13.53,8.33,1.08
Odisha,Nuapada ,Nuapada,6,Bhanpur,0,25.63,23.15,10.74,1.05,0,34.94,-9.3,1.91
Odisha,Nuapada ,Nuapada,7,Bharuamunda,-0.54,39.79,30.02,10.14,1.09,0,41.24,-1.46,0.43
Odisha,Nuapada ,Nuapada,8,Biromal,4.02,25.78,21.76,0,0,0,21.76,4.02,1.21
Odisha,Nuapada ,Nuapada,9,Bisora,8.56,51,37.94,4.5,0,0,42.44,8.56,1.28
Odisha,Nuapada ,Nuapada,10,Boirbhadi,1.07,41.85,40.64,0.14,0,0,40.78,1.07,0.1
Odisha,Nuapada ,Nuapada,11,Budhipali,-0.5,32.15,30.23,2.4,0.1,0,32.73,-0.57,2.55
Odisha,Nuapada ,Nuapada,12,Chulabhat,0.69,76.31,64.77,8.45,1.08,0,74.3,2.01,0.79
Odisha,Nuapada ,Nuapada,13,Darlimunda,1.06,39.51,38.88,0.08,0,0,38.96,0.55,0.03
Odisha,Nuapada ,Nuapada,14,Dharambandha,0.93,45.46,39.87,4.72,0,0,44.59,0.87,0.3
Odisha,Nuapada ,Nuapada,15,Dumarpani,0.83,15.69,14.79,0,0,0,14.79,0.9,0.12
Odisha,Nuapada ,Nuapada,16,Godfula,0.2,38.77,37.69,0.85,0.02,0,38.57,0.21,0.05
Odisha,Nuapada ,Nuapada,17,Jampani,1.66,34.36,28.92,3.47,0.31,0,32.7,1.66,0.05
Odisha,Nuapada ,Nuapada,18,Kadomeri,0,29.98,29.16,0.86,0,0,30.02,-0.04,0.13
Odisha,Nuapada ,Nuapada,19,Kendubahara,-0.1,57.69,49.52,7.58,0.78,0,57.88,-0.19,0.33
Odisha,Nuapada ,Nuapada,20,Kermeli,0.58,9.67,9.31,0,0,0,9.31,0.37,0
Odisha,Nuapada ,Nuapada,21,Khairani,0,16.72,18.5,8.74,0.92,0,28.16,-11.45,0.05
Odisha,Nuapada ,Nuapada,22,Khutbanbhera,0.56,44.31,42.38,1.22,0.16,0,43.76,0.55,0.75
Odisha,Nuapada ,Nuapada,23,Kodomeri,-0.23,26.12,27.4,0.19,0,0,27.59,-1.47,0.13
Odisha,Nuapada ,Nuapada,24,Kotenchuan,-0.35,43.52,43.6,0.16,0,0,43.77,-0.24,1.04
Odisha,Nuapada ,Nuapada,25,Kuliabandha,0.96,47.69,43.26,2.91,0.35,0,46.52,1.17,0.2
Odisha,Nuapada ,Nuapada,26,Motanuapada,2.15,82.81,71.64,7.69,0.59,0,79.92,2.89,0.98
Odisha,Nuapada ,Nuapada,27,Parkod,6.8,37.03,28.08,1.28,0.17,0,29.53,7.5,3.29
Odisha,Nuapada ,Nuapada,28,Sahipala,4.84,26.41,21.56,0,0,0,21.56,4.84,0.63
Odisha,Nuapada ,Nuapada,29,Saliha,-0.27,28.88,24.8,3.7,0,0,28.5,0.38,1.57
Odisha,Nuapada ,Nuapada,30,Sarabong,6.76,27.43,16.26,3.88,0,0,20.14,7.3,0.58
Odisha,Nuapada ,Nuapada,31,Tanwat,-0.58,49.32,49.68,0.2,0.02,0,49.9,-0.58,0.4
Odisha,Nuapada ,Nuapada,,Total,52.52,1210.02,1087.95,91.01,7.22,0,1186.17,23.85,24.8
Odisha,Nuapada ,Nuapada,,Block Level Line Deptt.,8.96,8.96,85.74,72.11,1.37,0.18,159.39,-150.43,2.88
Odisha,Nuapada ,Nuapada,,Po,264.11,339.01,0,NA,NA,46.85,46.85,292.16,NA
Odisha,Nuapada ,Nuapada,,Grand Total,325.59,1557.99,1173.69,163.12,8.59,47.03,1392.41,165.58,27.68
Odisha,Nuapada ,Nuapada,1,Bargaon,-0.85,53.82,53.91,0.76,0,0,54.67,-0.85,1.6
Odisha,Nuapada ,Nuapada,2,Bharuamunda,-3.57,110.14,97.85,24.52,0.11,0,122.48,-12.34,1
Odisha,Nuapada ,Nuapada,3,Chatiaguda,-1.77,23.02,20.91,3.88,0,0,24.79,-1.77,0.29
Odisha,Nuapada ,Nuapada,4,Gandabahali,-2.17,24.5,24.05,2.58,0.04,0,26.66,-2.17,4.05
Odisha,Nuapada ,Sinapali,5,Ghantiguda,-0.15,98.06,71.86,26.52,0.21,0,98.58,-0.52,1.28
Odisha,Nuapada ,Sinapali,6,Ghatamal,-0.88,102.91,82.4,21.44,0,0,103.84,-0.92,1.06
Odisha,Nuapada ,Sinapali,7,Ghuchaguda,0,12.03,11.55,0.48,0,0,12.03,0,0.6
Odisha,Nuapada ,Sinapali,8,Godal,0.04,80.26,77.91,2.35,0,0,80.26,0,0.88
Odisha,Nuapada ,Sinapali,9,Gorla,-0.08,99.3,93.44,5.98,0,0,99.42,-0.12,1.04
Odisha,Nuapada ,Sinapali,10,Hatibandha,-0.41,109.04,83.88,25.93,0.32,0,110.13,-1.09,0.87
Odisha,Nuapada ,Sinapali,11,Jharbandh,-3.41,25.22,29.67,0,0,0,29.67,-4.44,6.01
Odisha,Nuapada ,Sinapali,12,Kaintpadar,0,30.15,25.04,5.11,0,0,30.15,0,0.33
Odisha,Nuapada ,Sinapali,13,Karanbahali,-1.69,16.69,18.07,0.09,0,0,18.17,-1.48,0.94
Odisha,Nuapada ,Sinapali,14,Kendumunda,-4.39,72.41,75.21,1.6,0.01,0,76.82,-4.41,2.4
Odisha,Nuapada ,Sinapali,15,Khairpadar,-0.81,27.03,24.33,3.61,0,0,27.95,-0.92,1.75
Odisha,Nuapada ,Sinapali,16,Kharsel,0,19.87,19.5,0.32,0,0,19.82,0.05,1.41
Odisha,Nuapada ,Sinapali,17,Kusumjore,-0.11,48.34,36,12.29,0.13,0,48.43,-0.09,0.5
Odisha,Nuapada ,Sinapali,18,Litiguda,-2.37,25.13,24.08,3.39,0.05,0,27.52,-2.39,0.07
Odisha,Nuapada ,Sinapali,19,Makhapadar,-4.1,79.69,74.3,7.88,0,0,82.18,-2.49,1.42
Odisha,Nuapada ,Sinapali,20,Nangalbod,-2.02,38.82,36.5,4.37,0,0,40.87,-2.05,3.19
Odisha,Nuapada ,Sinapali,21,Niljee,-0.17,27.99,21.07,7.08,0,0,28.15,-0.16,0.08
Odisha,Nuapada ,Sinapali,22,Nuamalpada,0,53.58,50.42,3.17,0,0,53.59,-0.01,1.59
Odisha,Nuapada ,Sinapali,23,Nuapada,-1.16,39.97,30.48,10.52,0.16,0,41.16,-1.19,0.68
Odisha,Nuapada ,Sinapali,24,Ranimunda,0,88.72,72.28,16.44,0,0,88.72,0,1.12
Odisha,Nuapada ,Sinapali,25,Sinapali,1.6,28.2,26.54,0.05,0,0,26.6,1.59,3.06
Odisha,Nuapada ,Sinapali,26,Singjhar,-1.84,43.18,36.65,8.45,0.02,0,45.11,-1.93,6.85
Odisha,Nuapada ,Sinapali,27,Timanpur,-0.18,17.57,16.67,1.27,0,0,17.93,-0.36,0.2
Odisha,Nuapada ,Sinapali,,Total,-30.47,1395.64,1234.59,200.06,1.04,0,1435.69,-40.05,44.23
Odisha,Nuapada ,Sinapali,,Block Level Line Deptt.,0,0,68.45,86.59,0.95,0.05,156.05,-156.05,13.6
Odisha,Nuapada ,Sinapali,,Po,201.68,275.04,0,NA,NA,27.51,27.51,247.53,NA
Odisha,Nuapada ,Sinapali,,Grand Total,171.21,1670.68,1303.04,286.65,1.99,27.56,1619.25,51.43,57.83
Odisha ,Rayagada ,Sinapali,1,Bethiapada,-1.48,42.52,33.46,10.53,0.17,0,44.16,-1.64,0.31
Odisha ,Rayagada ,Sinapali,2,Bhatapur,-4.83,29.22,14.97,17.26,1.87,0,34.1,-4.87,0.78
Odisha ,Rayagada ,Sinapali,3,Bissamcuttack,-6.39,44.28,27.03,22.05,1.55,0,50.63,-6.34,0.47
Odisha ,Rayagada ,Sinapali,4,Chanchadaguda,-10.36,101.53,46.59,61.05,4.27,0,111.9,-10.37,1.18
Odisha ,Rayagada ,Bissamcuttack,5,Chatikona,-6.17,48.76,37.27,16.1,1.59,0,54.96,-6.2,0.89
Odisha ,Rayagada ,Bissamcuttack,6,Daliakuji,0,16.09,13.63,2.23,0.23,0,16.09,0,0.24
Odisha ,Rayagada ,Bissamcuttack,7,Dukum,2.24,83.24,39.29,38.99,2.39,0,80.67,2.57,0.62
Odisha ,Rayagada ,Bissamcuttack,8,Dummerneli,-6.71,46.35,34.74,18.01,0.31,0,53.06,-6.71,0.07
Odisha ,Rayagada ,Bissamcuttack,9,Durgi,-5.14,56.7,35.45,26.14,0.28,0,61.87,-5.18,0.42
Odisha ,Rayagada ,Bissamcuttack,10,Hajaridanga,-6.73,20.47,16.81,10.27,0.12,0,27.21,-6.73,0.22
Odisha ,Rayagada ,Bissamcuttack,11,Hatamuniguda,-3.79,52.67,30.99,23.79,1.66,0,56.44,-3.77,0.1
Odisha ,Rayagada ,Bissamcuttack,12,Jhigidi,1.16,46.8,20.81,24.52,0.31,0,45.64,1.16,0.15
Odisha ,Rayagada ,Bissamcuttack,13,Kankubadi,-3.54,42.46,22.86,22.85,0.34,0,46.05,-3.59,0.84
Odisha ,Rayagada ,Bissamcuttack,14,Konabai,-5,37.5,36.77,5.78,0,0,42.55,-5.06,0.94
Odisha ,Rayagada ,Bissamcuttack,15,Kumbhardhamuuni,-4.43,24.48,15.08,13.22,0.61,0,28.91,-4.43,0.15
Odisha ,Rayagada ,Bissamcuttack,16,Kurli,7.67,54.68,22.84,24.27,0.07,0,47.17,7.5,1.2
Odisha ,Rayagada ,Bissamcuttack,17,Kutragoda,0.06,47.81,38.68,9.04,0,0,47.72,0.09,0.33
Odisha ,Rayagada ,Bissamcuttack,18,Paikadakuluguda,-4.53,36.08,24.36,15.48,0.79,0,40.63,-4.55,0.2
Odisha ,Rayagada ,Bissamcuttack,19,Rasikola,-5.38,31.1,18.52,17.46,0.36,0,36.34,-5.24,0.33
Odisha ,Rayagada ,Bissamcuttack,20,Sahada,-2.84,92.49,54,37,4.36,0,95.36,-2.87,1.44
Odisha ,Rayagada ,Bissamcuttack,21,Thuapadi,-5.27,33.22,17.49,20.71,0.21,0,38.4,-5.19,0.02
Odisha ,Rayagada ,Bissamcuttack,,Total,-71.45,988.44,601.62,436.74,21.5,0,1059.86,-71.42,10.89
Odisha ,Rayagada ,Bissamcuttack,,Block Level Line Deptt.,-1.57,-1.57,135.15,116.74,1.35,1.37,254.6,-256.17,5.55
Odisha ,Rayagada ,Bissamcuttack,,Po,-77.47,-0.33,0,NA,NA,37.95,37.95,-38.28,NA
Odisha ,Rayagada ,Bissamcuttack,,Grand Total,-150.49,986.53,736.77,553.48,22.85,39.32,1352.41,-365.87,16.44
Odisha ,Rayagada ,Bissamcuttack,1,Bijapur,-12.34,14.38,9.53,16.97,0.22,0,26.72,-12.34,0.48
Odisha ,Rayagada ,Bissamcuttack,2,Budubali,-4.07,7.17,6.49,4.69,0.06,0,11.24,-4.07,0.37
Odisha ,Rayagada ,Bissamcuttack,3,Chandrapur,-6.19,108.66,78.93,36.48,0.45,0,115.85,-7.19,0.98
Odisha ,Rayagada ,Bissamcuttack,4,Dangasorada,-0.59,40.64,22.17,18.81,0.25,0,41.24,-0.59,0.62
Odisha ,Rayagada ,Chandrapur,5,Hanumantapur,1.12,81.98,44.84,35.51,0.5,0,80.86,1.12,0.74
Odisha ,Rayagada ,Chandrapur,6,Piskapanga,-6.39,13.6,14.16,5.72,0.11,0,19.99,-6.39,1.53
Odisha ,Rayagada ,Chandrapur,7,Sarikima,0,36.19,18.12,17.81,0.26,0,36.19,0,0.5
Odisha ,Rayagada ,Chandrapur,8,Turiguda,-8.69,16.31,19.27,5.64,0.1,0,25,-8.69,0.2
Odisha ,Rayagada ,Chandrapur,,Total,-37.16,318.93,213.51,141.62,1.96,0,357.09,-38.16,5.43
Odisha ,Rayagada ,Chandrapur,,Block Level Line Deptt.,5.15,5.15,83.13,66.12,0.44,0.53,150.22,-145.07,3.49
Odisha ,Rayagada ,Chandrapur,,Po,-116.77,-37.43,0,NA,NA,23.13,23.13,-60.56,NA
Odisha ,Rayagada ,Chandrapur,,Grand Total,-148.78,286.66,296.64,207.74,2.4,23.66,530.44,-243.79,8.92
Odisha ,Rayagada ,Chandrapur,1,Ashada,-1.1,122.31,52.7,66.21,4.51,0,123.42,-1.11,0.48
Odisha ,Rayagada ,Chandrapur,2,Karlaghati,-6.18,70.31,35.07,39.24,2.16,0,76.48,-6.17,1.16
Odisha ,Rayagada ,Chandrapur,3,Khariguda,-0.69,146.75,64.69,76.44,6.3,0,147.43,-0.67,2.98
Odisha ,Rayagada ,Chandrapur,4,Kodama,0.01,137.93,63.51,69.88,4.52,0,137.91,0.01,1.04
Odisha ,Rayagada ,Gudari,5,M.K.Rai,-0.96,62.9,35.21,25.91,2.83,0,63.95,-1.05,1.82
Odisha ,Rayagada ,Gudari,6,Madhuban,-3.26,166.33,86.52,78,4.92,0,169.45,-3.11,1.59
Odisha ,Rayagada ,Gudari,7,Pendili,-2.55,77.95,35.51,43.16,1.82,0,80.49,-2.55,1.97
Odisha ,Rayagada ,Gudari,8,Sanahuma,1.17,96.69,48.37,42.83,4.34,0,95.54,1.15,1.67
Odisha ,Rayagada ,Gudari,9,Siriguda,0.46,145.43,67.81,73.44,3.95,0,145.2,0.23,4.88
Odisha ,Rayagada ,Gudari,,Total,-13.09,1026.6,489.4,515.1,35.35,0,1039.86,-13.26,17.61
Odisha ,Rayagada ,Gudari,,Block Level Line Deptt.,6.97,6.97,54.76,25.06,0.33,0.41,80.55,-73.58,3.53
Odisha ,Rayagada ,Gudari,,Po,-72.9,-50.67,0,NA,NA,10.22,10.22,-60.89,NA
Odisha ,Rayagada ,Gudari,,Grand Total,-79.01,982.9,544.16,540.16,35.68,10.63,1130.63,-147.73,21.14
Odisha ,Rayagada ,Gudari,1,Abada,0,34.79,18.18,15.05,1.58,0,34.8,-0.01,0.09
Odisha ,Rayagada ,Gudari,2,Bagsala,-6.68,4.34,6.29,4.7,0.03,0,11.02,-6.68,1.51
Odisha ,Rayagada ,Gudari,3,Bhimpur,-4.4,21.77,26.17,0,0,0,26.17,-4.4,0.42
Odisha ,Rayagada ,Gudari,4,Chalkamba,-3.39,40.68,23.43,18.35,2.33,0,44.11,-3.43,0.15
Odisha ,Rayagada ,Gunupur,5,Chinasari,-3.63,55.07,40.92,17.28,0.5,0,58.71,-3.63,0.31
Odisha ,Rayagada ,Gunupur,6,Dombasara,-9.22,16.93,19.88,5.94,0.39,0,26.21,-9.28,1.23
Odisha ,Rayagada ,Gunupur,7,Gadiakhala,-8.71,7.28,9.5,6.29,0.1,0,15.88,-8.6,0.51
Odisha ,Rayagada ,Gunupur,8,Ghanatri,-9.82,9.58,17.43,2.02,0.01,0,19.46,-9.88,0.44
Odisha ,Rayagada ,Gunupur,9,Gothaalpadar,-2.6,16.72,16.24,3.16,0.08,0,19.49,-2.77,0.33
Odisha ,Rayagada ,Gunupur,10,Jagannathpur,-2.69,6.49,9.18,0,0,0,9.18,-2.69,0.38
Odisha ,Rayagada ,Gunupur,11,Jaltar,-7.28,22.61,14.8,14.91,0.18,0,29.89,-7.29,0.72
Odisha ,Rayagada ,Gunupur,12,Kulsingi,-12.17,76.93,46.08,41.96,1.07,0,89.11,-12.18,3.45
Odisha ,Rayagada ,Gunupur,13,Morama,-1.18,18.03,17.05,2.19,0,0,19.24,-1.21,0.48
Odisha ,Rayagada ,Gunupur,14,Puttasingi,-11.59,17.08,23.8,5.12,0,0,28.93,-11.85,0.77
Odisha ,Rayagada ,Gunupur,15,Regeda,-10.43,11.59,14.9,7.13,0,0,22.03,-10.43,0.04
Odisha ,Rayagada ,Gunupur,16,Sagada,-2.97,34.54,28.05,8.23,1.22,0,37.5,-2.97,1.49
Odisha ,Rayagada ,Gunupur,17,Sirijholi,-4.63,-1.37,3.26,0,0,0,3.26,-4.63,0.26
Odisha ,Rayagada ,Gunupur,18,Titimiri,-5.61,28.22,27.82,5.48,0.54,0,33.84,-5.63,1.79
Odisha ,Rayagada ,Gunupur,19,Tolana,-10.61,28.4,36.38,2.37,0.3,0,39.05,-10.64,0.82
Odisha ,Rayagada ,Gunupur,,Total,-117.62,449.67,399.37,160.17,8.34,0,567.88,-118.21,15.19
Odisha ,Rayagada ,Gunupur,,Block Level Line Deptt.,6.84,6.84,125.5,26.55,0.07,1.04,153.16,-146.32,6.55
Odisha ,Rayagada ,Gunupur,,Po,-88.95,-42.02,0,NA,NA,25.74,25.74,-67.76,NA
Odisha ,Rayagada ,Gunupur,,Grand Total,-199.73,414.5,524.87,186.72,8.41,26.78,746.78,-332.29,21.74
Odisha ,Rayagada ,Gunupur,1,Budaguda,1.46,56.47,20.63,39.5,0.32,0,60.45,-3.98,1.32
Odisha ,Rayagada ,Gunupur,2,Dhamunipanga,0.72,79.93,38.55,39.65,0.21,0,78.41,1.53,8.26
Odisha ,Rayagada ,Gunupur,3,K.Singpur,1.27,50.04,32.76,15.9,0.11,0,48.77,1.27,1.13
Odisha ,Rayagada ,Gunupur,4,Kandhakatipadu,0,6.78,6.86,0,0,0,6.86,-0.08,2.13
Odisha ,Rayagada ,Kalyansingpur,5,Koropa,0.95,29.72,19.11,9.62,0.14,0,28.87,0.85,1.02
Odisha ,Rayagada ,Kalyansingpur,6,Majhiguda,-0.3,70.38,30.19,40.27,0.37,0,70.83,-0.45,7.6
Odisha ,Rayagada ,Kalyansingpur,7,Narayanpur,0.66,64.23,26.06,37.28,0.22,0,63.56,0.66,3.2
Odisha ,Rayagada ,Kalyansingpur,8,Parsali,5.27,10.86,5.59,0,0,0,5.59,5.27,0.34
Odisha ,Rayagada ,Kalyansingpur,9,Poloma,0.61,24.81,12.64,11.55,0.2,0,24.39,0.42,1.42
Odisha ,Rayagada ,Kalyansingpur,10,Pujariguda,-3.42,18.7,19.52,3.06,0.04,0,22.62,-3.92,1.38
Odisha ,Rayagada ,Kalyansingpur,11,Seriguma,0.62,43.39,19.42,28.01,0.32,0,47.76,-4.36,9.79
Odisha ,Rayagada ,Kalyansingpur,12,Sikarpai,1.86,36.85,21.93,16.77,0.05,0,38.75,-1.91,1.35
Odisha ,Rayagada ,Kalyansingpur,13,Singari,-0.4,111.98,50.45,65.05,0.15,0,115.65,-3.66,1.72
Odisha ,Rayagada ,Kalyansingpur,14,Sunakhandi,1.35,41.94,41.42,3.3,0,0,44.73,-2.79,3.02
Odisha ,Rayagada ,Kalyansingpur,,Total,10.64,646.08,345.14,309.96,2.13,0,657.23,-11.15,43.68
Odisha ,Rayagada ,Kalyansingpur,,Block Level Line Deptt.,8.12,8.12,250.44,49.13,0,0,299.57,-291.45,20.43
Odisha ,Rayagada ,Kalyansingpur,,Po,35.12,81.11,0,NA,NA,20.94,20.94,60.17,NA
Odisha ,Rayagada ,Kalyansingpur,,Grand Total,53.88,735.31,595.58,359.09,2.13,20.94,977.74,-242.43,64.11
Odisha ,Rayagada ,Kalyansingpur,1,Adajore,-6.48,203.67,87.99,121.55,0.28,0,209.82,-6.16,6.12
Odisha ,Rayagada ,Kalyansingpur,2,Bankamba,-19.08,11.08,16.44,13.58,0.07,0,30.1,-19.02,0.79
Odisha ,Rayagada ,Kalyansingpur,3,Chandragiri,-22.42,69.64,30.83,60.96,0.32,0,92.11,-22.46,2.39
Odisha ,Rayagada ,Kalyansingpur,4,Dangasil,-9.1,88.49,52.42,48.47,1.33,0,102.22,-13.73,2.8
Odisha ,Rayagada ,Kasipur,5,Dudukabahal,0,21.17,4.9,16.25,0.01,0,21.17,0,0
Odisha ,Rayagada ,Kasipur,6,Godibali,-8.55,45.81,40.05,14.2,0.09,0,54.34,-8.53,0.73
Odisha ,Rayagada ,Kasipur,7,Gorakhpur,-45.12,17.81,22.99,41.58,0.43,0,65,-47.19,2.85
Odisha ,Rayagada ,Kasipur,8,Hadiguda,-1.64,52.03,20.15,33.41,0.14,0,53.7,-1.67,1.11
Odisha ,Rayagada ,Kasipur,9,Kasipur,-12.12,135.42,45.05,101.67,0.88,0,147.6,-12.19,2.75
Odisha ,Rayagada ,Kasipur,10,Khurigaam,0,8.71,1.84,6.81,0.05,0,8.71,0,0.03
Odisha ,Rayagada ,Kasipur,11,Kodipari,-4.64,122.66,64.41,62.66,0.22,0,127.3,-4.64,3.61
Odisha ,Rayagada ,Kasipur,12,Kucheipadar,0.01,47.6,24.76,22.85,0.01,0,47.62,-0.02,1.41
Odisha ,Rayagada ,Kasipur,13,Maikanch,-28.51,4.05,22.58,9.99,0,0,32.57,-28.52,3.52
Odisha ,Rayagada ,Kasipur,14,Mandibisi,-38.01,-16.94,17.78,3.2,0,0,20.98,-37.92,1.46
Odisha ,Rayagada ,Kasipur,15,Manusgaon,-24.37,30.8,15.76,41.75,0.31,0,57.82,-27.02,1.99
Odisha ,Rayagada ,Kasipur,16,Nakatiguda,0,16.47,12.17,4.31,0,0,16.49,-0.02,0.22
Odisha ,Rayagada ,Kasipur,17,Pudapadi,-9.88,13.5,18.45,4.93,0,0,23.38,-9.88,0.2
Odisha ,Rayagada ,Kasipur,18,Rengacolony,-12,0.22,11.35,0.84,0,0,12.19,-11.97,0.57
Odisha ,Rayagada ,Kasipur,19,Sankarada,-0.01,37.93,19.33,18.62,0,0,37.94,-0.01,1.12
Odisha ,Rayagada ,Kasipur,20,Sinduraghati,0,125.17,49.23,75.83,0.17,0,125.23,-0.06,1.19
Odisha ,Rayagada ,Kasipur,21,Siripai,-0.54,19.71,14.58,5.59,0.06,0,20.23,-0.52,0.14
Odisha ,Rayagada ,Kasipur,22,Sunger,-40.25,54.12,38.39,55.72,0.06,0,94.17,-40.05,2.09
Odisha ,Rayagada ,Kasipur,23,Talajhari,-26.58,140.17,58.61,107.3,0.9,0,166.8,-26.63,3.7
Odisha ,Rayagada ,Kasipur,24,Tikiri,-0.27,9.26,9.17,0.37,0,0,9.53,-0.27,0.68
Odisha ,Rayagada ,Kasipur,,Total,-309.54,1258.55,699.22,872.43,5.36,0,1577.01,-318.47,41.48
Odisha ,Rayagada ,Kasipur,,Block Level Line Deptt.,-277.16,-277.16,506.6,246.21,0.54,0,753.35,-1030.51,33.61
Odisha ,Rayagada ,Kasipur,,Po,939.71,1062.44,0,NA,NA,18.76,18.76,1043.68,NA
Odisha ,Rayagada ,Kasipur,,Grand Total,353.01,2043.83,1205.82,1118.64,5.9,18.76,2349.12,-305.3,75.09
Odisha ,Rayagada ,Kasipur,1,Badakhilapadar,-9.44,7.24,15.46,1.17,0,0,16.63,-9.39,0.32
Odisha ,Rayagada ,Kasipur,2,Bankili,-1.38,9.18,10.54,0,0,0,10.54,-1.37,0.19
Odisha ,Rayagada ,Kasipur,3,Bhoimada,-6.12,8.83,14.9,0,0,0,14.9,-6.07,0.21
Odisha ,Rayagada ,Kasipur,4,Dumuriguda,-9.06,4.15,11.78,1.06,0,0,12.84,-8.69,0.86
Odisha ,Rayagada ,Kolnara,5,Dunduli,-2.92,27.97,25.26,5.59,0,0,30.85,-2.89,0.72
Odisha ,Rayagada ,Kolnara,6,Gadiseskhal,-6.43,11.73,17.67,0.52,0,0,18.19,-6.47,1.34
Odisha ,Rayagada ,Kolnara,7,Jhoridi,-4.22,13.1,14.11,3.11,0.1,0,17.32,-4.22,0.85
Odisha ,Rayagada ,Kolnara,8,Kailaspur,-3.26,17.87,11.76,9.39,0,0,21.15,-3.28,0.07
Odisha ,Rayagada ,Kolnara,9,Kartikaguda,-5.31,2.79,8.09,0,0,0,8.09,-5.3,0.17
Odisha ,Rayagada ,Kolnara,10,Katikanas,0,13.53,13.62,0,0,0,13.62,-0.09,0.59
Odisha ,Rayagada ,Kolnara,11,Keliguda,0,28.19,21.99,6.2,0,0,28.19,0,0.28
Odisha ,Rayagada ,Kolnara,12,Khedapada,-9.99,11.07,15.79,5.12,0.05,0,20.96,-9.89,0.92
Odisha ,Rayagada ,Kolnara,13,Kolonara,-0.28,35.98,26.19,9.29,0.06,0,35.55,0.44,3.18
Odisha ,Rayagada ,Kolnara,14,Mukundapur,-3.69,21.15,13.48,11.25,0.08,0,24.81,-3.66,1.71
Odisha ,Rayagada ,Kolnara,15,Rekhapadar,-4.35,46.08,31.53,18.57,0.25,0,50.35,-4.28,4.21
Odisha ,Rayagada ,Kolnara,16,Suri,-6.03,52.72,33.26,24.9,0.56,0,58.72,-6,1.99
Odisha ,Rayagada ,Kolnara,17,Therubali,-8.94,8.2,13.88,3.1,0.02,0,17,-8.8,0.14
Odisha ,Rayagada ,Kolnara,,Total,-81.42,319.76,299.32,99.28,1.12,0,399.72,-79.96,17.74
Odisha ,Rayagada ,Kolnara,,Block Level Line Deptt.,-13.46,-13.46,142.03,53.14,0.02,0,195.19,-208.65,7.27
Odisha ,Rayagada ,Kolnara,,Po,-76.59,-36.03,0,NA,NA,20.68,20.68,-56.71,NA
Odisha ,Rayagada ,Kolnara,,Grand Total,-171.47,270.26,441.35,152.42,1.14,20.68,615.59,-345.32,25.01
Odisha ,Rayagada ,Kolnara,1,Agula,-6.14,71.15,54.32,22.64,0.3,0,77.26,-6.11,1.93
Odisha ,Rayagada ,Kolnara,2,Amalabhatta,-1.08,35.4,22.86,13.9,0.14,0,36.91,-1.51,0.3
Odisha ,Rayagada ,Kolnara,3,Ambadala,-12.17,71.26,52.9,29.57,0.9,0,83.36,-12.11,0.79
Odisha ,Rayagada ,Kolnara,4,Bhairabagada,-1.24,21.08,17.05,5.05,0.08,0,22.18,-1.1,0.2
Odisha ,Rayagada ,Muniguda,5,Dimiriguda,-1.31,49.77,36.35,14.39,0.21,0,50.94,-1.17,0.95
Odisha ,Rayagada ,Muniguda,6,Ghamatguda,0,26.5,20.92,9.94,0.11,0,30.97,-4.48,1.25
Odisha ,Rayagada ,Muniguda,7,Ichapur,-7.46,82.91,67.39,22.77,0.2,0,90.36,-7.45,1.87
Odisha ,Rayagada ,Muniguda,8,Jagdalpur,-4.04,53.23,38.32,18.63,0.1,0,57.04,-3.81,0.48
Odisha ,Rayagada ,Muniguda,9,Kumdabali,-4.95,65.1,44.85,24.96,0,0,69.8,-4.7,2.03
Odisha ,Rayagada ,Muniguda,10,Muniguda,-5.48,18.62,14.48,10.37,0.09,0,24.95,-6.33,0.59
Odisha ,Rayagada ,Muniguda,11,Munikhol,-5.07,16.53,19.08,2.42,0.02,0,21.52,-4.99,0.8
Odisha ,Rayagada ,Muniguda,12,Paikaranipinda,-2.37,32.19,27.81,6.26,0,0,34.07,-1.88,1.93
Odisha ,Rayagada ,Muniguda,13,Patraguda,-5.32,38.74,30.76,12.9,0.31,0,43.97,-5.23,0.2
Odisha ,Rayagada ,Muniguda,14,Raghubari,-6.58,75.58,49.96,31.76,0.37,0,82.1,-6.52,0.24
Odisha ,Rayagada ,Muniguda,15,Saradhapur,0.96,81.06,54.44,25.34,0.18,0,79.97,1.09,2.15
Odisha ,Rayagada ,Muniguda,16,Sibapadar,-10.95,33.67,34.75,9.63,0.06,0,44.44,-10.77,0.15
Odisha ,Rayagada ,Muniguda,17,Telengapadar,-1.77,120.01,72.8,54.69,0.67,0,128.16,-8.15,2.19
Odisha ,Rayagada ,Muniguda,,Total,-74.98,892.79,659.04,315.22,3.74,0,978,-85.21,18.04
Odisha ,Rayagada ,Muniguda,,Block Level Line Deptt.,-106.37,-106.37,187.65,90.42,0.57,1.37,280.01,-386.38,3.28
Odisha ,Rayagada ,Muniguda,,Po,129.13,355.1,0,NA,NA,33.56,33.56,321.54,NA
Odisha ,Rayagada ,Muniguda,,Grand Total,-52.23,1141.52,846.69,405.64,4.31,34.93,1291.57,-150.05,21.32
Odisha ,Rayagada ,Muniguda,1,Akhusingi,-0.04,64.01,48.01,14.27,1.87,0,64.15,-0.14,0.58
Odisha ,Rayagada ,Muniguda,2,Derigam,-6.28,30.24,38.23,19.85,1.27,0,59.35,-29.11,1.26
Odisha ,Rayagada ,Muniguda,3,Gudiabandha,-8.09,103.71,48.71,58.41,4.73,0,111.86,-8.14,0.15
Odisha ,Rayagada ,Muniguda,4,Guluguda,-5.2,26.12,12.13,15.83,2.24,0,30.2,-4.07,0.52
Odisha ,Rayagada ,Padmapur,5,Indupur,-8.32,21.15,24.99,5.29,0.68,0,30.97,-9.82,0.56
Odisha ,Rayagada ,Padmapur,6,Jatili,-8.22,62.16,37.51,32.31,0.57,0,70.39,-8.22,2.67
Odisha ,Rayagada ,Padmapur,7,Khamapadar,-11.88,27.35,26.06,12.21,0.97,0,39.24,-11.88,0.23
Odisha ,Rayagada ,Padmapur,8,Khilapadar,-1.41,13.71,12.76,2.32,0.03,0,15.11,-1.41,0.07
Odisha ,Rayagada ,Padmapur,9,Likitipadar,-0.44,78.56,33.21,32.85,3.74,0,69.8,8.76,0.54
Odisha ,Rayagada ,Padmapur,10,Naira,-7.22,41.52,35.87,12.01,0.87,0,48.74,-7.22,1.04
Odisha ,Rayagada ,Padmapur,11,Nuagada,-4.14,122,47.32,59.94,5.64,0,112.91,9.09,0.8
Odisha ,Rayagada ,Padmapur,12,Padamapur,8.66,31.12,7.59,13.42,1.46,0,22.46,8.66,0.04
Odisha ,Rayagada ,Padmapur,13,Tembaguda,0.04,37.37,33.14,4.9,0.31,0,38.35,-0.98,0.74
Odisha ,Rayagada ,Padmapur,,Total,-52.55,659.03,405.52,283.62,24.37,0,713.51,-54.48,9.2
Odisha ,Rayagada ,Padmapur,,Block Level Line Deptt.,-42.87,-42.87,24.22,13.76,0,0.04,38.02,-80.89,0.65
Odisha ,Rayagada ,Padmapur,,Po,-26.43,-9.58,0,NA,NA,12.25,12.25,-21.83,NA
Odisha ,Rayagada ,Padmapur,,Grand Total,-121.85,606.58,429.74,297.38,24.37,12.29,763.78,-157.2,9.85
Odisha ,Rayagada ,Padmapur,1,Bhamini,-0.85,64.96,28.39,38.44,0,0,66.82,-1.87,0.61
Odisha ,Rayagada ,Padmapur,2,Boothing,0.71,31.15,21.43,9.93,0,0,31.36,-0.21,0.15
Odisha ,Rayagada ,Padmapur,3,Gogupadu,-0.56,91.33,33.77,59.51,0,0,93.27,-1.94,2.15
Odisha ,Rayagada ,Padmapur,4,Gosein Gulumunda,-1.84,26.16,21.87,7.2,0,0,29.07,-2.91,0.91
Odisha ,Rayagada ,Ramanaguda,5,Gulumunda,-0.5,90.26,40.5,50.73,0,0,91.23,-0.97,1.98
Odisha ,Rayagada ,Ramanaguda,6,Gulunthi,-1.34,30.03,25.49,6.4,0,0,31.89,-1.86,0.13
Odisha ,Rayagada ,Ramanaguda,7,Kujendri,6.92,37.15,19.06,11.31,0,0,30.37,6.78,1.2
Odisha ,Rayagada ,Ramanaguda,8,Neelamguda,-1.24,60.34,47.61,14.5,0,0,62.12,-1.78,0.56
Odisha ,Rayagada ,Ramanaguda,9,Parikhiti,-11.91,148.95,80.79,81.49,0,0,162.29,-13.34,1.35
Odisha ,Rayagada ,Ramanaguda,10,Penkam,5.53,39.41,29.9,4.38,0,0,34.28,5.13,1.24
Odisha ,Rayagada ,Ramanaguda,11,Sundhidhamini,1.02,80.32,47.49,33.18,0,0,80.68,-0.37,0.08
Odisha ,Rayagada ,Ramanaguda,12,Ukkumba,0.13,19.8,16.95,3.21,0,0,20.16,-0.37,0.75
Odisha ,Rayagada ,Ramanaguda,,Total,-3.93,719.85,413.26,320.29,0,0,733.55,-13.7,11.1
Odisha ,Rayagada ,Ramanaguda,,Block Level Line Deptt.,-3.56,-3.56,52.96,26.84,0,0.49,80.29,-83.85,3.75
Odisha ,Rayagada ,Ramanaguda,,Po,2.26,45.98,0,NA,NA,29.79,29.79,16.19,NA
Odisha ,Rayagada ,Ramanaguda,,Grand Total,-5.22,762.27,466.22,347.13,0,30.28,843.63,-81.36,14.85
Odisha ,Rayagada ,Ramanaguda,1,Bada Alubadi,1.92,24.04,18.31,3.79,0,0,22.1,1.93,0.14
Odisha ,Rayagada ,Ramanaguda,2,Badaerukubadi,1.54,14.2,12.66,0,0,0,12.66,1.54,0.65
Odisha ,Rayagada ,Ramanaguda,3,Bairagihallua,0.33,25.5,23.82,1.35,0,0,25.16,0.34,0.32
Odisha ,Rayagada ,Ramanaguda,4,Baisingi,0.56,18.74,11.49,6.62,0,0,18.1,0.63,0.16
Odisha ,Rayagada ,Rayagada,5,Chandili,13.12,15.71,2.6,0,0,0,2.6,13.12,0.02
Odisha ,Rayagada ,Rayagada,6,Dangalodi,0.31,54.94,36.16,18.39,0,0,54.55,0.39,0.38
Odisha ,Rayagada ,Rayagada,7,Durgapadu,-0.04,40.81,19.81,21.01,0,0,40.82,-0.02,0.35
Odisha ,Rayagada ,Rayagada,8,Gajigam,0.28,23.88,16.11,7.49,0,0,23.6,0.28,0.17
Odisha ,Rayagada ,Rayagada,9,Gumma,-11.75,33.3,16.93,28.02,0,0,44.95,-11.65,0.58
Odisha ,Rayagada ,Rayagada,10,Haluwa,0.81,30.57,12.76,17,0,0,29.76,0.81,0.09
Odisha ,Rayagada ,Rayagada,11,Hatseshkhal,-1.52,8.42,9.93,0,0,0,9.93,-1.51,0.05
Odisha ,Rayagada ,Rayagada,12,Jemadaipentha,5.65,151.58,52.89,92.85,0,0,145.74,5.84,0.94
Odisha ,Rayagada ,Rayagada,13,Kampamaligam,-4.31,3.71,6.26,1.72,0,0,7.98,-4.27,0.1
Odisha ,Rayagada ,Rayagada,14,Karlakana,-0.07,17.62,6.97,10.73,0,0,17.69,-0.07,0.05
Odisha ,Rayagada ,Rayagada,15,Karubai,5.28,23.4,12.08,6.05,0,0,18.12,5.28,0.05
Odisha ,Rayagada ,Rayagada,16,Kereda,-0.67,76.81,43.37,44.44,0,0,87.81,-11,1.07
Odisha ,Rayagada ,Rayagada,17,Kotapeta,-0.3,8.76,9.52,3.96,0,0,13.48,-4.72,0.23
Odisha ,Rayagada ,Rayagada,18,Kulli,-1.83,50.55,32.79,19.56,0,0,52.34,-1.79,0.2
Odisha ,Rayagada ,Rayagada,19,Kumbhikota,0.06,35.45,9.76,25.52,0,0,35.28,0.17,3.44
Odisha ,Rayagada ,Rayagada,20,Kumtalpeta,1.26,31.6,9.39,20.64,0,0,30.03,1.56,0.53
Odisha ,Rayagada ,Rayagada,21,Kutuli,0.23,126.46,45.53,80.72,0,0,126.25,0.21,0.42
Odisha ,Rayagada ,Rayagada,22,Matikona,-4.44,2.58,7.02,0,0,0,7.02,-4.44,0
Odisha ,Rayagada ,Rayagada,23,Mirabali,1.57,18.73,11.96,5.23,0,0,17.18,1.54,0.01
Odisha ,Rayagada ,Rayagada,24,Nakiti,-2.7,169.58,58.67,113.56,0,0,172.24,-2.66,1.09
Odisha ,Rayagada ,Rayagada,25,Penta,0.35,10.24,9.87,0,0,0,9.87,0.36,0.22
Odisha ,Rayagada ,Rayagada,26,Pipalguda,0.3,24.87,13.87,10.7,0,0,24.57,0.3,1.67
Odisha ,Rayagada ,Rayagada,27,Pitamahal,4.69,45.32,31.23,9.3,0,0,40.53,4.79,0.29
Odisha ,Rayagada ,Rayagada,28,Tadama,0.9,50.84,43.31,6.6,0,0,49.91,0.93,0.27
Odisha ,Rayagada ,Rayagada,,Total,11.54,1138.19,585.04,555.24,0,0,1140.28,-2.09,13.48
Odisha ,Rayagada ,Rayagada,,Block Level Line Deptt.,28.99,28.99,504.36,97.51,0,12.53,614.4,-585.41,12.02
Odisha ,Rayagada ,Rayagada,,Po,-37.17,20.43,0,NA,NA,30.03,30.03,-9.6,NA
Odisha ,Rayagada ,Rayagada,,Grand Total,3.36,1187.61,1089.4,652.75,0,42.56,1784.71,-597.1,25.5
Odisha,Sambalpur,Rayagada,1,Babuniktimal,0.4,15.73,8.73,5.8,0.62,0,15.15,0.58,0.23
Odisha,Sambalpur,Rayagada,2,Baunsalaga,0.12,17.99,15.46,2.26,0.11,0,17.83,0.16,0.11
Odisha,Sambalpur,Rayagada,3,Garposh,0.18,16.03,12.01,3.54,0.33,0,15.88,0.15,0.23
Odisha,Sambalpur,Rayagada,4,Govindpur,0.28,11.03,10.2,0.55,0,0,10.75,0.28,0.2
Odisha,Sambalpur,Bamra,5,Jarabaga,0.07,26.34,25.75,0.52,0,0,26.27,0.07,0.21
Odisha,Sambalpur,Bamra,6,Kabribahal,0.57,16.22,14.37,1.19,0.09,0,15.65,0.57,1.22
Odisha,Sambalpur,Bamra,7,Keseibahal,0.29,33.1,27.43,5.15,0.16,0,32.74,0.36,0.44
Odisha,Sambalpur,Bamra,8,Kinabaga,0.29,41.49,23.28,16.6,1.21,0,41.09,0.4,0.84
Odisha,Sambalpur,Bamra,9,Kutarimal,0.18,18.93,18.74,0,0,0,18.73,0.19,0.2
Odisha,Sambalpur,Bamra,10,Lariapali,0.46,18.77,15.79,2.46,0.15,0,18.4,0.37,0.14
Odisha,Sambalpur,Bamra,11,Mahulpali,0.26,15.76,14.53,0.86,0.08,0,15.47,0.29,0.11
Odisha,Sambalpur,Bamra,12,Pindapathar,0.27,25.24,24.9,0,0,0,24.9,0.34,0.27
Odisha,Sambalpur,Bamra,13,Rabaga,0.18,31.7,23.99,6.81,0.88,0,31.67,0.02,2.61
Odisha,Sambalpur,Bamra,14,Rangiatikra,0.17,8.86,8.12,0.56,0,0,8.69,0.17,0.01
Odisha,Sambalpur,Bamra,15,Sagara,0.03,11.87,11.16,0.55,0.07,0,11.79,0.08,0.17
Odisha,Sambalpur,Bamra,16,Turei,0.12,12.19,8.69,3.13,0.24,0,12.07,0.12,0.03
Odisha,Sambalpur,Bamra,17,Uchkapat,0.46,13.13,10.95,1.61,0.07,0,12.64,0.49,0.24
Odisha,Sambalpur,Bamra,,Total,4.33,334.38,274.09,51.61,4.02,0,329.72,4.66,7.24
Odisha,Sambalpur,Bamra,,Block Level Line Deptt.,-0.47,-0.47,130.67,92.07,2.72,1.13,226.59,-227.06,1.19
Odisha,Sambalpur,Bamra,,Po,5.51,125.45,0,NA,NA,17.76,17.76,107.69,NA
Odisha,Sambalpur,Bamra,,Grand Total,9.37,459.36,404.76,143.68,6.74,18.89,574.07,-114.71,8.43
Odisha,Sambalpur,Bamra,1,Basantpur,0.38,21.12,19.92,0.84,0,0,20.76,0.35,0.6
Odisha,Sambalpur,Bamra,2,Bisalkhinda,0.21,53.46,44.8,8.42,0,0,53.22,0.24,0.19
Odisha,Sambalpur,Bamra,3,Kalamati,0.15,31.91,17.9,13.86,0,0,31.77,0.14,0.15
Odisha,Sambalpur,Bamra,4,Kankhinda,0.3,30.49,19.94,10.24,0,0,30.19,0.3,0.28
Odisha,Sambalpur,Dhankauda,5,Kardola,0.49,26.5,19.47,6.12,0,0,25.59,0.91,0.33
Odisha,Sambalpur,Dhankauda,6,Kilasama,0.45,37.76,36.83,0.49,0,0,37.32,0.44,0.39
Odisha,Sambalpur,Dhankauda,7,Kudgunderpur,0.05,9.39,9.33,0.01,0,0,9.34,0.05,0.13
Odisha,Sambalpur,Dhankauda,8,Sason,0.31,23.62,20.55,2.76,0,0,23.31,0.31,0.25
Odisha,Sambalpur,Dhankauda,9,Talab,0.72,64.16,42.28,21.03,0,0,63.31,0.85,0.82
Odisha,Sambalpur,Dhankauda,,Total,3.06,298.4,231.02,63.78,0,0,294.8,3.6,3.15
Odisha,Sambalpur,Dhankauda,,Block Level Line Deptt.,0.15,0.15,40.87,38.51,0,2.05,81.43,-81.28,0.73
Odisha,Sambalpur,Dhankauda,,Po,1.91,17.57,0,NA,NA,13.28,13.28,4.29,NA
Odisha,Sambalpur,Dhankauda,,Grand Total,5.12,316.12,271.89,102.29,0,15.33,389.51,-73.39,3.88
Odisha,Sambalpur,Dhankauda,1,Badarama,-1.24,39.12,35.01,5.55,0,0,40.55,-1.43,0
Odisha,Sambalpur,Dhankauda,2,Badmal,0,20.73,17.84,2.84,0.02,0,20.7,0.03,0.05
Odisha,Sambalpur,Dhankauda,3,Bhojpur,0,22.05,14.99,7,0,0,22,0.06,0
Odisha,Sambalpur,Dhankauda,4,Chakuliabahal,0.04,25.01,21.35,3.43,0,0,24.78,0.23,0.16
Odisha,Sambalpur,Jamankira,5,Dhudipali,0,29.82,27.09,2.74,0,0,29.82,0,0.17
Odisha,Sambalpur,Jamankira,6,Dimirimunda,0,25.18,25.08,0,0,0,25.08,0.1,0.13
Odisha,Sambalpur,Jamankira,7,Fasimal,0.03,29.55,23.55,5.8,0.1,0,29.45,0.1,0.12
Odisha,Sambalpur,Jamankira,8,Gundruchuan,0.05,52.03,44.32,7.35,0,0,51.67,0.36,0.2
Odisha,Sambalpur,Jamankira,9,Jamankira,0.34,20.99,18.06,2.62,0,0,20.68,0.31,0.12
Odisha,Sambalpur,Jamankira,10,Kasada,0.16,18.87,17.56,1.13,0,0,18.69,0.18,0.02
Odisha,Sambalpur,Jamankira,11,Katangpani,0.05,14.31,13.14,1.12,0,0,14.26,0.06,0.06
Odisha,Sambalpur,Jamankira,12,Kenadhipa,0.18,7.85,5.45,1.95,0,0,7.4,0.45,0.01
Odisha,Sambalpur,Jamankira,13,Kharsanmal,1.35,43.44,32.51,9.58,0,0,42.08,1.36,0.31
Odisha,Sambalpur,Jamankira,14,Kulundi,4.14,44.45,32.84,7.19,0,0,40.03,4.42,0.69
Odisha,Sambalpur,Jamankira,15,Mahada,0.01,14.98,12.58,2.21,0,0,14.79,0.19,0.03
Odisha,Sambalpur,Jamankira,16,Mundhenpali,0.33,37.22,35.31,1.51,0,0,36.81,0.41,0.61
Odisha,Sambalpur,Jamankira,17,Sarda,0.02,16.5,13.28,3.23,0,0,16.5,-0.01,0.08
Odisha,Sambalpur,Jamankira,18,Siridi,0.02,10.06,9.02,1.03,0,0,10.05,0.01,0.14
Odisha,Sambalpur,Jamankira,19,Subarnapali,0.05,36.35,33.01,3.27,0,0,36.28,0.07,0.08
Odisha,Sambalpur,Jamankira,20,Tikiba,0.07,21.8,18.48,3.27,0,0,21.74,0.06,0.03
Odisha,Sambalpur,Jamankira,21,Tikilipara,0.02,14.34,13.3,0.99,0,0,14.29,0.05,0.01
Odisha,Sambalpur,Jamankira,,Total,5.62,544.66,463.73,73.81,0.12,0,537.66,7,3.04
Odisha,Sambalpur,Jamankira,,Block Level Line Deptt.,0,0,100.16,151.56,0.46,1.28,253.46,-253.46,0.44
Odisha,Sambalpur,Jamankira,,Po,3.85,123.79,0,NA,NA,27.6,27.6,96.19,NA
Odisha,Sambalpur,Jamankira,,Grand Total,9.47,668.44,563.89,225.37,0.58,28.88,818.72,-150.27,3.48
Odisha,Sambalpur,Jamankira,1,Baham,0,27.12,24.97,2.17,0,0,27.14,-0.01,1.8
Odisha,Sambalpur,Jamankira,2,Birsingharh,2,23.15,18.95,2.2,0,0,21.15,2,0.03
Odisha,Sambalpur,Jamankira,3,Chhamunda,0.37,21.5,19.98,1.14,0,0,21.13,0.37,0
Odisha,Sambalpur,Jamankira,4,Dangarpada,0,39.47,33.38,8.06,0.02,0,41.46,-1.99,0.42
Odisha,Sambalpur,Jujomura,5,Ghenupali,0,40.1,38.83,1.16,0,0,39.99,0.1,0.68
Odisha,Sambalpur,Jujomura,6,Godloisingh,0.52,13.72,13.03,0.17,0,0,13.2,0.52,0.59
Odisha,Sambalpur,Jujomura,7,Jayantpur,0,13.97,13.97,0,0,0,13.97,0,0.45
Odisha,Sambalpur,Jujomura,8,Jhankarpali,0,21.41,16.81,4.6,0,0,21.41,0,1.48
Odisha,Sambalpur,Jujomura,9,Jujumura,0.53,9.79,8.57,0.69,0,0,9.26,0.53,0.19
Odisha,Sambalpur,Jujomura,10,Kabrapali,0.15,18.71,17.43,1.13,0,0,18.56,0.15,0.5
Odisha,Sambalpur,Jujomura,11,Kansar,0,34.81,29,5.33,0.42,0,34.75,0.06,0.24
Odisha,Sambalpur,Jujomura,12,Kayakud,0.25,39.25,26.16,12.42,0.32,0,38.89,0.35,0.02
Odisha,Sambalpur,Jujomura,13,Kesapali,0.08,23.33,11.32,11.77,0,0,23.09,0.24,0.04
Odisha,Sambalpur,Jujomura,14,Kukudapali,0.46,25.11,24.67,0,0,0,24.67,0.43,0.27
Odisha,Sambalpur,Jujomura,15,Lipinda,0.07,11.51,10.59,0.84,0,0,11.44,0.07,0.02
Odisha,Sambalpur,Jujomura,16,Meghapal,0.54,37.11,28.4,7.89,0.09,0,36.38,0.73,0.53
Odisha,Sambalpur,Jujomura,17,Nuabarangamal,0.37,52.14,38.34,13.43,0,0,51.77,0.37,0
Odisha,Sambalpur,Jujomura,18,Tampergarh,0,30.44,25.72,4.71,0,0,30.43,0.01,0.07
Odisha,Sambalpur,Jujomura,,Total,5.34,482.63,400.12,77.72,0.84,0,478.68,3.95,7.33
Odisha,Sambalpur,Jujomura,,Block Level Line Deptt.,0,0,63.36,31.89,0,0.85,96.09,-96.09,1.13
Odisha,Sambalpur,Jujomura,,Po,4.58,69.94,0,NA,NA,32.67,32.67,37.27,NA
Odisha,Sambalpur,Jujomura,,Grand Total,9.92,552.57,463.48,109.61,0.84,33.52,607.44,-54.87,8.46
Odisha,Sambalpur,Jujomura,1,Ardabahal,0.13,18.22,14.29,3.57,0.18,0,18.05,0.17,0.08
Odisha,Sambalpur,Jujomura,2,Bankey,0.18,36.11,29.42,6.34,0.17,0,35.93,0.18,0.23
Odisha,Sambalpur,Jujomura,3,Bauriguda,0.76,24.3,23.55,0,0,0,23.55,0.76,0.12
Odisha,Sambalpur,Jujomura,4,Boxama,0.27,32.39,24.54,7.03,0.54,0,32.12,0.27,0.12
Odisha,Sambalpur,Kuchinda,5,Chandnimal,0.14,8.01,7.1,0.73,0,0,7.83,0.18,0.06
Odisha,Sambalpur,Kuchinda,6,Gochhara,0.28,41.6,38.44,2.86,0,0,41.3,0.29,0.19
Odisha,Sambalpur,Kuchinda,7,Hadipali,0.69,21.29,18.88,1.59,0,0,20.47,0.82,0
Odisha,Sambalpur,Kuchinda,8,Jamankira,0.94,29.89,26.12,2.76,0.07,0,28.95,0.94,0.06
Odisha,Sambalpur,Kuchinda,9,Khandokata,0.57,25.83,15.97,7.99,0.45,0,24.41,1.41,0.03
Odisha,Sambalpur,Kuchinda,10,Kudapara,0.52,18.95,18.06,0.32,0,0,18.38,0.57,0
Odisha,Sambalpur,Kuchinda,11,Kuntura,0.52,29.81,27.76,1.48,0,0,29.24,0.56,0.62
Odisha,Sambalpur,Kuchinda,12,Kusumi,0.63,30.36,25.89,3.84,0,0,29.73,0.63,0.06
Odisha,Sambalpur,Kuchinda,13,Kuturachua,0.53,37.29,24.28,12.36,0.1,0,36.74,0.55,0.16
Odisha,Sambalpur,Kuchinda,14,Paruabhadi,0.45,38.81,36.28,1.98,0.08,0,38.34,0.46,0.32
Odisha,Sambalpur,Kuchinda,15,Salebhadi,0.09,48.33,33.52,13.63,1.09,0,48.24,0.09,0.11
Odisha,Sambalpur,Kuchinda,16,Tainsar,0.21,10.25,9.06,0.97,0,0,10.04,0.21,0.03
Odisha,Sambalpur,Kuchinda,17,Teltileimal,0.28,45.8,40.13,4.67,0.26,0,45.06,0.73,0.7
Odisha,Sambalpur,Kuchinda,,Total,7.19,497.21,413.31,72.13,2.93,0,488.38,8.83,2.88
Odisha,Sambalpur,Kuchinda,,Block Level Line Deptt.,0,0,32.42,49.3,0.33,1.55,83.6,-83.6,2.46
Odisha,Sambalpur,Kuchinda,,Po,5.55,28.98,0,NA,NA,12.3,12.3,16.68,NA
Odisha,Sambalpur,Kuchinda,,Grand Total,12.74,526.18,445.73,121.43,3.26,13.85,584.28,-58.09,5.34
Odisha,Sambalpur,Kuchinda,1,Baduapali,0.24,19.6,17.05,2.23,0,0,19.28,0.33,0.17
Odisha,Sambalpur,Kuchinda,2,Bargaon,0.26,14.22,13.66,0.3,0,0,13.96,0.26,0.25
Odisha,Sambalpur,Kuchinda,3,Batemura,0.46,31.91,28.43,2.98,0,0,31.41,0.5,0.03
Odisha,Sambalpur,Kuchinda,4,Bhikampur,0,13.24,10.35,2.89,0,0,13.24,0,0.05
Odisha,Sambalpur,Maneswar,5,Dakara,0.22,41.24,33.53,7.49,0,0,41.02,0.22,0.61
Odisha,Sambalpur,Maneswar,6,Deogaon,0.46,13.77,11.8,1.51,0,0,13.31,0.46,0.05
Odisha,Sambalpur,Maneswar,7,Dhama,0.33,15.77,10.68,4.72,0,0,15.4,0.37,0
Odisha,Sambalpur,Maneswar,8,Huma,0.06,16.6,15,1.51,0,0,16.51,0.09,0.26
Odisha,Sambalpur,Maneswar,9,Nuadihura,0.32,12.91,12.59,0,0,0,12.59,0.32,0
Odisha,Sambalpur,Maneswar,10,Parmanpur,0.13,31.74,31.3,0.27,0,0,31.57,0.17,0.31
Odisha,Sambalpur,Maneswar,11,Sahaspur,0.14,13.5,12.61,0.75,0,0,13.36,0.14,0.11
Odisha,Sambalpur,Maneswar,12,Tabala,0.87,34.14,31.44,1.46,0,0,32.9,1.24,0.99
Odisha,Sambalpur,Maneswar,,Total,3.49,258.66,228.44,26.12,0,0,254.56,4.1,2.82
Odisha,Sambalpur,Maneswar,,Block Level Line Deptt.,0,0,92.02,24.7,0,1.35,118.07,-118.07,12.83
Odisha,Sambalpur,Maneswar,,Po,1.62,22.57,0,NA,NA,16.97,16.97,5.6,NA
Odisha,Sambalpur,Maneswar,,Grand Total,5.11,281.23,320.46,50.82,0,18.32,389.6,-108.37,15.65
Odisha,Sambalpur,Maneswar,1,Ballam,0.29,26.68,14.01,11.41,0.98,0,26.4,0.28,0.28
Odisha,Sambalpur,Maneswar,2,Batagaon,0.37,20.34,17.68,2.17,0,0,19.85,0.49,0.09
Odisha,Sambalpur,Maneswar,3,Daincha,5.31,24.87,14.88,5.04,0.06,0,19.98,4.89,0.64
Odisha,Sambalpur,Maneswar,4,Ghosarmal,0.97,38.68,20.93,16.66,0,0,37.59,1.09,1
Odisha,Sambalpur,Naktideul,5,Girishchandrapur,0.63,18.18,11.77,4.93,0.39,0,17.1,1.09,1.21
Odisha,Sambalpur,Naktideul,6,Gogua,0,7.14,6.04,1.1,0,0,7.14,0,0.06
Odisha,Sambalpur,Naktideul,7,Jamjori,0.07,21.75,18.35,3.2,0.13,0,21.69,0.06,0.4
Odisha,Sambalpur,Naktideul,8,Kisinda,1.01,40.09,23.1,15.03,0.7,0,38.82,1.27,1.19
Odisha,Sambalpur,Naktideul,9,Naktideul,0.22,7.33,5.54,1.53,0,0,7.08,0.26,0.07
Odisha,Sambalpur,Naktideul,10,Panimura,0.24,39.13,22.23,14.89,1.76,0,38.88,0.25,0.92
Odisha,Sambalpur,Naktideul,11,Sahebi,0.21,10.9,7.97,2.53,0.08,0,10.58,0.32,0.35
Odisha,Sambalpur,Naktideul,12,Salebhata,0.34,14.28,11.26,2.52,0.15,0,13.94,0.34,0.31
Odisha,Sambalpur,Naktideul,13,Sarapli,0.19,19.98,15.65,4.12,0.02,0,19.79,0.19,0.06
Odisha,Sambalpur,Naktideul,14,Similipal,0.35,23.92,14.25,8.85,0.48,0,23.59,0.33,0.1
Odisha,Sambalpur,Naktideul,,Total,10.2,313.28,203.68,93.99,4.76,0,302.43,10.85,6.69
Odisha,Sambalpur,Naktideul,,Block Level Line Deptt.,-0.15,-0.15,51.41,27.61,0.05,0.84,79.92,-80.07,1.01
Odisha,Sambalpur,Naktideul,,Po,7.99,33.71,0,NA,NA,18.27,18.27,15.44,NA
Odisha,Sambalpur,Naktideul,,Grand Total,18.04,346.84,255.09,121.6,4.81,19.11,400.62,-53.78,7.7
Odisha,Sambalpur,Naktideul,1,Badbahal,0,15.23,9.7,5.5,0,0,15.2,0.03,0.29
Odisha,Sambalpur,Naktideul,2,Badmal,0,9.8,5.41,4.37,0.02,0,9.8,0,0.43
Odisha,Sambalpur,Naktideul,3,Banshajal,0,31.8,18.05,14.93,0.02,0,33.01,-1.21,0.53
Odisha,Sambalpur,Naktideul,4,Bhaliakata,0.59,17.92,12.69,4.63,0.03,0,17.35,0.57,0.6
Odisha,Sambalpur,Rairakhol,5,Bharatpur,0,35.72,23.73,11.97,0,0,35.7,0.02,0.62
Odisha,Sambalpur,Rairakhol,6,Burda,0.33,9.94,3.51,6.04,0.06,0,9.61,0.33,0.14
Odisha,Sambalpur,Rairakhol,7,Charmal,0,14.5,9.98,4.48,0,0,14.46,0.04,0.15
Odisha,Sambalpur,Rairakhol,8,Gadgadbahal,0.08,31.37,16.23,15,0.06,0,31.29,0.08,0.47
Odisha,Sambalpur,Rairakhol,9,Kadaligarh,0,47.8,29.94,18.04,0,0,47.98,-0.18,0.31
Odisha,Sambalpur,Rairakhol,10,Kukudabahali,0.08,22.76,15.5,7.18,0,0,22.68,0.08,1.73
Odisha,Sambalpur,Rairakhol,11,Luhapank,0.15,36.35,25.04,11.16,0,0,36.2,0.15,0.66
Odisha,Sambalpur,Rairakhol,12,Mochibahal,0,17.42,6.72,10.69,0,0,17.41,0,0.1
Odisha,Sambalpur,Rairakhol,13,Rengali,0,37.48,22.61,14.89,0,0,37.51,-0.03,0.33
Odisha,Sambalpur,Rairakhol,14,Tribanpur,-0.02,40.02,27.4,12.64,0,0,40.04,-0.02,0.31
Odisha,Sambalpur,Rairakhol,,Total,1.22,368.1,226.52,141.51,0.19,0,368.22,-0.12,6.65
Odisha,Sambalpur,Rairakhol,,Block Level Line Deptt.,-0.05,-0.05,77.56,27.49,0,11.63,116.68,-116.73,1.15
Odisha,Sambalpur,Rairakhol,,Po,3.15,35.1,0,NA,NA,25.73,25.73,9.37,NA
Odisha,Sambalpur,Rairakhol,,Grand Total,4.32,403.15,304.08,169,0.19,37.36,510.63,-107.48,7.8
Odisha,Sambalpur,Rairakhol,1,Bomaloi,0,12.81,11.61,1.01,0,0,12.63,0.18,0.08
Odisha,Sambalpur,Rairakhol,2,Ghichamura,0,30.48,30.91,1.27,0,0,32.18,-1.71,0.63
Odisha,Sambalpur,Rairakhol,3,Jangla,0,19.61,17.36,2.25,0,0,19.61,0,0.74
Odisha,Sambalpur,Rairakhol,4,Jhankarpali,0,41.35,40.83,1,0,0,41.83,-0.49,0.13
Odisha,Sambalpur,Rengali,5,Katarbaga,0,36.84,36.84,0,0,0,36.84,0,1.19
Odisha,Sambalpur,Rengali,6,Khinda,0,0.92,1.08,0,0,0,1.08,-0.16,0
Odisha,Sambalpur,Rengali,7,Kinaloi,0.06,16.12,15.17,0.77,0,0,15.94,0.18,0.41
Odisha,Sambalpur,Rengali,8,Laida,0,44.59,30.48,14,0,0,44.48,0.11,0.89
Odisha,Sambalpur,Rengali,9,Lapanga,0.06,10.09,8.49,1.55,0,0,10.03,0.06,2.53
Odisha,Sambalpur,Rengali,10,Nishanbhanga,0.25,9.23,6.17,2.81,0,0,8.98,0.25,0.27
Odisha,Sambalpur,Rengali,11,Rengali,0.91,10.66,8.45,1.3,0,0,9.75,0.91,0.06
Odisha,Sambalpur,Rengali,12,Rengloi,0.07,6.13,5.07,0.99,0,0,6.06,0.07,0.46
Odisha,Sambalpur,Rengali,13,Salad,0.89,20.02,16.67,2.46,0,0,19.13,0.89,0.26
Odisha,Sambalpur,Rengali,14,Tabadabahal,0.34,12.58,10.57,1.64,0.04,0,12.25,0.33,1.02
Odisha,Sambalpur,Rengali,15,Tamperkela,0,25.75,25.23,3.34,0,0,28.56,-2.82,0.49
Odisha,Sambalpur,Rengali,16,Thelkoloi,0,1.08,2.01,3.01,0,0,5.02,-3.94,0
Odisha,Sambalpur,Rengali,,Total,2.58,298.27,266.94,37.41,0.04,0,304.4,-6.13,9.15
Odisha,Sambalpur,Rengali,,Block Level Line Deptt.,0,0,63.72,46.87,0,1.35,111.94,-111.94,1.91
Odisha,Sambalpur,Rengali,,Po,7.13,37.16,0,NA,NA,16.45,16.45,20.71,NA
Odisha,Sambalpur,Rengali,,Grand Total,9.71,335.43,330.66,84.28,0.04,17.8,432.79,-97.36,11.06
Odisha,Sonepur,Rengali,1,Babupali,0,0.21,0.54,0,0,0,0.54,-0.33,0
Odisha,Sonepur,Rengali,2,Bankighirdi,0,0.01,0.37,0,0,0,0.37,-0.36,0
Odisha,Sonepur,Rengali,3,Baunsuni,0,0.07,0.37,0,0,0,0.37,-0.3,0
Odisha,Sonepur,Rengali,4,Bhandar,0,1.62,1.4,0,0,0,1.4,0.22,0
Odisha,Sonepur,Binka,5,Charda,0,0.08,0.35,0,0,0,0.35,-0.27,0
Odisha,Sonepur,Binka,6,Jullunda,0,0.01,0.11,0,0,0,0.11,-0.1,0
Odisha,Sonepur,Binka,7,Kaintara,0,0.01,0.35,0,0,0,0.35,-0.35,0
Odisha,Sonepur,Binka,8,Kuhibahal,0,0,0.36,0,0,0,0.36,-0.36,0
Odisha,Sonepur,Binka,9,Mahada,0,0,0.36,0,0,0,0.36,-0.35,0
Odisha,Sonepur,Binka,10,Mahadevpali,0,0.06,0.18,0,0,0,0.18,-0.12,0
Odisha,Sonepur,Binka,11,Meghala,0,0.98,1.12,0.05,0,0,1.17,-0.19,0
Odisha,Sonepur,Binka,12,Saledi,0,0,0.31,0,0,0,0.31,-0.31,0
Odisha,Sonepur,Binka,13,Sankara,0,0.16,0.18,0,0,0,0.18,-0.02,0
Odisha,Sonepur,Binka,14,Silati,0,4.64,1.2,0.93,0,0,2.13,2.5,0
Odisha,Sonepur,Binka,15,Sindurpur,0,0.69,0.15,0.54,0,0,0.69,0,0
Odisha,Sonepur,Binka,16,Singhijuba,0,6.69,5.81,0.87,0,0,6.68,0.01,0.9
Odisha,Sonepur,Binka,,Total,0,15.22,13.14,2.39,0,0,15.54,-0.31,0.9
Odisha,Sonepur,Binka,,Block Level Line Deptt.,0,0,452.01,190.7,0,0.24,642.95,-642.95,6.9
Odisha,Sonepur,Binka,,Po,8.61,404.09,0,NA,NA,13.67,13.67,390.42,NA
Odisha,Sonepur,Binka,,Grand Total,8.61,419.31,465.15,193.09,0,13.91,672.16,-252.84,7.8
Odisha,Sonepur,Binka,1,Bagbar,0,6.16,4.12,2.15,0,0,6.28,-0.12,1.6
Odisha,Sonepur,Binka,2,Bahalpadar,0,8.63,7.31,1.32,0,0,8.63,0,0.07
Odisha,Sonepur,Binka,3,Champamal,0,0,0.06,0,0,0,0.06,-0.06,0
Odisha,Sonepur,Binka,4,Durjantaila,0,0,0.02,0,0,0,0.02,-0.02,0
Odisha,Sonepur,Biramaharajpur,5,Hilung,0,2.75,1.61,1.14,0,0,2.76,-0.01,0.02
Odisha,Sonepur,Biramaharajpur,6,Jatesingha,0,0,0.18,0,0,0,0.18,-0.18,0
Odisha,Sonepur,Biramaharajpur,7,Kamira,0,1.78,1.87,0,0,0,1.87,-0.09,0.07
Odisha,Sonepur,Biramaharajpur,8,Kanjhariapali,0,0,0.16,0,0,0,0.16,-0.16,0
Odisha,Sonepur,Biramaharajpur,9,Khandahata,0,0.24,0.24,0,0,0,0.24,0,0.01
Odisha,Sonepur,Biramaharajpur,10,Luturpank,0,0,0.18,0,0,0,0.18,-0.18,0
Odisha,Sonepur,Biramaharajpur,11,Mursundhi,0,0,0.89,0,0,0,0.89,-0.89,0
Odisha,Sonepur,Biramaharajpur,12,Pitamahul,0,1.73,0.93,0.98,0,0,1.91,-0.18,0.01
Odisha,Sonepur,Biramaharajpur,13,Sangrampur,0,0,0.15,0,0,0,0.15,-0.15,0
Odisha,Sonepur,Biramaharajpur,14,Subalaya,0,0.89,0.89,0,0,0,0.89,0,0
Odisha,Sonepur,Biramaharajpur,15,Ufula,0,0,1.05,0,0,0,1.05,-1.05,0.01
Odisha,Sonepur,Biramaharajpur,,Total,0,22.18,19.66,5.59,0,0,25.25,-3.08,1.8
Odisha,Sonepur,Biramaharajpur,,Block Level Line Deptt.,9.48,9.48,525.13,108.62,0.07,1.7,635.51,-626.03,80.74
Odisha,Sonepur,Biramaharajpur,,Po,12.08,515.86,0,NA,NA,12.29,12.29,503.57,NA
Odisha,Sonepur,Biramaharajpur,,Grand Total,21.56,547.52,544.79,114.21,0.07,13.99,673.05,-125.54,82.54
Odisha,Sonepur,Biramaharajpur,1,Andharibanji,0,0.7,1.14,0,0,0,1.14,-0.44,0.06
Odisha,Sonepur,Biramaharajpur,2,Badkarley,0,0,1.29,0,0,0,1.29,-1.29,0
Odisha,Sonepur,Biramaharajpur,3,Baidupali,0,0,0.41,0,0,0,0.41,-0.41,0.14
Odisha,Sonepur,Biramaharajpur,4,Bandhapali,0,0,0.12,0,0,0,0.12,-0.12,0
Odisha,Sonepur,Dunguripali,5,Bankipali,0,0,0.44,0,0,0,0.44,-0.44,0
Odisha,Sonepur,Dunguripali,6,Beheramal,0,0.02,0.48,0,0,0,0.48,-0.46,0
Odisha,Sonepur,Dunguripali,7,Bhimtikra,0,0,1.58,0,0,0,1.58,-1.58,0.02
Odisha,Sonepur,Dunguripali,8,Cherupali,0,0,1.71,0,0,0,1.71,-1.71,0
Odisha,Sonepur,Dunguripali,9,Chinajuri,0,0,0.31,0,0,0,0.31,-0.31,0
Odisha,Sonepur,Dunguripali,10,Digsira,0,0.01,0.14,0,0,0,0.14,-0.13,0
Odisha,Sonepur,Dunguripali,11,Dungripali,0,0,0.24,0,0,0,0.24,-0.24,0
Odisha,Sonepur,Dunguripali,12,Gajbandh,0,0,0.05,0,0,0,0.05,-0.05,0
Odisha,Sonepur,Dunguripali,13,Ichhapur,0,0.35,0.41,0,0,0,0.41,-0.06,0
Odisha,Sonepur,Dunguripali,14,Kapasira,0,0,0,0.1,0,0,0.1,-0.1,0
Odisha,Sonepur,Dunguripali,15,Karlajuri,0,0.01,1.28,0,0,0,1.28,-1.27,0.03
Odisha,Sonepur,Dunguripali,16,Lingmarni,0,0.07,0.39,1.42,0.18,0,1.99,-1.92,0
Odisha,Sonepur,Dunguripali,17,Mayabarha,0,0,0.22,0,0,0,0.22,-0.22,0
Odisha,Sonepur,Dunguripali,18,Pandakital- Naikenpali,0,0,0.1,0,0,0,0.1,-0.1,0
Odisha,Sonepur,Dunguripali,19,Rampur,0,0,0.23,0,0,0,0.23,-0.23,0
Odisha,Sonepur,Dunguripali,20,Sahala,0,0,0.95,0,0,0,0.95,-0.95,0
Odisha,Sonepur,Dunguripali,21,Samaleichuan,0,13.03,8.43,4.87,0.27,0,13.57,-0.55,0.03
Odisha,Sonepur,Dunguripali,22,Sargul,0,1.11,1.46,0.31,0,0,1.78,-0.66,0.04
Odisha,Sonepur,Dunguripali,23,Sukha,0,1.64,2.37,0,0,0,2.37,-0.73,0.03
Odisha,Sonepur,Dunguripali,24,Sunapali,0,0,0.5,0,0,0,0.5,-0.5,0
Odisha,Sonepur,Dunguripali,25,Tamamura,0,0,0.8,0,0,0,0.8,-0.8,0
Odisha,Sonepur,Dunguripali,26,Tangerkarley,0,1.33,1.77,0,0,0,1.77,-0.44,0
Odisha,Sonepur,Dunguripali,,Total,0,18.27,26.81,6.7,0.45,0,33.96,-15.7,0.35
Odisha,Sonepur,Dunguripali,,Block Level Line Deptt.,0,0,604.96,89.88,1.45,0.21,696.5,-696.5,16.17
Odisha,Sonepur,Dunguripali,,Po,3.94,653.84,0,NA,NA,21.31,21.31,632.53,NA
Odisha,Sonepur,Dunguripali,,Grand Total,3.94,672.11,631.77,96.58,1.9,21.52,751.77,-79.67,16.52
Odisha,Sonepur,Dunguripali,1,Baladi,0,4.47,0.1,0,0,0,0.1,4.37,0
Odisha,Sonepur,Dunguripali,2,Bishimunda,0,2.84,1.66,0.39,0,0,2.05,0.79,0.8
Odisha,Sonepur,Dunguripali,3,Chhakormal,0,7.74,1.08,0.06,0,0,1.14,6.6,0.25
Odisha,Sonepur,Dunguripali,4,Hardakhol,0,6.32,1.03,1.41,0,0,2.43,3.88,0.02
Odisha,Sonepur,Sonepur,5,Janmura,0,7.6,2.21,4.99,0.4,0,7.6,0,0.02
Odisha,Sonepur,Sonepur,6,Kalapathar,0,9.18,2.25,1.3,0,0,3.55,5.63,0.02
Odisha,Sonepur,Sonepur,7,Khaliapali,0,7.63,1.01,0.69,0,0,1.7,5.93,0.01
Odisha,Sonepur,Sonepur,8,Khari,0,5.78,0.17,0,0,0,0.17,5.61,0
Odisha,Sonepur,Sonepur,9,Kharjhura,0,2.02,0.13,1.9,0,0,2.02,0,0
Odisha,Sonepur,Sonepur,10,Lachhipur,0,10.41,0.5,0.21,0,0,0.71,9.7,0.02
Odisha,Sonepur,Sonepur,11,Mallikmunda,0,12.55,3.59,1.81,0,0,5.4,7.14,0.06
Odisha,Sonepur,Sonepur,12,Mayurudan,0,10.02,1.9,0.44,0,0,2.33,7.69,0
Odisha,Sonepur,Sonepur,13,Narayanpur,0,2.98,2.73,0.25,0,0,2.98,0,0.01
Odisha,Sonepur,Sonepur,14,Rengali,0,5.11,0.18,0,0,0,0.18,4.92,0
Odisha,Sonepur,Sonepur,,Total,0,94.64,18.54,13.44,0.4,0,32.38,62.26,1.21
Odisha,Sonepur,Sonepur,,Block Level Line Deptt.,-0.21,-0.21,482.58,192.59,1.33,11.5,688.01,-688.22,15.93
Odisha,Sonepur,Sonepur,,Po,6.27,393.11,0,NA,NA,15.83,15.83,377.28,NA
Odisha,Sonepur,Sonepur,,Grand Total,6.06,487.54,501.12,206.03,1.73,27.33,736.22,-248.68,17.14
Odisha,Sonepur,Sonepur,1,Badvainro,0,17.22,17.35,0,0,0,17.35,-0.13,0.24
Odisha,Sonepur,Sonepur,2,Baghia,0,1.36,1.36,0,0,0,1.36,0,0.03
Odisha,Sonepur,Sonepur,3,Balikhamar,0,3.13,4.07,0,0,0,4.07,-0.94,0.07
Odisha,Sonepur,Sonepur,4,Brahmani,0,16.41,16.41,0,0,0,16.41,0,0.92
Odisha,Sonepur,Tarbha,5,Charbhata,0,20.38,20.38,0,0,0,20.38,0,1.64
Odisha,Sonepur,Tarbha,6,Deulpadar,0,1.14,1.21,0,0,0,1.21,-0.07,0.01
Odisha,Sonepur,Tarbha,7,Dubula,0,11.82,10.77,1.05,0,0,11.82,0,0.27
Odisha,Sonepur,Tarbha,8,Jarajaring,0,6.03,6.13,0,0,0,6.13,-0.1,0.2
Odisha,Sonepur,Tarbha,9,Jhartarbha,0,29.5,29.45,0,0,0,29.45,0.06,0.29
Odisha,Sonepur,Tarbha,10,Kamsara,0,15.75,15.75,0,0,0,15.75,-0.01,0.13
Odisha,Sonepur,Tarbha,11,Katapali,0,14.93,14.6,1.69,0,0,16.29,-1.36,0.53
Odisha,Sonepur,Tarbha,12,Kumbharmunda,0,22.08,21.93,0.15,0,0,22.08,0,1.09
Odisha,Sonepur,Tarbha,13,Maraduguchha,0,26.48,26.41,0,0,0,26.41,0.07,5.4
Odisha,Sonepur,Tarbha,14,Menda,0,12.89,13.07,0,0,0,13.07,-0.18,0.42
Odisha,Sonepur,Tarbha,15,Paikbahal,0,0.91,1.09,0,0,0,1.09,-0.18,0.03
Odisha,Sonepur,Tarbha,16,Pua,0,18.69,18.86,0,0,0,18.86,-0.17,0.67
Odisha,Sonepur,Tarbha,17,Ranisarda,0,0,0.17,0,0,0,0.17,-0.17,0
Odisha,Sonepur,Tarbha,18,Sargaj,0,26.69,26.05,0.65,0,0,26.69,0,1.03
Odisha,Sonepur,Tarbha,19,Sibtula,0,26.49,28.06,0,0,0,28.06,-1.57,1.49
Odisha,Sonepur,Tarbha,20,Singhari,0,13.98,13.88,0,0,0,13.88,0.1,0.67
Odisha,Sonepur,Tarbha,21,Tulunda,0,14.35,14.55,0,0,0,14.55,-0.2,0.33
Odisha,Sonepur,Tarbha,,Total,0,300.21,301.52,3.53,0,0,305.06,-4.85,15.46
Odisha,Sonepur,Tarbha,,Block Level Line Deptt.,0,0,272.09,200.21,0,1.07,473.38,-473.38,25.54
Odisha,Sonepur,Tarbha,,Po,-2.13,263.88,0,NA,NA,23.16,23.16,240.72,NA
Odisha,Sonepur,Tarbha,,Grand Total,-2.13,564.09,573.61,203.74,0,24.23,801.6,-237.51,41
Odisha,Sonepur,Tarbha,1,Bishipada,0,0.29,0.49,0,0,0,0.49,-0.2,0
Odisha,Sonepur,Tarbha,2,Chadeipank,0,3.38,2.4,0,0,0,2.4,0.98,0.01
Odisha,Sonepur,Tarbha,3,Jaloe,0,6.89,4.36,0,0,0,4.36,2.52,0.07
Odisha,Sonepur,Tarbha,4,Jaunrabhaunra,0,10.13,4.92,0.05,0,0,4.97,5.16,0.03
Odisha,Sonepur,Ullunda,5,Kadodar,0,15.77,6.41,3.74,0,0,10.15,5.62,0.05
Odisha,Sonepur,Ullunda,6,Kalapathar,0,5.84,4.84,0,0,0,4.84,1.01,0.08
Odisha,Sonepur,Ullunda,7,Kotsamalei,0,4.78,2.83,1.98,0,0,4.8,-0.03,0.02
Odisha,Sonepur,Ullunda,8,Kshemaloe,0,0.72,0.34,0,0,0,0.34,0.38,0
Odisha,Sonepur,Ullunda,9,Lastala,0,1.52,1.96,0,0,0,1.96,-0.44,0
Odisha,Sonepur,Ullunda,10,Mahada,0,13.57,3.53,0,0,0,3.53,10.04,0.03
Odisha,Sonepur,Ullunda,11,Mundoghat,0,6.9,3.13,0,0,0,3.13,3.77,0.18
Odisha,Sonepur,Ullunda,12,Nimna,0,2.06,2.06,0,0,0,2.06,0,0.01
Odisha,Sonepur,Ullunda,13,Panchamahala,0,1.02,1.23,0,0,0,1.23,-0.21,0.02
Odisha,Sonepur,Ullunda,14,Raxa,0,2.26,0.27,0,0,0,0.27,1.99,0
Odisha,Sonepur,Ullunda,15,S.Patrapali,0,3.34,1.48,0,0,0,1.48,1.86,0.09
Odisha,Sonepur,Ullunda,16,Sindhol,0,7.09,1.79,3.18,0,0,4.97,2.12,0.01
Odisha,Sonepur,Ullunda,17,Ullunda,0,5.11,3.93,1.57,0,0,5.5,-0.39,0.04
Odisha,Sonepur,Ullunda,,Total,0,90.66,45.96,10.52,0,0,56.48,34.18,0.65
Odisha,Sonepur,Ullunda,,Block Level Line Deptt.,-0.64,-0.64,498.69,140.45,0,2.06,641.2,-641.84,42.47
Odisha,Sonepur,Ullunda,,Po,3.74,427.52,0,NA,NA,16.19,16.19,411.33,NA
Odisha,Sonepur,Ullunda,,Grand Total,3.1,517.54,544.65,150.97,0,18.25,713.87,-196.33,43.12
Odisha,Sundargarh  ,Ullunda,1,Balisankara,0,45.29,37.89,16.09,0,0,53.97,-8.68,0.42
Odisha,Sundargarh  ,Ullunda,2,Bandega,0,67.01,60.11,6.87,0,0,66.98,0.03,0.42
Odisha,Sundargarh  ,Ullunda,3,Bandhabahal,0,70.91,53.44,17.45,0,0,70.89,0.02,0.23
Odisha,Sundargarh  ,Ullunda,4,Beheradihi,0,44.74,39.5,8.46,0,0,47.96,-3.22,0.48
Odisha,Sundargarh  ,Balisankara,5,Bhandar Karua Bahal,0,32.57,31.39,1.19,0,0,32.59,-0.01,0.85
Odisha,Sundargarh  ,Balisankara,6,Birkaldihi,0,68.89,52.59,16.29,0,0,68.88,0.01,3.84
Odisha,Sundargarh  ,Balisankara,7,Deobhubanpur,0,63.39,53.7,9.7,0,0,63.39,0,3.8
Odisha,Sundargarh  ,Balisankara,8,Dhubendand,-0.38,22.96,22.03,4.86,0,0,26.89,-3.93,0.18
Odisha,Sundargarh  ,Balisankara,9,Kinjirkela,0,57.79,45.86,12.06,0,0,57.92,-0.13,0.49
Odisha,Sundargarh  ,Balisankara,10,Kurei,0,81.23,46.66,36.55,0,0,83.21,-1.98,0.73
Odisha,Sundargarh  ,Balisankara,11,Kusummura,0,60.87,50.58,10.34,0,0,60.91,-0.05,0.54
Odisha,Sundargarh  ,Balisankara,12,Lulukidihi,0,32.68,28.51,4.16,0,0,32.68,0,0.26
Odisha,Sundargarh  ,Balisankara,13,Rampur,0,38.46,32.66,7.45,0,0,40.11,-1.65,0.57
Odisha,Sundargarh  ,Balisankara,14,Sagbahal,0,57.97,49.21,9.01,0,0,58.22,-0.25,0.57
Odisha,Sundargarh  ,Balisankara,15,Saunamara,0,30.92,18.15,12.74,0,0,30.89,0.03,0.17
Odisha,Sundargarh  ,Balisankara,16,Talsara,0,46.48,42.97,20.27,0,0,63.24,-16.76,0.64
Odisha,Sundargarh  ,Balisankara,17,Tilaikani,0,39.21,38.91,1.99,0,0,40.9,-1.69,0.49
Odisha,Sundargarh  ,Balisankara,18,Tildega,0,45.82,34.66,11.16,0,0,45.81,0.01,0.5
Odisha,Sundargarh  ,Balisankara,19,Tumlia,0,65.76,53.93,14.85,0,0,68.78,-3.02,0.74
Odisha,Sundargarh  ,Balisankara,,Total,-0.38,972.95,792.73,221.49,0,0,1014.22,-41.28,15.91
Odisha,Sundargarh  ,Balisankara,,Block Level Line Deptt.,-1.23,-1.23,34.03,36.97,1.32,4.04,76.36,-77.59,3.19
Odisha,Sundargarh  ,Balisankara,,Po,0,84.72,0,NA,NA,23,23,61.72,NA
Odisha,Sundargarh  ,Balisankara,,Grand Total,-1.62,1056.44,826.76,258.46,1.32,27.04,1113.58,-57.15,19.1
Odisha,Sundargarh  ,Balisankara,1,Bamdera,0,53.32,46.61,25.23,0.05,0,71.88,-18.56,0.02
Odisha,Sundargarh  ,Balisankara,2,Baranga Kachhar,0,61.61,34.46,27.07,0.02,0,61.55,0.05,2
Odisha,Sundargarh  ,Balisankara,3,Bargaon,0,29.36,29.08,0.29,0,0,29.36,0,0.14
Odisha,Sundargarh  ,Balisankara,4,Bhoipali,0,39.32,31.82,7.49,0,0,39.32,0,1.14
Odisha,Sundargarh  ,Bargaon,5,Dandajamira,0,25.57,25.92,0,0,0,25.91,-0.35,0.04
Odisha,Sundargarh  ,Bargaon,6,Ekma,0,34.87,24.05,10.84,0,0,34.89,-0.01,0.46
Odisha,Sundargarh  ,Bargaon,7,Fulabari,0,95.19,74.29,20.89,0,0,95.19,0,0.74
Odisha,Sundargarh  ,Bargaon,8,Itama,0,55.36,37.33,18.05,0,0,55.38,-0.01,0.88
Odisha,Sundargarh  ,Bargaon,9,Jarangaloi,0,139.95,82.59,59.51,0,0,142.1,-2.15,0.38
Odisha,Sundargarh  ,Bargaon,10,Pamra,0,59.02,38.92,20.1,0,0,59.02,0,0.2
Odisha,Sundargarh  ,Bargaon,11,Rungaon,0,76.37,41.36,34.81,0.2,0,76.37,0,1.94
Odisha,Sundargarh  ,Bargaon,12,Sahaj Bahal,0,68.47,57.85,10.61,0,0,68.47,0,1.47
Odisha,Sundargarh  ,Bargaon,13,Tikili Para,0,27.28,22.8,4.16,0,0,26.96,0.32,0.32
Odisha,Sundargarh  ,Bargaon,14,Timna,-0.02,23.78,24.98,18.05,0.04,0,43.06,-19.28,0.03
Odisha,Sundargarh  ,Bargaon,15,Tudalaga,0,49.53,33.24,16.22,0.05,0,49.51,0.02,0.23
Odisha,Sundargarh  ,Bargaon,,Total,-0.02,838.99,605.29,273.32,0.36,0,878.97,-39.97,9.98
Odisha,Sundargarh  ,Bargaon,,Block Level Line Deptt.,-0.5,-0.5,55.58,41.38,1.53,2.32,100.82,-101.32,1.96
Odisha,Sundargarh  ,Bargaon,,Po,-0.21,60.28,0,NA,NA,15.9,15.9,44.38,NA
Odisha,Sundargarh  ,Bargaon,,Grand Total,-0.73,898.77,660.87,314.7,1.89,18.22,995.69,-96.91,11.94
Odisha,Sundargarh  ,Bargaon,1,Badabambua,0,39.9,36.04,4.76,0.31,0,41.11,-1.21,1.67
Odisha,Sundargarh  ,Bargaon,2,Bandamunda,0,11.04,11.74,0,0,0,11.74,-0.7,0.8
Odisha,Sundargarh  ,Bargaon,3,Bhalulata,0,48.61,41.91,7.35,0.14,0,49.39,-0.78,0.48
Odisha,Sundargarh  ,Bargaon,4,Bisra,0,16.69,11.97,14.03,0.06,0,26.05,-9.37,0.32
Odisha,Sundargarh  ,Bisra,5,Dareikela,0,26.51,24.51,2.07,0,0,26.58,-0.07,0.49
Odisha,Sundargarh  ,Bisra,6,Jamsera,0,18.13,18.85,0.7,0,0,19.55,-1.42,0.4
Odisha,Sundargarh  ,Bisra,7,Jareikela,0,27.99,26.42,1.57,0,0,27.99,0,0.3
Odisha,Sundargarh  ,Bisra,8,Jhirpani,0,8.11,6.14,1.73,0.23,0,8.11,0,0
Odisha,Sundargarh  ,Bisra,9,Kapatmunda,0,39.08,38.14,1.8,0,0,39.95,-0.88,1.81
Odisha,Sundargarh  ,Bisra,10,Manko,0,42.61,39.79,4.93,0.05,0,44.77,-2.16,0.52
Odisha,Sundargarh  ,Bisra,11,Santoshpur,0,20.25,22.6,1.08,0.07,0,23.75,-3.49,1.1
Odisha,Sundargarh  ,Bisra,12,Theteiposh,0,23.59,16.69,6.52,0.43,0,23.64,-0.05,0.05
Odisha,Sundargarh  ,Bisra,13,Tulasikani,0,33.19,31.25,2.03,0,0,33.28,-0.09,0.37
Odisha,Sundargarh  ,Bisra,14,Udusu,0,65.46,58.95,7.41,0.04,0,66.4,-0.94,3.48
Odisha,Sundargarh  ,Bisra,,Total,0,421.15,385,55.97,1.34,0,442.31,-21.16,11.78
Odisha,Sundargarh  ,Bisra,,Block Level Line Deptt.,0,0,68.86,54.58,3.39,2.94,129.77,-129.77,3.31
Odisha,Sundargarh  ,Bisra,,Po,0,64.98,0,NA,NA,10.65,10.65,54.33,NA
Odisha,Sundargarh  ,Bisra,,Grand Total,0,486.13,453.86,110.55,4.73,13.59,582.73,-96.6,15.09
Odisha,Sundargarh  ,Bisra,1,Badgugua,0,17.39,15.38,2.01,0,0,17.39,0,0.15
Odisha,Sundargarh  ,Bisra,2,Baneikala,0,17.72,17.72,0,0,0,17.72,0,0.3
Odisha,Sundargarh  ,Bisra,3,Bhalupani,0,93.06,75.67,17.41,0,0,93.07,-0.01,0.81
Odisha,Sundargarh  ,Bisra,4,Bonaigarh,0,9.73,9.73,0,0,0,9.73,0,0.07
Odisha,Sundargarh  ,Bonaigarh,5,Gobindpur,0,43.92,36.48,7.38,0.07,0,43.92,0,0.1
Odisha,Sundargarh  ,Bonaigarh,6,Jakeikala,0,32.9,30.02,2.88,0,0,32.9,0,0.07
Odisha,Sundargarh  ,Bonaigarh,7,Jhirdapali,0,35.07,32.3,2.78,0,0,35.08,-0.01,0.75
Odisha,Sundargarh  ,Bonaigarh,8,Kasada,0,55,52.57,2.52,0,0,55.1,-0.1,1.13
Odisha,Sundargarh  ,Bonaigarh,9,Kedrikala,0,29.54,29.54,0,0,0,29.54,0,0.25
Odisha,Sundargarh  ,Bonaigarh,10,Kenavata,0,42.38,37.83,4.55,0,0,42.38,0,1.97
Odisha,Sundargarh  ,Bonaigarh,11,Pithachor,0,57.31,56.14,1.51,0,0,57.65,-0.34,1.1
Odisha,Sundargarh  ,Bonaigarh,12,Ruguda,0,54.01,52.28,1.77,0,0,54.05,-0.04,0.02
Odisha,Sundargarh  ,Bonaigarh,13,S.Balang,0,64.85,63.09,1.77,0,0,64.87,-0.01,0.92
Odisha,Sundargarh  ,Bonaigarh,,Total,0,552.9,508.76,44.59,0.07,0,553.41,-0.51,7.64
Odisha,Sundargarh  ,Bonaigarh,,Block Level Line Deptt.,-0.14,-0.14,104.43,55.74,3.32,1.3,164.8,-164.94,2.17
Odisha,Sundargarh  ,Bonaigarh,,Po,0,36.54,0,NA,NA,20.11,20.11,16.43,NA
Odisha,Sundargarh  ,Bonaigarh,,Grand Total,-0.14,589.3,613.19,100.33,3.39,21.41,738.32,-149.02,9.81
Odisha,Sundargarh  ,Bonaigarh,1,Banaikela,0,49.93,29.49,20.42,0,0,49.91,0.03,0.5
Odisha,Sundargarh  ,Bonaigarh,2,Banki,0,20.1,20.1,0,0,0,20.1,0,0.26
Odisha,Sundargarh  ,Bonaigarh,3,Bhaludunguri,-0.01,73.5,50.67,22.47,0.21,0,73.36,0.15,0.33
Odisha,Sundargarh  ,Bonaigarh,4,Chandipose,0,53.64,53.54,0.1,0,0,53.64,0,0.01
Odisha,Sundargarh  ,Gurundia,5,Gurundia,0,49.98,47.44,2.54,0,0,49.98,0,0.32
Odisha,Sundargarh  ,Gurundia,6,Jarda,0,33.39,23.97,9.51,0.02,0,33.5,-0.11,0.92
Odisha,Sundargarh  ,Gurundia,7,Kucheita,0,28.38,28.39,0,0,0,28.39,-0.01,0.23
Odisha,Sundargarh  ,Gurundia,8,Kundheidiha,0,57.38,49.35,7.99,0.01,0,57.36,0.02,0.63
Odisha,Sundargarh  ,Gurundia,9,Narendra,0,59.58,45.01,14.47,0.1,0,59.58,0,0.4
Odisha,Sundargarh  ,Gurundia,10,Pankadihi,-0.06,71.77,60.09,11.47,0,0,71.56,0.21,0.38
Odisha,Sundargarh  ,Gurundia,11,Sole,0,35.43,31.21,4.21,0,0,35.43,0,0.63
Odisha,Sundargarh  ,Gurundia,12,Tamda,0,30.52,29.23,1.26,0,0,30.49,0.03,0.56
Odisha,Sundargarh  ,Gurundia,13,Tamparkela,0,52.04,42.16,9.88,0,0,52.04,0,0.55
Odisha,Sundargarh  ,Gurundia,,Total,-0.07,615.63,510.68,104.32,0.33,0,615.33,0.3,5.75
Odisha,Sundargarh  ,Gurundia,,Block Level Line Deptt.,0,0,117.09,60.13,1.22,3.2,181.64,-181.64,3.13
Odisha,Sundargarh  ,Gurundia,,Po,0,14.25,0,NA,NA,12.68,12.68,1.57,NA
Odisha,Sundargarh  ,Gurundia,,Grand Total,-0.07,629.88,627.77,164.45,1.55,15.88,809.65,-179.77,8.88
Odisha,Sundargarh  ,Gurundia,1,Ankel Bira,0,76.2,70.93,7.83,0,0,78.76,-2.56,0.23
Odisha,Sundargarh  ,Gurundia,2,Balinga,0,11.92,11.66,0.4,0,0,12.06,-0.14,0.13
Odisha,Sundargarh  ,Gurundia,3,Duduka,0,27.55,28.08,0.57,0,0,28.65,-1.1,0.06
Odisha,Sundargarh  ,Gurundia,4,Durubaga,0,20.47,21.33,0.28,0,0,21.61,-1.14,0.19
Odisha,Sundargarh  ,Hemgir,5,Gad Tumulia,0,30.5,30.98,0,0,0,30.98,-0.48,0.13
Odisha,Sundargarh  ,Hemgir,6,Garjan Jore,0,41.75,43.52,1.06,0,0,44.58,-2.84,0.6
Odisha,Sundargarh  ,Hemgir,7,Gopal Pur,0,10.66,10.66,0,0,0,10.66,0,0.09
Odisha,Sundargarh  ,Hemgir,8,Hemgir,0,63.52,67.44,2.39,0,0,69.83,-6.31,0.37
Odisha,Sundargarh  ,Hemgir,9,Jharpalam,0,15.28,17.68,1.79,0,0,19.47,-4.19,0.42
Odisha,Sundargarh  ,Hemgir,10,Julum Bahal,-0.01,68.36,57.3,12.25,0,0,69.55,-1.19,0.24
Odisha,Sundargarh  ,Hemgir,11,Kanak Tura,0,46.09,38.59,7.81,0,0,46.4,-0.31,0.12
Odisha,Sundargarh  ,Hemgir,12,Kanika,0,45.15,46.11,5.84,0,0,51.95,-6.81,0.38
Odisha,Sundargarh  ,Hemgir,13,Kendudihi,0,21.23,24.92,0,0,0,24.92,-3.7,0.43
Odisha,Sundargarh  ,Hemgir,14,Kuchedega,0,32.23,29.96,2.75,0,0,32.7,-0.47,0.04
Odisha,Sundargarh  ,Hemgir,15,Laikera,0,58.15,53.08,5.31,0,0,58.4,-0.25,0.39
Odisha,Sundargarh  ,Hemgir,16,Mundharkhet,0,17.95,15.68,2.25,0,0,17.94,0.01,0.11
Odisha,Sundargarh  ,Hemgir,17,Sanghumunda,0,2.82,2.78,0.49,0,0,3.27,-0.45,0.05
Odisha,Sundargarh  ,Hemgir,18,Sumura,0,25.55,25.98,1,0.01,0,26.99,-1.44,0.39
Odisha,Sundargarh  ,Hemgir,19,Taparia,0,44.73,47.94,0.12,0,0,48.07,-3.34,0.23
Odisha,Sundargarh  ,Hemgir,,Total,-0.01,660.1,644.66,52.14,0.01,0,696.81,-36.71,4.61
Odisha,Sundargarh  ,Hemgir,,Block Level Line Deptt.,-1.1,-1.1,86.42,80.99,3.46,3.43,174.31,-175.41,1.08
Odisha,Sundargarh  ,Hemgir,,Po,0,60.73,0,NA,NA,13.46,13.46,47.27,NA
Odisha,Sundargarh  ,Hemgir,,Grand Total,-1.11,719.73,731.08,133.13,3.47,16.89,884.58,-164.85,5.69
Odisha,Sundargarh  ,Hemgir,1,Bimalagarh,0,18.19,18.31,0,0,0,18.31,-0.12,0.5
Odisha,Sundargarh  ,Hemgir,2,Chordhara,-0.01,32.13,28.45,3.52,0.17,0,32.15,-0.01,0.88
Odisha,Sundargarh  ,Hemgir,3,Dengula,0,15.54,14.56,0.97,0,0,15.54,0,0.71
Odisha,Sundargarh  ,Hemgir,4,Gopna,0,14.05,14.06,0,0,0,14.06,-0.01,1.45
Odisha,Sundargarh  ,Koida,5,Jamudihi,0,15.73,15.72,0,0,0,15.73,0,0.51
Odisha,Sundargarh  ,Koida,6,K.Balang,0,49.79,32.84,16.95,0,0,49.79,0,0.85
Odisha,Sundargarh  ,Koida,7,Kalta,0,8.56,8.57,0,0,0,8.56,0,0.64
Odisha,Sundargarh  ,Koida,8,Kasira,0,5.16,5.16,0,0,0,5.16,0,0.11
Odisha,Sundargarh  ,Koida,9,Koira,0,6.51,5.05,1.44,0,0,6.49,0.02,0.11
Odisha,Sundargarh  ,Koida,10,Malda,0,21.72,15.17,6.34,0.21,0,21.72,0,0.86
Odisha,Sundargarh  ,Koida,11,Patamunda,0,23.01,18.58,4.15,0.28,0,23.01,0,0.13
Odisha,Sundargarh  ,Koida,12,Relhatu,0,18,17.99,0,0,0,17.99,0.01,0.48
Odisha,Sundargarh  ,Koida,13,Sanroxy,-0.01,7.46,7.9,0,0,0,7.9,-0.44,0.24
Odisha,Sundargarh  ,Koida,14,Sayamba,0,22.13,22.13,0,0,0,22.13,0.01,0.23
Odisha,Sundargarh  ,Koida,15,Tensa,0,0.71,0.71,0,0,0,0.71,0,0.2
Odisha,Sundargarh  ,Koida,,Total,-0.02,258.69,225.2,33.38,0.67,0,259.24,-0.56,7.91
Odisha,Sundargarh  ,Koida,,Block Level Line Deptt.,0,0,24.3,19.77,0.46,0.04,44.57,-44.57,2.23
Odisha,Sundargarh  ,Koida,,Po,0,20.57,0,NA,NA,17.29,17.29,3.28,NA
Odisha,Sundargarh  ,Koida,,Grand Total,-0.02,279.26,249.5,53.15,1.13,17.33,321.1,-41.85,10.14
Odisha,Sundargarh  ,Koida,1,Andali,0,64,54.82,11.22,0.22,0,66.26,-2.26,1.82
Odisha,Sundargarh  ,Koida,2,Andhari,0,20.77,20.43,1.9,0,0,22.33,-1.56,0.12
Odisha,Sundargarh  ,Koida,3,Dalki,-0.03,30.86,30.9,0,0,0,30.9,-0.03,0.25
Odisha,Sundargarh  ,Koida,4,Dumerjore,0,41.33,32.76,9.14,0.29,0,42.2,-0.87,2.76
Odisha,Sundargarh  ,Kuarmunda,5,Jalangbira,0,8.96,28.84,0,0,0,28.84,-19.88,0.06
Odisha,Sundargarh  ,Kuarmunda,6,Jaydega,0,32.41,32.82,0.43,0.02,0,33.27,-0.85,0.41
Odisha,Sundargarh  ,Kuarmunda,7,Jharbeda,0,39.12,33.07,6.73,0,0,39.8,-0.67,0.53
Odisha,Sundargarh  ,Kuarmunda,8,Jhunmur,0,31.26,31.01,0.6,0,0,31.61,-0.35,0.96
Odisha,Sundargarh  ,Kuarmunda,9,Kacharu,0,39.06,38.61,0.45,0,0,39.06,0,0.27
Odisha,Sundargarh  ,Kuarmunda,10,Kadobahal,0,53.87,50.83,4.11,0,0,54.94,-1.07,1.22
Odisha,Sundargarh  ,Kuarmunda,11,Kalosihiria,0,34.11,32.64,2.14,0.03,0,34.81,-0.7,0.1
Odisha,Sundargarh  ,Kuarmunda,12,Khukhundu Bahal,0,29.47,30.51,0.73,0,0,31.25,-1.78,0.36
Odisha,Sundargarh  ,Kuarmunda,13,Kuarmunda,0,19.47,19.82,1.82,0.05,0,21.69,-2.22,0.33
Odisha,Sundargarh  ,Kuarmunda,14,Kumjharia,0,44.91,44.51,0.33,0,0,44.85,0.06,0.6
Odisha,Sundargarh  ,Kuarmunda,15,Majhapada,0,112.59,80.63,38.38,0.43,0,119.45,-6.86,4.19
Odisha,Sundargarh  ,Kuarmunda,16,Padam Pur,0,34.14,34.22,1.13,0,0,35.35,-1.21,0.47
Odisha,Sundargarh  ,Kuarmunda,17,Pratappur,0,20.37,17.1,3.28,0,0,20.37,0,0.88
Odisha,Sundargarh  ,Kuarmunda,18,Putrikhaman,0,60.25,52.3,7.96,0.08,0,60.34,-0.09,0.57
Odisha,Sundargarh  ,Kuarmunda,19,Raibaga,0,71.08,63.75,8.37,0,0,72.11,-1.03,0.89
Odisha,Sundargarh  ,Kuarmunda,20,Salanga Bahal,0,38.79,40.96,0.16,0,0,41.12,-2.33,0.34
Odisha,Sundargarh  ,Kuarmunda,,Total,-0.03,826.84,770.54,98.89,1.12,0,870.56,-43.72,17.11
Odisha,Sundargarh  ,Kuarmunda,,Block Level Line Deptt.,0,0,30.74,32.85,0.16,1.03,64.77,-64.77,1.59
Odisha,Sundargarh  ,Kuarmunda,,Po,0,72.84,0,NA,NA,24.94,24.94,47.9,NA
Odisha,Sundargarh  ,Kuarmunda,,Grand Total,-0.03,899.68,801.28,131.74,1.28,25.97,960.27,-60.59,18.7
Odisha,Sundargarh  ,Kuarmunda,1,Ambhagova,0,49.9,37.31,21.3,0.04,0,58.64,-8.74,2.57
Odisha,Sundargarh  ,Kuarmunda,2,Biringa Toli,0,19.24,20.22,1.25,0,0,21.47,-2.22,4.49
Odisha,Sundargarh  ,Kuarmunda,3,Gangajal,0,19.72,18.55,1.39,0,0,19.94,-0.23,0.6
Odisha,Sundargarh  ,Kuarmunda,4,Gyanapali,0,33.7,22.01,13.8,0,0,35.81,-2.1,0.67
Odisha,Sundargarh  ,Kutra,5,Jharbeda,0,15.06,18.62,2.26,0,0,20.88,-5.82,0.43
Odisha,Sundargarh  ,Kutra,6,Kandeimunda,0,69.85,46.92,23.87,0,0,70.79,-0.94,4.41
Odisha,Sundargarh  ,Kutra,7,Katang,0,26.7,25.1,11.07,0,0,36.17,-9.47,1.68
Odisha,Sundargarh  ,Kutra,8,Khatkur Bahal,0,35.2,21.33,18.59,0,0,39.92,-4.72,0.77
Odisha,Sundargarh  ,Kutra,9,Kiringsira,0,53.12,38.92,15.11,0,0,54.04,-0.92,0.86
Odisha,Sundargarh  ,Kutra,10,Kutra,0,42.15,28.68,14.58,0,0,43.26,-1.11,0.69
Odisha,Sundargarh  ,Kutra,11,Nuagaon,0,50.68,48.02,5.04,0,0,53.06,-2.38,0.42
Odisha,Sundargarh  ,Kutra,12,Panchara,0,118.8,69.32,50.41,0,0,119.73,-0.94,1.36
Odisha,Sundargarh  ,Kutra,13,Purkapali,0,50.28,33.31,17.36,0,0,50.67,-0.39,0.49
Odisha,Sundargarh  ,Kutra,14,Rajabasa,0,49.33,48.2,2.56,0,0,50.76,-1.43,1
Odisha,Sundargarh  ,Kutra,15,Tarkera,0,46.81,32.06,14.74,0,0,46.81,0,1.83
Odisha,Sundargarh  ,Kutra,16,Tunmura,0,11.06,14.34,0,0,0,14.34,-3.28,0.92
Odisha,Sundargarh  ,Kutra,,Total,0,691.6,522.92,213.34,0.04,0,736.29,-44.69,23.2
Odisha,Sundargarh  ,Kutra,,Block Level Line Deptt.,-0.67,-0.67,33.57,25.92,1.97,2.38,63.84,-64.51,1.28
Odisha,Sundargarh  ,Kutra,,Po,-11.26,63.23,0,NA,NA,29.86,29.86,33.37,NA
Odisha,Sundargarh  ,Kutra,,Grand Total,-11.92,754.16,556.49,239.26,2.01,32.24,829.99,-75.83,24.48
Odisha,Sundargarh  ,Kutra,1,Bada Purunapani,-0.07,40.62,37.61,3.01,0,0,40.62,-0.01,0.21
Odisha,Sundargarh  ,Kutra,2,Bhutuda,0,27.1,13.56,13.92,0,0,27.47,-0.37,0.23
Odisha,Sundargarh  ,Kutra,3,Daleisara,0,92.3,58.76,33.54,0,0,92.3,0,0.23
Odisha,Sundargarh  ,Kutra,4,Darjing,0,89.07,63.41,24.61,0,0,88.02,1.04,1.57
Odisha,Sundargarh  ,Lahunipara,5,Fuljhar,0,59.88,56.93,4.18,0,0,61.11,-1.23,0.67
Odisha,Sundargarh  ,Lahunipara,6,Haladikudar,-0.04,33.15,25.31,7.91,0,0,33.22,-0.07,0.29
Odisha,Sundargarh  ,Lahunipara,7,Kaleiposh,0,60.36,41.58,18.83,0.15,0,60.56,-0.2,0.62
Odisha,Sundargarh  ,Lahunipara,8,Khuntgaon,0,78.41,58.57,19.89,0.16,0,78.61,-0.21,0.65
Odisha,Sundargarh  ,Lahunipara,9,Kudheikala,0,23.05,13.18,11.69,0.08,0,24.95,-1.9,0.13
Odisha,Sundargarh  ,Lahunipara,10,Kuliposh,0,38.53,38.36,0.25,0,0,38.61,-0.08,2.17
Odisha,Sundargarh  ,Lahunipara,11,Kurda,-0.03,22.95,15.89,8.94,0,0,24.83,-1.88,0.12
Odisha,Sundargarh  ,Lahunipara,12,Lahunipara,-0.03,79.41,51.52,28.12,0,0,79.64,-0.23,1.03
Odisha,Sundargarh  ,Lahunipara,13,Mahulpada,0,84.25,31.59,53.03,0,0,84.63,-0.38,0.4
Odisha,Sundargarh  ,Lahunipara,14,Rajamunda,0,53.04,31.01,21.22,0.25,0,52.47,0.57,1.17
Odisha,Sundargarh  ,Lahunipara,15,Sankhaposh,0,84.89,76.76,10.53,0,0,87.29,-2.4,0.89
Odisha,Sundargarh  ,Lahunipara,16,Sashykala,0,25.98,13.81,13.57,0,0,27.38,-1.41,0.45
Odisha,Sundargarh  ,Lahunipara,17,Tal Bahali,0,41.36,41.26,0.12,0,0,41.38,-0.03,2.3
Odisha,Sundargarh  ,Lahunipara,,Total,-0.17,934.34,669.1,273.37,0.64,0,943.11,-8.77,13.14
Odisha,Sundargarh  ,Lahunipara,,Block Level Line Deptt.,0,0,132.08,108.47,4.96,3.84,249.34,-249.34,4.13
Odisha,Sundargarh  ,Lahunipara,,Po,0,34.74,0,NA,NA,24.27,24.27,10.47,NA
Odisha,Sundargarh  ,Lahunipara,,Grand Total,-0.17,969.08,801.18,381.84,5.6,28.11,1216.72,-247.64,17.27
Odisha,Sundargarh  ,Lahunipara,1,Baddalki,0,57.88,54.96,2.93,0,0,57.88,0,0.79
Odisha,Sundargarh  ,Lahunipara,2,Balanda,0,25.46,19.55,5.85,0.07,0,25.46,0,0.07
Odisha,Sundargarh  ,Lahunipara,3,Balani,0,8.7,6.55,2.92,0,0,9.48,-0.78,0.13
Odisha,Sundargarh  ,Lahunipara,4,Birida,0,39.75,30.26,9.58,0.09,0,39.92,-0.17,0.26
Odisha,Sundargarh  ,Lathikata,5,Birkera,0,37.27,31.75,5.33,0.29,0,37.37,-0.1,0.51
Odisha,Sundargarh  ,Lathikata,6,Chikatmati,0,23.26,21.96,3.77,0.05,0,25.78,-2.51,2.17
Odisha,Sundargarh  ,Lathikata,7,Garjan,0,42.52,16.77,27.96,0.21,0,44.94,-2.41,0.09
Odisha,Sundargarh  ,Lathikata,8,Hatibandha,0,26.77,15.67,11.29,0.01,0,26.98,-0.2,0.21
Odisha,Sundargarh  ,Lathikata,9,Jadakudar,0,34.52,28.92,5.67,0.07,0,34.66,-0.14,0.64
Odisha,Sundargarh  ,Lathikata,10,Jalda,0,3.05,3.05,0,0,0,3.05,0,0.03
Odisha,Sundargarh  ,Lathikata,11,Kalunga A,0,1.69,1.69,0,0,0,1.69,0,0
Odisha,Sundargarh  ,Lathikata,12,Kalunga B,0,3.25,1.42,1.83,0,0,3.25,0,0.04
Odisha,Sundargarh  ,Lathikata,13,Lathikata,0,18.25,11.96,7.13,0.04,0,19.13,-0.89,0.12
Odisha,Sundargarh  ,Lathikata,14,Lungei,0,4.07,2.55,7.17,0.07,0,9.79,-5.72,0.18
Odisha,Sundargarh  ,Lathikata,15,Mundajore,0,27.23,24.89,2.31,0.02,0,27.23,0,0.27
Odisha,Sundargarh  ,Lathikata,16,Ramjodi,0,58.52,37.79,20.51,0.23,0,58.54,-0.01,0.84
Odisha,Sundargarh  ,Lathikata,17,Suidihi,0,24.37,14.34,9.95,0.08,0,24.37,0,0.53
Odisha,Sundargarh  ,Lathikata,18,Tainsar,0,39.23,37.25,2.7,0,0,39.95,-0.72,0.94
Odisha,Sundargarh  ,Lathikata,,Total,0,475.8,361.35,126.89,1.22,0,489.46,-13.66,7.86
Odisha,Sundargarh  ,Lathikata,,Block Level Line Deptt.,0,0,85.88,55.31,0.09,2.82,144.1,-144.1,0.97
Odisha,Sundargarh  ,Lathikata,,Po,-2.65,30.25,0,NA,NA,17.34,17.34,12.91,NA
Odisha,Sundargarh  ,Lathikata,,Grand Total,-2.65,506.05,447.23,182.2,1.31,20.16,650.9,-144.85,8.83
Odisha,Sundargarh  ,Lathikata,1,Alapaka,0,52.7,50.64,2.54,0.03,0,53.22,-0.52,3.14
Odisha,Sundargarh  ,Lathikata,2,Badbanga,-0.04,102.96,51.4,51.13,0.63,0,103.15,-0.19,3.71
Odisha,Sundargarh  ,Lathikata,3,Chhaten Pali,0,30.45,19.61,10.81,0.03,0,30.45,0,0.28
Odisha,Sundargarh  ,Lathikata,4,Darlipali,0,79.37,42.76,42.01,0.56,0,85.33,-5.96,3.86
Odisha,Sundargarh  ,Lephripara,5,Dumabahal,0,28.32,24.12,4.24,0.03,0,28.38,-0.06,2.81
Odisha,Sundargarh  ,Lephripara,6,Giring Kela,0,71.95,53.73,18.13,0.14,0,72,-0.05,1.39
Odisha,Sundargarh  ,Lephripara,7,Gundia Dihi,0,46.65,31.76,15.01,0.19,0,46.96,-0.32,0.17
Odisha,Sundargarh  ,Lephripara,8,Hurmei,0,42.22,37.76,4.83,0.08,0,42.67,-0.45,4.97
Odisha,Sundargarh  ,Lephripara,9,J Raibaga,0,65.95,36.43,31.84,0.36,0,68.64,-2.69,3.8
Odisha,Sundargarh  ,Lephripara,10,Jhurimal,0,72.59,37.72,34.61,0.52,0,72.85,-0.26,0.59
Odisha,Sundargarh  ,Lephripara,11,Kulabira,0,42.67,33.91,8.56,0.2,0,42.67,0,0.39
Odisha,Sundargarh  ,Lephripara,12,Lephripara,0,63.84,53.44,10.87,0.21,0,64.52,-0.68,1.71
Odisha,Sundargarh  ,Lephripara,13,Masabira,0,69.45,57.07,12.25,0.17,0,69.49,-0.04,2.46
Odisha,Sundargarh  ,Lephripara,14,Raidihi,0,77,49.52,27.21,0.35,0,77.08,-0.08,9.79
Odisha,Sundargarh  ,Lephripara,15,Raj Bahal,0,28.38,24.24,5.04,0.21,0,29.49,-1.11,0.5
Odisha,Sundargarh  ,Lephripara,16,Sarafgarh,0,43.12,37.72,8.39,0.06,0,46.17,-3.05,1.05
Odisha,Sundargarh  ,Lephripara,17,Sargipali,0,42.42,32.1,10.34,0.1,0,42.53,-0.11,1.88
Odisha,Sundargarh  ,Lephripara,,Total,-0.04,960.03,673.94,297.8,3.86,0,975.61,-15.58,42.51
Odisha,Sundargarh  ,Lephripara,,Block Level Line Deptt.,-0.4,-0.4,74.45,56.24,3.48,2.92,137.08,-137.48,2.51
Odisha,Sundargarh  ,Lephripara,,Po,0,36.46,0,NA,NA,13.01,13.01,23.45,NA
Odisha,Sundargarh  ,Lephripara,,Grand Total,-0.44,996.09,748.39,354.04,7.34,15.93,1125.7,-129.61,45.02
Odisha,Sundargarh  ,Lephripara,1,Ankurpali,0,65.37,54.76,11.2,0,0,65.96,-0.59,8.02
Odisha,Sundargarh  ,Lephripara,2,Badajojoda,0,95.36,67.41,32.66,0,0,100.07,-4.71,5.5
Odisha,Sundargarh  ,Lephripara,3,Bagdega,0,48.13,25.42,22.71,0,0,48.13,0,2.73
Odisha,Sundargarh  ,Lephripara,4,Barilapatta,0,90.88,53.93,37.93,0,0,91.87,-0.99,6.05
Odisha,Sundargarh  ,Nuagaon,5,Chitapedi,0,40.9,40.9,0,0,0,40.9,0,2.34
Odisha,Sundargarh  ,Nuagaon,6,Hatibari,0,25.83,23.5,2.53,0,0,26.03,-0.2,1.69
Odisha,Sundargarh  ,Nuagaon,7,Jahari Toli,0,45.05,37,8.24,0,0,45.24,-0.19,0.95
Odisha,Sundargarh  ,Nuagaon,8,Kandarkela,0,65.38,56.13,13.68,0,0,69.81,-4.43,1.16
Odisha,Sundargarh  ,Nuagaon,9,Kardega,0,54.66,50.64,4.02,0,0,54.66,0,5.29
Odisha,Sundargarh  ,Nuagaon,10,Karkatnasa,0,37.93,34.25,3.63,0,0,37.87,0.06,0.58
Odisha,Sundargarh  ,Nuagaon,11,Khuntagaon,0,64.11,50.74,13.31,0,0,64.05,0.06,1.29
Odisha,Sundargarh  ,Nuagaon,12,Kokerema,0,54.52,50.65,3.75,0,0,54.4,0.12,2.61
Odisha,Sundargarh  ,Nuagaon,13,Limida,0,69.08,65.91,3.17,0,0,69.08,0,1.87
Odisha,Sundargarh  ,Nuagaon,14,Lukum Beda,0,67.74,56.58,11.16,0,0,67.74,0,2.3
Odisha,Sundargarh  ,Nuagaon,15,Menmena,0,65.43,58.46,7.14,0,0,65.6,-0.17,0.67
Odisha,Sundargarh  ,Nuagaon,16,Nuagaon,0,99.79,60.81,39.14,0,0,99.95,-0.16,3.82
Odisha,Sundargarh  ,Nuagaon,17,Purunapani,0,34.13,32.52,3.25,0,0,35.76,-1.63,0.68
Odisha,Sundargarh  ,Nuagaon,18,Sorda,0,85.19,63.91,23.71,0,0,87.63,-2.44,2.42
Odisha,Sundargarh  ,Nuagaon,19,Teterkela,0,41.37,36.48,4.87,0,0,41.35,0.02,2.21
Odisha,Sundargarh  ,Nuagaon,20,Urmei,0,59.81,47.23,12.68,0,0,59.91,-0.1,2.02
Odisha,Sundargarh  ,Nuagaon,,Total,0,0,45.35,44.61,1.23,0.88,92.08,-92.08,1.22
Odisha,Sundargarh  ,Nuagaon,,Block Level Line Deptt.,0,30.82,0,NA,NA,13.86,13.86,16.96,NA
Odisha,Sundargarh  ,Nuagaon,,Po,0,30.82,NA,NA,NA,13.86,13.86,16.96,NA
Odisha,Sundargarh  ,Nuagaon,,Grand Total,0,1210.66,967.09,258.73,0,0,1225.82,-15.17,19.21
Odisha,Sundargarh  ,Nuagaon,1,Alanda,0,30.05,24.16,5.84,0.05,0,30.05,0,0.74
Odisha,Sundargarh  ,Nuagaon,2,Buchukpara,0,116.05,88.93,27.12,0,0,116.05,0,1.11
Odisha,Sundargarh  ,Nuagaon,3,Budham,0,77.45,63.2,14.21,0.04,0,77.45,0,2.23
Odisha,Sundargarh  ,Nuagaon,4,Chhatam,0,61.89,42.06,19.74,0.1,0,61.89,0,0.78
Odisha,Sundargarh  ,Rajgangpur,5,Chungimati,0,38.47,37.68,0.8,0,0,38.47,0,0.76
Odisha,Sundargarh  ,Rajgangpur,6,Dhelua,0,71.27,56.04,15.23,0,0,71.27,0,1.01
Odisha,Sundargarh  ,Rajgangpur,7,Garvana,0,17.89,10.12,7.76,0.05,0,17.93,-0.03,0.99
Odisha,Sundargarh  ,Rajgangpur,8,Jareikela,0,83.88,76.39,7.49,0,0,83.88,0,0.63
Odisha,Sundargarh  ,Rajgangpur,9,Jaurumal,0,15.38,14.74,0.64,0,0,15.38,0,0.25
Odisha,Sundargarh  ,Rajgangpur,10,Jhagarpur,0,13.36,6.66,6.67,0.03,0,13.36,0,0.44
Odisha,Sundargarh  ,Rajgangpur,11,Kesramal,0,6.76,6.75,0,0,0,6.75,0.01,1.57
Odisha,Sundargarh  ,Rajgangpur,12,Kukuda,0,37.42,29.49,7.89,0.05,0,37.42,0,0.37
Odisha,Sundargarh  ,Rajgangpur,13,Kukudamunda,0,24.9,16.31,8.51,0.08,0,24.9,0,0.14
Odisha,Sundargarh  ,Rajgangpur,14,Kunmuru,0,37.53,34.37,3.16,0,0,37.54,-0.01,2.44
Odisha,Sundargarh  ,Rajgangpur,15,Kutunia,0,40.52,33.57,6.94,0,0,40.52,0,1.53
Odisha,Sundargarh  ,Rajgangpur,16,Laing,0,38.88,38.88,0,0,0,38.88,0,1.25
Odisha,Sundargarh  ,Rajgangpur,17,Malidihi,0,41.96,36.25,5.7,0.01,0,41.96,0,0.49
Odisha,Sundargarh  ,Rajgangpur,18,Panposh,0,32.89,22.72,10.18,0,0,32.89,0,0.31
Odisha,Sundargarh  ,Rajgangpur,19,Raikakachhar,-0.02,46.95,32.21,14.58,0.17,0,46.97,-0.02,0.54
Odisha,Sundargarh  ,Rajgangpur,20,Sagjore,0,17.35,11.71,5.65,0,0,17.35,0,0.15
Odisha,Sundargarh  ,Rajgangpur,,Total,-0.02,850.86,682.25,168.1,0.57,0,850.92,-0.06,17.72
Odisha,Sundargarh  ,Rajgangpur,,Block Level Line Deptt.,0,0,82.51,28.34,0,0.26,111.11,-111.11,2.39
Odisha,Sundargarh  ,Rajgangpur,,Po,-0.71,34.35,0,NA,NA,35.06,35.06,-0.71,NA
Odisha,Sundargarh  ,Rajgangpur,,Grand Total,-0.73,885.21,764.76,196.44,0.57,35.32,997.09,-111.88,20.11
Odisha,Sundargarh  ,Rajgangpur,1,Damkuda,0,29.98,22.1,7.78,0.1,0,29.98,0,0
Odisha,Sundargarh  ,Rajgangpur,2,Deogaon,0,38.39,27.06,11.53,0.04,0,38.64,-0.25,0.02
Odisha,Sundargarh  ,Rajgangpur,3,Hamirpur,0,113.49,64.29,49.19,0.14,0,113.63,-0.13,0.05
Odisha,Sundargarh  ,Rajgangpur,4,Jaisar,0,32.35,28.91,3.73,0,0,32.64,-0.29,0
Odisha,Sundargarh  ,Subdega,5,Jamuna,0,58.45,53.45,5.34,0.04,0,58.83,-0.39,0.13
Odisha,Sundargarh  ,Subdega,6,Karam Dihi,0,58.71,43.51,15.14,0.14,0,58.8,-0.09,0.41
Odisha,Sundargarh  ,Subdega,7,Kiralaga,0,158.78,97.79,61.73,0.03,0,159.54,-0.76,0.26
Odisha,Sundargarh  ,Subdega,8,Kukridihi,0,50.33,47,3.71,0.01,0,50.71,-0.39,0
Odisha,Sundargarh  ,Subdega,9,Kulba,0,44.49,32.06,12.39,0.06,0,44.51,-0.01,0
Odisha,Sundargarh  ,Subdega,10,Kurum Kel,0,75.13,64.77,10.53,0.03,0,75.32,-0.19,0.17
Odisha,Sundargarh  ,Subdega,11,Rajpur,0,106.49,73.24,33.58,0.23,0,107.05,-0.57,0.13
Odisha,Sundargarh  ,Subdega,12,Subalaya,-0.02,26.67,25.5,1.36,0,0,26.86,-0.19,0.06
Odisha,Sundargarh  ,Subdega,13,Subdega,0,57.79,44.26,14.66,0.02,0,58.93,-1.14,0.1
Odisha,Sundargarh  ,Subdega,14,Tangaragaon,0,55.32,53.21,2.11,0.02,0,55.34,-0.03,0.1
Odisha,Sundargarh  ,Subdega,,Total,-0.02,906.36,677.15,232.77,0.87,0,910.79,-4.43,1.42
Odisha,Sundargarh  ,Subdega,,Block Level Line Deptt.,-0.61,-0.61,182.67,118.91,4.82,2.72,309.12,-309.73,1.74
Odisha,Sundargarh  ,Subdega,,Po,0,93.06,0,NA,NA,17.28,17.28,75.78,NA
Odisha,Sundargarh  ,Subdega,,Grand Total,-0.63,998.81,859.82,351.68,5.69,20,1237.19,-238.38,3.16
Odisha,Sundargarh  ,Subdega,1,Baragad,0,51.14,46.23,5.44,0.24,0,51.9,-0.77,0.17
Odisha,Sundargarh  ,Subdega,2,Bhashma,0,75.15,60.41,15.74,0.11,0,76.27,-1.11,0.29
Odisha,Sundargarh  ,Subdega,3,Bhedabahal,0,55.82,39.3,16.35,0.16,0,55.82,0,0.27
Odisha,Sundargarh  ,Subdega,4,Birbira,0,77.26,60.17,19.92,0.03,0,80.13,-2.87,1.15
Odisha,Sundargarh  ,Sundargarh,5,Deuli,0,37.78,28.23,9.92,0.05,0,38.2,-0.41,0.11
Odisha,Sundargarh  ,Sundargarh,6,Karla,0,28.62,28.57,0.32,0,0,28.88,-0.26,0.45
Odisha,Sundargarh  ,Sundargarh,7,Kinjirma,0,53.84,44.24,9.94,0.04,0,54.22,-0.38,0.55
Odisha,Sundargarh  ,Sundargarh,8,Kirai,0,66.07,55.77,11.38,0.08,0,67.23,-1.16,0.56
Odisha,Sundargarh  ,Sundargarh,9,Kuluta,0,84.59,75.54,9.58,0.05,0,85.17,-0.58,2.81
Odisha,Sundargarh  ,Sundargarh,10,Kundukela,0,31.81,31.81,0.1,0,0,31.91,-0.1,0.09
Odisha,Sundargarh  ,Sundargarh,11,Lahandabud,0,85.77,62.32,24.08,0.08,0,86.48,-0.71,1.71
Odisha,Sundargarh  ,Sundargarh,12,Lankahuda,0,38.01,30.57,7.39,0.05,0,38.01,0,0.27
Odisha,Sundargarh  ,Sundargarh,13,Ledhimang,-0.15,49.32,48.72,0.74,0.01,0,49.47,-0.15,0.79
Odisha,Sundargarh  ,Sundargarh,14,Majhapada,0,80.21,58.55,21.64,0.29,0,80.48,-0.27,0.17
Odisha,Sundargarh  ,Sundargarh,15,Masnikani,0,27.29,27.27,0.2,0,0,27.47,-0.18,0.15
Odisha,Sundargarh  ,Sundargarh,16,Salepali,0,135.76,97.53,40.17,0.21,0,137.9,-2.14,0.78
Odisha,Sundargarh  ,Sundargarh,,Total,-0.15,978.44,795.22,192.92,1.4,0,989.54,-11.1,10.32
Odisha,Sundargarh  ,Sundargarh,,Block Level Line Deptt.,-0.74,-0.74,100.77,74.87,3.03,2.56,181.24,-181.98,2.32
Odisha,Sundargarh  ,Sundargarh,,Po,-2.56,33.24,0,NA,NA,24.76,24.76,8.48,NA
Odisha,Sundargarh  ,Sundargarh,,Grand Total,-3.45,1010.93,895.99,267.79,4.43,27.32,1195.54,-184.6,12.64
Odisha,Sundargarh  ,Sundargarh,1,Gamharidihi,0,62.27,56.04,6.48,0.06,0,62.59,-0.31,0.16
Odisha,Sundargarh  ,Sundargarh,2,Jogimal,-0.04,63.82,54.86,8.55,0.1,0,63.51,0.3,0.45
Odisha,Sundargarh  ,Sundargarh,3,Kiripsira,0,35.17,29.14,7.27,0.03,0,36.44,-1.28,0.26
Odisha,Sundargarh  ,Sundargarh,4,Mahulpali,0,128.5,98.69,30.22,0,0,128.91,-0.41,0.44
Odisha,Sundargarh  ,Tangarpali,5,Mangaspur,0,114.61,102.11,12.67,0.02,0,114.8,-0.19,2.78
Odisha,Sundargarh  ,Tangarpali,6,Megdega,0,117.08,100.57,25.61,0.21,0,126.4,-9.32,0.15
Odisha,Sundargarh  ,Tangarpali,7,Nialipali,0,73.72,58.97,15.38,0.03,0,74.39,-0.66,0.72
Odisha,Sundargarh  ,Tangarpali,8,Ratanpur,0,52.49,39.51,20.95,0.06,0,60.52,-8.03,1.45
Odisha,Sundargarh  ,Tangarpali,9,Remanda,0,43.03,36.75,6.03,0.09,0,42.87,0.16,0.28
Odisha,Sundargarh  ,Tangarpali,10,Sanpatrapali,0,147.31,78.78,73.79,0.05,0,152.62,-5.31,0.43
Odisha,Sundargarh  ,Tangarpali,11,Tangarpali,0,52.21,43.42,9.36,0.02,0,52.8,-0.6,0.51
Odisha,Sundargarh  ,Tangarpali,12,Tasladihi,0,65.92,64.26,2.12,0.01,0,66.38,-0.46,0.23
Odisha,Sundargarh  ,Tangarpali,13,Ujalpur,0,75.31,62.22,13.05,0.07,0,75.33,-0.02,0.28
Odisha,Sundargarh  ,Tangarpali,,Total,-0.04,1031.44,825.33,231.48,0.77,0,1057.58,-26.13,8.14
Odisha,Sundargarh  ,Tangarpali,,Block Level Line Deptt.,-0.07,-0.07,54.47,64.55,1.39,2.94,123.36,-123.43,3.37
Odisha,Sundargarh  ,Tangarpali,,Po,0,48.14,0,NA,NA,18.24,18.24,29.9,NA
Odisha,Sundargarh  ,Tangarpali,,Grand Total,-0.11,1079.51,879.8,296.03,2.16,21.18,1199.18,-119.66,11.51
Odisha ,Angul ,Tangarpali,1,Angarbandha,0,2.96,2.71,1.75,0.14,0,4.6,-1.64,0
Odisha ,Angul ,Tangarpali,2,Antulia,0.02,4.94,5.43,2.78,0.12,0,8.34,-3.39,0.11
Odisha ,Angul ,Tangarpali,3,Badakantakul,0,9.1,5.41,3.15,0,0,8.55,0.54,0.05
Odisha ,Angul ,Tangarpali,4,Badakera,0,5.18,2.34,0,0,0,2.34,2.84,0
Odisha ,Angul ,Anugul,5,Balanga(New),0,4.01,3.41,5.14,0.4,0,8.95,-4.95,0
Odisha ,Angul ,Anugul,6,Balasinga,0,1.81,2.74,0,0,0,2.74,-0.92,0.01
Odisha ,Angul ,Anugul,7,Baluatakata,0,0.62,1.83,2.21,0.18,0,4.22,-3.6,0.03
Odisha ,Angul ,Anugul,8,Bantala,0,2.3,3.88,0,0,0,3.88,-1.58,0
Odisha ,Angul ,Anugul,9,Baragaunia,0,3.25,2.26,1.02,0.08,0,3.36,-0.1,0.01
Odisha ,Angul ,Anugul,10,Basala,0,0.12,0.82,0,0,0,0.82,-0.7,0
Odisha ,Angul ,Anugul,11,Bedasasan,0,1.53,1.2,0,0,0,1.2,0.33,0
Odisha ,Angul ,Anugul,12,Chheliapada,0,0.56,0.57,0.42,0.02,0,1.01,-0.45,0.04
Odisha ,Angul ,Anugul,13,Dhakuta(New),0,1.76,1.2,1.18,0.11,0,2.49,-0.74,0
Odisha ,Angul ,Anugul,14,Gadatarash,0.06,6.74,3.11,3.58,0,0,6.69,0.05,0.01
Odisha ,Angul ,Anugul,15,Inkarbandha,0,0.51,0.89,1.71,0.02,0,2.62,-2.11,0
Odisha ,Angul ,Anugul,16,Jaganathapur,0,4.26,4.06,0,0,0,4.06,0.21,0.67
Odisha ,Angul ,Anugul,17,Kangula Bentapur,0,3.41,3.36,0,0,0,3.36,0.05,0.01
Odisha ,Angul ,Anugul,18,Khalari,0.05,0.66,0.3,0,0,0,0.3,0.36,0.26
Odisha ,Angul ,Anugul,19,Khinda,0,1.27,1.16,0,0,0,1.16,0.11,0.05
Odisha ,Angul ,Anugul,20,Kothabhuin,0,5.27,4.42,0,0,0,4.42,0.85,0.01
Odisha ,Angul ,Anugul,21,Kumursingha,0,1.36,1.71,5.27,0.38,0,7.35,-6,0.05
Odisha ,Angul ,Anugul,22,Manikajodi,0,1.71,1.07,0,0,0,1.07,0.63,0
Odisha ,Angul ,Anugul,23,Matiasahi,0,0.31,1.16,4.01,0.4,0,5.57,-5.26,0
Odisha ,Angul ,Anugul,24,Nandapur,0,1.58,2.38,0,0,0,2.38,-0.79,0
Odisha ,Angul ,Anugul,25,Nuamauja,0,0.03,0,0,0,0,0,0.03,0
Odisha ,Angul ,Anugul,26,Pokatunga,0,1.73,0.98,0,0,0,0.98,0.76,0.03
Odisha ,Angul ,Anugul,27,Purnakote,0.14,0.35,0.53,0,0,0,0.53,-0.19,0
Odisha ,Angul ,Anugul,28,Rantolei,0,0.03,0.02,0,0,0,0.02,0,0
Odisha ,Angul ,Anugul,29,Sankhapur,0,0.73,0.71,0,0,0,0.71,0.02,0
Odisha ,Angul ,Anugul,30,Saradhapur,0,4.18,3.38,0,0,0,3.38,0.79,0.05
Odisha ,Angul ,Anugul,31,Susuda,0,0.08,0.17,0,0,0,0.17,-0.09,0
Odisha ,Angul ,Anugul,32,Tainsi,0,8.65,9.23,0,0,0,9.23,-0.59,0
Odisha ,Angul ,Anugul,33,Talagada,0,0.03,1.55,1.76,0.02,0,3.33,-3.31,0
Odisha ,Angul ,Anugul,34,Tikarpada,0,1.86,2.74,0,0,0,2.74,-0.87,0.05
Odisha ,Angul ,Anugul,,Total,0.27,82.88,76.74,33.97,1.88,0,112.6,-29.72,1.46
Odisha ,Angul ,Anugul,,Block Level Line Deptt.,-1.34,-1.34,364.77,49.7,0.51,2.26,417.24,-418.58,17.44
Odisha ,Angul ,Anugul,,Po,0.76,322.05,0,NA,NA,27.94,27.94,294.11,NA
Odisha ,Angul ,Anugul,,Grand Total,-0.3,403.58,441.51,83.67,2.39,30.2,557.78,-154.19,18.9
Odisha ,Angul ,Anugul,1,Aida,0,13.85,13.86,0,0,0,13.86,-0.01,1.24
Odisha ,Angul ,Anugul,2,Ambasarmunda,0,35.91,31.63,5.87,0,0,37.49,-1.58,7.67
Odisha ,Angul ,Anugul,3,Basudevpur,0,23.35,18.31,5.04,0,0,23.35,0,0.09
Odisha ,Angul ,Anugul,4,Jamudoli,0,32.97,23.29,9.68,0,0,32.97,0,0.34
Odisha ,Angul ,Athmallik,5,Kampala,0,13.45,13.45,0,0,0,13.45,0,0.05
Odisha ,Angul ,Athmallik,6,Kandhapada,0,49.4,32.26,17.34,0,0,49.6,-0.2,0
Odisha ,Angul ,Athmallik,7,Kantapada,0,13.98,12.64,2.68,0,0,15.32,-1.34,0.6
Odisha ,Angul ,Athmallik,8,Kiakata,0,32.52,24.19,8.46,0,0,32.65,-0.13,1.06
Odisha ,Angul ,Athmallik,9,Krutibaspur,0,11.68,10.19,1.75,0,0,11.94,-0.26,1.01
Odisha ,Angul ,Athmallik,10,Kudagaon,0,9.05,9.06,0,0,0,9.06,-0.01,0
Odisha ,Angul ,Athmallik,11,Kurumtap,0,16.42,14.71,1.74,0,0,16.45,-0.02,0.7
Odisha ,Angul ,Athmallik,12,Luhasingha,0,12.42,11.43,0.98,0,0,12.42,0,0.39
Odisha ,Angul ,Athmallik,13,Lunahandi,0,18.23,18.14,0.08,0,0,18.23,0,1.18
Odisha ,Angul ,Athmallik,14,Madhapur,0,17.75,17.77,0,0,0,17.77,-0.02,0.01
Odisha ,Angul ,Athmallik,15,Maimura,0,37.04,28.02,10.48,0,0,38.5,-1.46,1.55
Odisha ,Angul ,Athmallik,16,Nagaon,0,21.73,18.47,5.01,0,0,23.48,-1.75,0.19
Odisha ,Angul ,Athmallik,17,Paikasahi,0,24.24,24.24,0,0,0,24.24,0,1.28
Odisha ,Angul ,Athmallik,18,Pedipathar,0,20.27,20.27,0,0,0,20.27,0,6.82
Odisha ,Angul ,Athmallik,19,Purunamanitri,0,3.86,3.94,0,0,0,3.94,-0.08,0.35
Odisha ,Angul ,Athmallik,20,Sanahula,0,38.98,38.33,1.81,0,0,40.14,-1.16,3.31
Odisha ,Angul ,Athmallik,21,Sapaghar,0,32.37,24.51,8.16,0,0,32.67,-0.3,5.36
Odisha ,Angul ,Athmallik,22,Tapdhol,0,19.9,19.11,0.79,0,0,19.9,0,2.11
Odisha ,Angul ,Athmallik,23,Thakurgarh,0,35.75,35.55,0,0,0,35.55,0.2,5.63
Odisha ,Angul ,Athmallik,24,Tusar,0,44.27,39.79,5.51,0,0,45.31,-1.04,0.76
Odisha ,Angul ,Athmallik,,Total,0,579.39,503.16,85.39,0,0,588.56,-9.17,41.69
Odisha ,Angul ,Athmallik,,Block Level Line Deptt.,2.72,2.72,209.56,84.76,0,2,296.32,-293.6,12.85
Odisha ,Angul ,Athmallik,,Po,17.14,83.73,0,NA,NA,33.77,33.77,49.96,NA
Odisha ,Angul ,Athmallik,,Grand Total,19.86,665.84,712.72,170.15,0,35.77,918.65,-252.81,54.54
Odisha ,Angul ,Athmallik,1,Badahinsar,0,1.03,7.31,4.25,0.05,0,11.61,-10.58,0.07
Odisha ,Angul ,Athmallik,2,Badakerajanga,0.09,1.98,2.31,1.6,0.02,0,3.93,-1.95,0.04
Odisha ,Angul ,Athmallik,3,Balaramprasad,0,0.56,0.76,0,0,0,0.76,-0.2,0.04
Odisha ,Angul ,Athmallik,4,Banarpal,0,0.96,1.11,0,0,0,1.11,-0.15,0.04
Odisha ,Angul ,Banarpal,5,Bauligarh,0,5.73,5.68,0,0,0,5.68,0.05,0.08
Odisha ,Angul ,Banarpal,6,Benagadia,0,0.54,1.01,0,0,0,1.01,-0.47,0.05
Odisha ,Angul ,Banarpal,7,Bhogabereni,0.04,3.64,3.15,0,0,0,3.15,0.48,0
Odisha ,Angul ,Banarpal,8,Bonda,0,1.12,1.14,0.09,0,0,1.23,-0.11,0
Odisha ,Angul ,Banarpal,9,Budhapanka,0.44,1.35,0.91,0,0,0,0.91,0.44,0.02
Odisha ,Angul ,Banarpal,10,Fulapada,0,3.16,3.38,0,0,0,3.38,-0.23,0
Odisha ,Angul ,Banarpal,11,Garhsantri,0,7.1,6.78,0.1,0,0,6.88,0.22,0
Odisha ,Angul ,Banarpal,12,Giranga,0,0.57,1.61,6.25,0.07,0,7.93,-7.36,0.05
Odisha ,Angul ,Banarpal,13,Gotamara,-0.02,3.02,2.35,0,0,0,2.35,0.67,0.02
Odisha ,Angul ,Banarpal,14,Jamunali,0,1.49,4.67,6.65,0.05,0,11.37,-9.87,0.16
Odisha ,Angul ,Banarpal,15,Jarada,0,1.25,1.74,0.89,0,0,2.64,-1.4,0.06
Odisha ,Angul ,Banarpal,16,Jarasinga,1.06,1.26,0.33,0,0,0,0.33,0.92,0.03
Odisha ,Angul ,Banarpal,17,Kandasar,0.97,1.11,0.59,0,0,0,0.59,0.52,0.05
Odisha ,Angul ,Banarpal,18,Kanjara,-0.04,2.96,2.04,0,0,0,2.04,0.92,0
Odisha ,Angul ,Banarpal,19,Karadagadia,0,0.43,2.12,4.3,0.05,0,6.47,-6.04,0
Odisha ,Angul ,Banarpal,20,Kukadanga,0.37,1.46,1.14,1.25,0,0,2.38,-0.93,0
Odisha ,Angul ,Banarpal,21,Kulad,0,0.05,0.09,0.19,0,0,0.28,-0.23,0.01
Odisha ,Angul ,Banarpal,22,Kumunda,0.66,1.54,1.27,4.29,0.05,0,5.6,-4.06,0
Odisha ,Angul ,Banarpal,23,Kurudol,0.18,0.74,0.67,0,0,0,0.67,0.07,0.1
Odisha ,Angul ,Banarpal,24,Mahidhar Pur,0,5.68,4.82,0,0,0,4.82,0.87,0.08
Odisha ,Angul ,Banarpal,25,Nuahata,0.04,1.89,1.65,0.62,0,0,2.27,-0.38,0.13
Odisha ,Angul ,Banarpal,26,Raniguda Jungle,0,0.68,0.85,0,0,0,0.85,-0.17,0
Odisha ,Angul ,Banarpal,27,Sankerjanga,0,0.36,0.75,1.6,0.02,0,2.37,-2.01,0
Odisha ,Angul ,Banarpal,28,Santarapur,0,3.9,5.71,0.95,0,0,6.66,-2.76,0.01
Odisha ,Angul ,Banarpal,29,Santarapur(Kha),0,4.5,4.74,0,0,0,4.74,-0.25,0.25
Odisha ,Angul ,Banarpal,30,Shakosingha,0.58,3.15,2.57,0,0,0,2.57,0.58,0.06
Odisha ,Angul ,Banarpal,31,Talamul,0,4.14,3.69,0.4,0,0,4.09,0.05,0
Odisha ,Angul ,Banarpal,32,Talamul Sasan,0,7.63,7.63,0,0,0,7.63,0,0.1
Odisha ,Angul ,Banarpal,33,Tubey,0,0.36,4.58,4.33,0.04,0,8.96,-8.6,0.01
Odisha ,Angul ,Banarpal,34,Tulasipal,0.04,3.24,3.1,0,0,0,3.1,0.14,0
Odisha ,Angul ,Banarpal,35,Turanga,0,0.67,0.93,0,0,0,0.93,-0.26,0.02
Odisha ,Angul ,Banarpal,,Total,4.42,79.21,93.17,37.76,0.36,0,131.29,-52.08,1.49
Odisha ,Angul ,Banarpal,,Block Level Line Deptt.,0.81,0.81,73.68,11.19,0,0.3,85.17,-84.36,2.63
Odisha ,Angul ,Banarpal,,Po,0,125.44,0,NA,NA,15.46,15.46,109.98,NA
Odisha ,Angul ,Banarpal,,Grand Total,5.22,205.46,166.85,48.95,0.36,15.76,231.92,-26.46,4.12
Odisha ,Angul ,Banarpal,1,Bagedia,0.51,14.53,12.86,4.14,0,0,17,-2.47,0.08
Odisha ,Angul ,Banarpal,2,Bahalsahi,0.03,14.71,11.09,5.76,0,0,16.84,-2.14,0.06
Odisha ,Angul ,Banarpal,3,Balipata,1.28,1.61,1.87,0.86,0,0,2.73,-1.12,0.01
Odisha ,Angul ,Banarpal,4,Barapada,0.03,1.51,2.09,0.42,0,0,2.52,-1.01,0.01
Odisha ,Angul ,Chhendipada,5,Barasahi,0.71,25.5,14.66,10.77,0,0,25.43,0.07,0.4
Odisha ,Angul ,Chhendipada,6,Basantapur,0.01,0.01,0,0,0,0,0,0.01,0
Odisha ,Angul ,Chhendipada,7,Brahmanbil,0.02,0.02,0.55,0,0,0,0.55,-0.53,0
Odisha ,Angul ,Chhendipada,8,Changudia,-0.22,5.27,5.53,0.78,0,0,6.31,-1.04,0.08
Odisha ,Angul ,Chhendipada,9,Chhendipada,0.38,4.66,4.02,1.44,0,0,5.46,-0.79,0.02
Odisha ,Angul ,Chhendipada,10,Durgapur,0.02,9.04,9.22,1.13,0,0,10.35,-1.31,0.09
Odisha ,Angul ,Chhendipada,11,Jarapada,0,1.63,4.2,0,0,0,4.2,-2.57,0.42
Odisha ,Angul ,Chhendipada,12,Jerang Dehurisahi,0.03,0.79,2.63,0,0,0,2.63,-1.84,0
Odisha ,Angul ,Chhendipada,13,Kampasala,0,16.4,10.08,3.25,0,0,13.32,3.08,0.91
Odisha ,Angul ,Chhendipada,14,Kanaloi,1.09,17.77,14.29,2.88,0,0,17.17,0.6,0
Odisha ,Angul ,Chhendipada,15,Kankarei,1,1,0,0,0,0,0,1,0
Odisha ,Angul ,Chhendipada,16,Katada,0,20.82,12.66,16.25,0,0,28.91,-8.1,0.32
Odisha ,Angul ,Chhendipada,17,Korada,1.91,6.59,4.82,1.04,0,0,5.86,0.73,0.15
Odisha ,Angul ,Chhendipada,18,Kosala,0.15,0.87,3.85,0,0,0,3.85,-2.98,0.01
Odisha ,Angul ,Chhendipada,19,Kukurpeta,0,8.05,6.72,1.61,0,0,8.33,-0.28,0.16
Odisha ,Angul ,Chhendipada,20,Kusakila,1.78,11.96,6.28,5.83,0,0,12.11,-0.15,0.07
Odisha ,Angul ,Chhendipada,21,Machhakuta,0.24,1.38,1.66,1.53,0,0,3.2,-1.81,0.52
Odisha ,Angul ,Chhendipada,22,Natada,-0.01,10.54,9.21,1.69,0,0,10.9,-0.35,0.15
Odisha ,Angul ,Chhendipada,23,Nisa,-0.45,2.22,2.55,0,0,0,2.55,-0.33,0.08
Odisha ,Angul ,Chhendipada,24,Nuagaon,0.36,12.12,10.21,1.09,0,0,11.3,0.82,0.25
Odisha ,Angul ,Chhendipada,25,Ogi,0.66,12.37,10.82,1.53,0,0,12.35,0.02,0.17
Odisha ,Angul ,Chhendipada,26,Para,0.2,11.41,10.24,1.82,0,0,12.06,-0.65,0
Odisha ,Angul ,Chhendipada,27,Paranga,0,0.23,0.54,0,0,0,0.54,-0.31,0
Odisha ,Angul ,Chhendipada,28,Patakamunda,0.26,4.02,5.04,1.05,0,0,6.09,-2.07,0.14
Odisha ,Angul ,Chhendipada,29,Patrapada,1.79,16.73,14.74,1.43,0,0,16.17,0.56,0.13
Odisha ,Angul ,Chhendipada,30,Raijharan,3.45,3.45,0,0,0,0,0,3.45,0
Odisha ,Angul ,Chhendipada,31,Similipal,0.53,0.53,0,0,0,0,0,0.53,0
Odisha ,Angul ,Chhendipada,32,T.Kodasahi,2.7,4.58,2.3,0.44,0,0,2.74,1.84,0.05
Odisha ,Angul ,Chhendipada,33,Tangiri,1.28,1.28,0.86,1.53,0,0,2.39,-1.11,0
Odisha ,Angul ,Chhendipada,34,Tukuda,0.51,7.43,2.83,4.31,0,0,7.15,0.28,0.02
Odisha ,Angul ,Chhendipada,,Total,20.24,251.04,198.42,72.59,0,0,271.01,-19.98,4.29
Odisha ,Angul ,Chhendipada,,Block Level Line Deptt.,0,0,361.45,107.42,0,1.44,470.31,-470.31,5.87
Odisha ,Angul ,Chhendipada,,Po,3.72,230.26,0,NA,NA,30.27,30.27,199.99,NA
Odisha ,Angul ,Chhendipada,,Grand Total,23.96,481.3,559.87,180.01,0,31.71,771.59,-290.3,10.16
Odisha ,Angul ,Chhendipada,1,Arkil,-0.06,19.26,15.03,4.71,0,0,19.74,-0.48,0.16
Odisha ,Angul ,Chhendipada,2,Badagunduri,0.03,0.32,0.29,0,0,0,0.29,0.03,0
Odisha ,Angul ,Chhendipada,3,Badatribida,0.27,0.88,0.61,0,0,0,0.61,0.27,0
Odisha ,Angul ,Chhendipada,4,Bajrakote,0.79,10.88,7.66,2.43,0,0,10.1,0.79,0.18
Odisha ,Angul ,Kaniha,5,Balipasi,0.05,10.14,9.21,0.88,0,0,10.1,0.04,0.11
Odisha ,Angul ,Kaniha,6,Bijigol,0.01,1.28,1.24,0,0,0,1.24,0.04,0.03
Odisha ,Angul ,Kaniha,7,Biru,0,6.14,4.33,1.83,0,0,6.16,-0.02,0.36
Odisha ,Angul ,Kaniha,8,Burukuna,0.03,17.42,13.77,3.84,0,0,17.61,-0.19,0.11
Odisha ,Angul ,Kaniha,9,Dalaka,0.11,2.89,2.51,0,0,0,2.51,0.38,0.26
Odisha ,Angul ,Kaniha,10,Derang,0.08,1.02,0.96,0,0,0,0.96,0.06,0
Odisha ,Angul ,Kaniha,11,Gadasila,0,1.43,2.22,0,0,0,2.22,-0.79,0.03
Odisha ,Angul ,Kaniha,12,Gandamala,0.03,40.48,22.65,17.74,0.09,0,40.48,0.01,0
Odisha ,Angul ,Kaniha,13,Hanumanpur,0.2,6.2,4.39,1.61,0,0,6,0.2,0.03
Odisha ,Angul ,Kaniha,14,Hariharpur,0,11.73,6.14,5.2,0.46,0,11.79,-0.06,0
Odisha ,Angul ,Kaniha,15,Jarada,0,0.24,0.24,0,0,0,0.24,0,0.05
Odisha ,Angul ,Kaniha,16,Kakudia,0.03,2.32,2.31,0,0,0,2.31,0.01,0
Odisha ,Angul ,Kaniha,17,Kamarei,0.12,2.27,2.14,0,0,0,2.14,0.12,0.08
Odisha ,Angul ,Kaniha,18,Kaniha,0.09,1.72,1.62,0,0,0,1.62,0.09,0.03
Odisha ,Angul ,Kaniha,19,Karnapal,-0.1,4.06,4.17,0,0,0,4.17,-0.11,0.07
Odisha ,Angul ,Kaniha,20,Kulei,-0.1,12.63,10.54,1.92,0.26,0,12.73,-0.1,0.18
Odisha ,Angul ,Kaniha,21,Kuluma,-0.04,17.57,15.52,2.12,0,0,17.65,-0.07,0.27
Odisha ,Angul ,Kaniha,22,Parabil,-0.01,8,7.82,0.18,0,0,8,-0.01,0
Odisha ,Angul ,Kaniha,23,Rengali,1.03,5.71,4.54,0.15,0,0,4.69,1.03,0.03
Odisha ,Angul ,Kaniha,24,Samal,0,1.28,1.01,0.28,0,0,1.29,-0.01,0
Odisha ,Angul ,Kaniha,25,Sanatribida,-0.32,0.96,1.28,0,0,0,1.28,-0.32,0
Odisha ,Angul ,Kaniha,26,Susuba,1.62,9.92,8.02,0.28,0,0,8.3,1.62,0.15
Odisha ,Angul ,Kaniha,27,Talapada,-0.02,3.51,3.53,0,0,0,3.53,-0.02,0
Odisha ,Angul ,Kaniha,,Total,3.86,200.26,153.76,43.18,0.81,0,197.75,2.51,2.12
Odisha ,Angul ,Kaniha,,Block Level Line Deptt.,3.83,3.83,49.9,21.27,0,0,71.17,-67.34,1.28
Odisha ,Angul ,Kaniha,,Po,4.03,26.3,0,NA,NA,20.51,20.51,5.79,NA
Odisha ,Angul ,Kaniha,,Grand Total,11.72,230.39,203.66,64.45,0.81,20.51,289.43,-59.04,3.4
Odisha ,Angul ,Kaniha,1,Ambapal,0,12.3,12.28,0,0,0,12.28,0.01,0
Odisha ,Angul ,Kaniha,2,Angapada,0.17,9.99,9.83,0,0,0,9.83,0.17,0.03
Odisha ,Angul ,Kaniha,3,Bamur,-0.02,26.85,24.8,2.06,0,0,26.86,-0.02,1.18
Odisha ,Angul ,Kaniha,4,Bileinali,0,18.63,13.1,5.45,0,0,18.55,0.08,1.31
Odisha ,Angul ,Kishorenagar,5,Dhadarpal,-0.01,25.28,11.07,12.26,0,0,23.33,1.95,0.06
Odisha ,Angul ,Kishorenagar,6,Dhaurapali,0.24,43.39,16.85,26.32,0,0,43.17,0.22,1.88
Odisha ,Angul ,Kishorenagar,7,Gaon Boinda,-0.03,18.27,12.65,5.66,0,0,18.31,-0.03,1.05
Odisha ,Angul ,Kishorenagar,8,Handapa,0.52,21.58,18.12,2.98,0,0,21.09,0.49,0.54
Odisha ,Angul ,Kishorenagar,9,Himitira,-0.06,15.74,15.77,0,0,0,15.77,-0.03,0
Odisha ,Angul ,Kishorenagar,10,Jairat,0.14,13.66,12.58,0.94,0,0,13.52,0.14,0.01
Odisha ,Angul ,Kishorenagar,11,Jamunali,-0.1,17.39,17.49,0,0,0,17.49,-0.1,1.82
Odisha ,Angul ,Kishorenagar,12,Jharberani,0.05,11.21,9.18,1.64,0,0,10.82,0.39,0.05
Odisha ,Angul ,Kishorenagar,13,Kadalimunda,2.14,17.97,15.83,0,0,0,15.83,2.14,1.44
Odisha ,Angul ,Kishorenagar,14,Kanteikulia,0.58,7.44,6.86,0,0,0,6.86,0.58,0.01
Odisha ,Angul ,Kishorenagar,15,Kataranga,0.16,17.96,13.68,4.12,0,0,17.8,0.16,0.09
Odisha ,Angul ,Kishorenagar,16,Luhamunda,0,16.01,15.77,0,0,0,15.77,0.24,0.24
Odisha ,Angul ,Kishorenagar,17,Nakchi,0.22,14.93,11.62,3.05,0,0,14.67,0.26,0.46
Odisha ,Angul ,Kishorenagar,18,Nunukapasi,-0.03,21.78,21.62,0,0,0,21.62,0.16,0.19
Odisha ,Angul ,Kishorenagar,19,Oskapali,0,21.4,21.41,0,0,0,21.41,0,0.27
Odisha ,Angul ,Kishorenagar,20,Raniakata,0.46,10.17,7.56,1.76,0,0,9.32,0.85,0.01
Odisha ,Angul ,Kishorenagar,21,Sanjamura,0.32,45.77,43.42,2.01,0,0,45.43,0.34,3.35
Odisha ,Angul ,Kishorenagar,22,Thelkonali,0,7.85,7.83,0,0,0,7.83,0.01,0.09
Odisha ,Angul ,Kishorenagar,23,Urukula,-0.24,21.6,18.44,3.44,0,0,21.87,-0.27,1.29
Odisha ,Angul ,Kishorenagar,,Total,4.5,437.18,357.77,71.68,0,0,429.45,7.73,15.37
Odisha ,Angul ,Kishorenagar,,Block Level Line Deptt.,-10.93,-10.93,164.91,72.04,0,0,236.95,-247.88,2.69
Odisha ,Angul ,Kishorenagar,,Po,12.85,51.88,0,NA,NA,23.06,23.06,28.82,NA
Odisha ,Angul ,Kishorenagar,,Grand Total,6.41,478.13,522.68,143.72,0,23.06,689.46,-211.33,18.06
Odisha ,Angul ,Kishorenagar,1,Allori,-1.36,21.18,20.98,1.56,0,0,22.54,-1.36,0.07
Odisha ,Angul ,Kishorenagar,2,Badasada,3.62,40.54,35.47,1.86,0.01,0,37.34,3.2,0.22
Odisha ,Angul ,Kishorenagar,3,Balipasi,-0.16,11.72,11.83,0,0,0,11.83,-0.12,0.04
Odisha ,Angul ,Kishorenagar,4,Bandhabhuin,-0.1,32.02,23.1,8.97,0.18,0,32.25,-0.23,0.12
Odisha ,Angul ,Palalahada,5,Baradiha,0,7.17,6.64,9.05,0.09,0,15.78,-8.61,1
Odisha ,Angul ,Palalahada,6,Batisuan,0.01,21.37,16.3,5.06,0,0,21.36,0.01,1.18
Odisha ,Angul ,Palalahada,7,Chasagurujang,-1.34,9.39,10.73,0,0,0,10.73,-1.34,0.08
Odisha ,Angul ,Palalahada,8,Dimiria,-0.17,19,19.21,0,0,0,19.21,-0.21,1.7
Odisha ,Angul ,Palalahada,9,Injidi,-0.18,33.23,32.25,1.12,0.04,0,33.42,-0.18,0.03
Odisha ,Angul ,Palalahada,10,Iswarnagar,-0.67,16.63,17.3,0,0,0,17.3,-0.67,0.65
Odisha ,Angul ,Palalahada,11,Jharabeda,1.16,58.21,29.99,27.2,0,0,57.19,1.02,0.89
Odisha ,Angul ,Palalahada,12,Karadapal,1.32,41.4,29.79,10.29,0,0,40.08,1.32,1.25
Odisha ,Angul ,Palalahada,13,Khamara,-0.45,25.92,28.21,26.48,0.14,0,54.83,-28.91,0.25
Odisha ,Angul ,Palalahada,14,Khemala,-0.06,15.05,15.1,0,0,0,15.1,-0.05,0.11
Odisha ,Angul ,Palalahada,15,Kunjam,0,25.98,19.86,14.02,0.11,0,33.99,-8,0.1
Odisha ,Angul ,Palalahada,16,Munduribeda,1.06,17.38,12.73,5.89,0.01,0,18.63,-1.24,0.13
Odisha ,Angul ,Palalahada,17,Nagira,0,8.77,5.54,3.65,0.01,0,9.21,-0.44,0.64
Odisha ,Angul ,Palalahada,18,Namapashi,-0.11,35.02,24.05,10.87,0.04,0,34.95,0.07,0.74
Odisha ,Angul ,Palalahada,19,Nijigada,0,4.78,6.07,0.25,0,0,6.32,-1.53,0.01
Odisha ,Angul ,Palalahada,20,Pabitrapur,0.92,16.71,10.47,5.36,0,0,15.83,0.88,0.11
Odisha ,Angul ,Palalahada,21,Parachhata,-0.11,17.51,12.3,5.27,0.04,0,17.62,-0.11,0.22
Odisha ,Angul ,Palalahada,22,Pechamundi,0.02,19.35,16.25,11.78,0.08,0,28.11,-8.76,0.6
Odisha ,Angul ,Palalahada,23,Rajadang,-0.07,18.5,14.4,16.13,0.21,0,30.74,-12.24,0.1
Odisha ,Angul ,Palalahada,24,Rohila,-0.45,42.2,27.97,14.06,0.42,0,42.46,-0.26,0.64
Odisha ,Angul ,Palalahada,25,Saida,-0.57,11.48,10.21,1.83,0.01,0,12.06,-0.58,0.07
Odisha ,Angul ,Palalahada,26,Sankhamur,-0.28,71.76,36.11,44.1,0.28,0,80.49,-8.73,0.51
Odisha ,Angul ,Palalahada,27,Seagarh,0.04,24.81,19.48,5.22,0.07,0,24.77,0.04,0.23
Odisha ,Angul ,Palalahada,,Total,2.05,667.08,512.34,230.03,1.75,0,744.11,-77.03,11.68
Odisha ,Angul ,Palalahada,,Block Level Line Deptt.,-10.86,-10.86,229.24,146.95,1.62,0.62,378.43,-389.29,4.62
Odisha ,Angul ,Palalahada,,Po,-1.27,167.09,0,NA,NA,17.49,17.49,149.6,NA
Odisha ,Angul ,Palalahada,,Grand Total,-10.08,823.3,741.58,376.98,3.37,18.11,1140.03,-316.72,16.3
Odisha ,Angul ,Palalahada,1,Badajorada,0.03,2.29,2.55,2.05,0,0,4.6,-2.31,0
Odisha ,Angul ,Palalahada,2,Bantol,0,2.75,1.5,1.24,0,0,2.74,0,0
Odisha ,Angul ,Palalahada,3,Brajanathpur,0,1.87,1.49,0.4,0,0,1.89,-0.02,0.03
Odisha ,Angul ,Palalahada,4,Danara,0,2.59,0.65,1.94,0,0,2.59,0,0
Odisha ,Angul ,Talacher,5,Dera,0,0.27,0.18,0.09,0,0,0.27,0,0
Odisha ,Angul ,Talacher,6,Dharampur,0.02,8.35,8.11,0.22,0,0,8.33,0.03,0.01
Odisha ,Angul ,Talacher,7,Ghantapada,4.03,6.82,2.37,0.36,0.06,0,2.79,4.03,0
Odisha ,Angul ,Talacher,8,Gobra,0.02,4.62,3.43,1.17,0,0,4.6,0.02,0
Odisha ,Angul ,Talacher,9,Gopal Prasad,0,1.68,1.71,0,0,0,1.71,-0.03,0.42
Odisha ,Angul ,Talacher,10,Gurujang,0.03,4.84,3.62,1.18,0,0,4.81,0.03,0.04
Odisha ,Angul ,Talacher,11,Gurujanguli,0,8.32,6.5,1.79,0.02,0,8.32,0,0
Odisha ,Angul ,Talacher,12,Hensmul,0,1.7,1.69,0,0,0,1.69,0,0.01
Odisha ,Angul ,Talacher,13,Jaganathpur,0,1.42,1.42,0,0,0,1.42,0,0
Odisha ,Angul ,Talacher,14,Kalamchuin,0,0,0,0,0,0,0,0,0
Odisha ,Angul ,Talacher,15,Kandhal,0.03,4.97,5.27,4.23,0,0,9.49,-4.52,0.04
Odisha ,Angul ,Talacher,16,Kankili,0,1.04,0.61,0.43,0,0,1.04,0,0
Odisha ,Angul ,Talacher,17,Karnapur,0,2.35,2.24,0.11,0,0,2.35,0,0.14
Odisha ,Angul ,Talacher,18,Kumunda,0,0.64,0.85,1.52,0,0,2.38,-1.74,0.01
Odisha ,Angul ,Talacher,19,Padmabatipur,0.03,5.46,4.2,1.24,0,0,5.44,0.03,0
Odisha ,Angul ,Talacher,20,Santhapada,0.05,3.85,3.81,0,0,0,3.81,0.05,0.21
Odisha ,Angul ,Talacher,21,Tentulei,0.02,5.32,5.3,0,0,0,5.3,0.02,0.69
Odisha ,Angul ,Talacher,,Total,4.27,71.14,57.51,17.97,0.08,0,75.57,-4.43,1.61
Odisha ,Angul ,Talacher,,Block Level Line Deptt.,2.18,2.18,2.18,4.23,0,0,6.41,-4.23,0.14
Odisha ,Angul ,Talacher,,Po,-6.98,14.38,0,NA,NA,9.76,9.76,4.62,NA
Odisha ,Angul ,Talacher,,Grand Total,-0.54,87.7,59.69,22.2,0.08,9.76,91.74,-4.04,1.75
Odisha,Baleshwar ,Talacher,1,Anji,0.03,0.03,0.12,0,0,0,0.12,-0.09,0
Odisha,Baleshwar ,Talacher,2,Aruhabad,0.14,13.05,9.31,5.42,0.07,0,14.8,-1.75,0.28
Odisha,Baleshwar ,Talacher,3,Avana,0.25,0.25,0.39,0,0,0,0.39,-0.14,0
Odisha,Baleshwar ,Talacher,4,Bahanaga,1.05,1.05,0.22,0,0,0,0.22,0.83,0.01
Odisha,Baleshwar ,Bahanaga,5,Baripada,1.55,1.55,0.04,0,0,0,0.04,1.51,0
Odisha,Baleshwar ,Bahanaga,6,Bishnupur,0.17,0.17,0.35,0,0,0,0.35,-0.17,0
Odisha,Baleshwar ,Bahanaga,7,Chakjagannathpur,0,0.75,0.72,0,0,0,0.72,0.03,0
Odisha,Baleshwar ,Bahanaga,8,Chittal,0.37,0.37,0.02,0,0,0,0.02,0.35,0
Odisha,Baleshwar ,Bahanaga,9,Dandaharipur,1.22,1.22,0.19,0,0,0,0.19,1.03,0
Odisha,Baleshwar ,Bahanaga,10,Gopalpur,0.96,0.96,1.88,0,0,0,1.88,-0.92,0.07
Odisha,Baleshwar ,Bahanaga,11,Kalyani,0.2,0.2,0.18,0,0,0,0.18,0.03,0
Odisha,Baleshwar ,Bahanaga,12,Kasabajaypur,0.24,0.24,0.16,0,0,0,0.16,0.07,0
Odisha,Baleshwar ,Bahanaga,13,Khantapada,0.14,0.14,0.96,0,0,0,0.96,-0.82,0
Odisha,Baleshwar ,Bahanaga,14,Kharasahapur,0.55,4.17,3.77,0,0,0,3.77,0.4,0.16
Odisha,Baleshwar ,Bahanaga,15,Kochiakoili,0.06,0.06,0.02,0,0,0,0.02,0.04,0
Odisha,Baleshwar ,Bahanaga,16,Kuruda,0.02,0.02,0.45,0,0,0,0.45,-0.43,0
Odisha,Baleshwar ,Bahanaga,17,Nuapur,0,0,0.14,0,0,0,0.14,-0.14,0
Odisha,Baleshwar ,Bahanaga,18,Odasal,0,0,0.01,0,0,0,0.01,-0.01,0
Odisha,Baleshwar ,Bahanaga,19,Panapana,0.14,2.62,0.71,0,0,0,0.71,1.91,0
Odisha,Baleshwar ,Bahanaga,20,Pandasuni,0,0,1.01,0,0,0,1.01,-1.01,0
Odisha,Baleshwar ,Bahanaga,21,Patharpentha,0.08,0.08,0.5,0,0,0,0.5,-0.42,0
Odisha,Baleshwar ,Bahanaga,22,Sahaspura,0.17,0.17,0.29,0,0,0,0.29,-0.12,0
Odisha,Baleshwar ,Bahanaga,23,Saud,0.02,0.02,0.17,0,0,0,0.17,-0.15,0
Odisha,Baleshwar ,Bahanaga,24,Talakurunia,0.45,2.32,2.61,0,0,0,2.61,-0.28,0.03
Odisha,Baleshwar ,Bahanaga,,Total,7.82,29.45,24.24,5.42,0.07,0,29.73,-0.28,0.55
Odisha,Baleshwar ,Bahanaga,,Block Level Line Deptt.,-1.01,-1.01,307.39,47.66,0.27,0.34,355.67,-356.68,3.02
Odisha,Baleshwar ,Bahanaga,,Po,-6.76,352.86,0,NA,NA,13.03,13.03,339.83,NA
Odisha,Baleshwar ,Bahanaga,,Grand Total,0.06,381.3,331.63,53.08,0.34,13.37,398.43,-17.13,3.57
Odisha,Baleshwar ,Bahanaga,1,Alumeda,0,0.81,0.15,0,0,0,0.15,0.66,0
Odisha,Baleshwar ,Bahanaga,2,Anko,0,0.08,0.97,8.72,0.1,0,9.79,-9.71,0
Odisha,Baleshwar ,Bahanaga,3,Bahabalpur,0,0.07,0.64,0,0,0,0.64,-0.58,0.02
Odisha,Baleshwar ,Bahanaga,4,Baincha,0,0,0.4,0,0,0,0.4,-0.4,0
Odisha,Baleshwar ,Baleshwar,5,Bardhanpur,0,2.69,0.56,0,0,0,0.56,2.13,0.03
Odisha,Baleshwar ,Baleshwar,6,Buanl,0,0,1.06,0,0,0,1.06,-1.06,0.04
Odisha,Baleshwar ,Baleshwar,7,Chandipur,0,0,0.13,0,0,0,0.13,-0.13,0
Odisha,Baleshwar ,Baleshwar,8,Chhanua,0,0.92,0.21,0,0,0,0.21,0.71,0
Odisha,Baleshwar ,Baleshwar,9,Dubulgadi,0,4.98,1.72,0,0,0,1.72,3.26,0
Odisha,Baleshwar ,Baleshwar,10,Genguti,0.05,0.05,0.08,0,0,0,0.08,-0.04,0
Odisha,Baleshwar ,Baleshwar,11,Gopinathpur,0.01,0.01,0.68,0,0,0,0.68,-0.66,0
Odisha,Baleshwar ,Baleshwar,12,Gudu,-0.01,0.55,0.87,0,0,0,0.87,-0.32,0
Odisha,Baleshwar ,Baleshwar,13,Haldipada,0.01,0.26,0.24,0,0,0,0.24,0.02,0
Odisha,Baleshwar ,Baleshwar,14,Hidigan,0,0.25,0.68,0,0,0,0.68,-0.43,0
Odisha,Baleshwar ,Baleshwar,15,Jayadeba Kasaba,0.01,3.37,1.24,0,0,0,1.24,2.13,0.1
Odisha,Baleshwar ,Baleshwar,16,Kasafal,3.1,3.1,0.29,0,0,0,0.29,2.82,0
Odisha,Baleshwar ,Baleshwar,17,Kasipada,0.22,0.22,0.23,0,0,0,0.23,-0.01,0
Odisha,Baleshwar ,Baleshwar,18,Khannagar,0,0.04,0.51,3.54,0.04,0,4.09,-4.05,0
Odisha,Baleshwar ,Baleshwar,19,Kuradiha,0,0,0.01,0,0,0,0.01,-0.01,0
Odisha,Baleshwar ,Baleshwar,20,Nagram,0,1.73,1.76,0,0,0,1.76,-0.03,0.15
Odisha,Baleshwar ,Baleshwar,21,Odangi,0,0.55,0.64,0,0,0,0.64,-0.09,0.02
Odisha,Baleshwar ,Baleshwar,22,Olanda Sargan,0,0,0.14,0,0,0,0.14,-0.14,0
Odisha,Baleshwar ,Baleshwar,23,Padmapur,0,0,0.21,0,0,0,0.21,-0.21,0
Odisha,Baleshwar ,Baleshwar,24,Panchupada,0,0,0.59,6.87,0.07,0,7.52,-7.52,0.01
Odisha,Baleshwar ,Baleshwar,25,Parikhi,-0.34,-0.34,0.27,0,0,0,0.27,-0.61,0.38
Odisha,Baleshwar ,Baleshwar,26,Patrapada,1.16,1.16,0.17,0,0,0,0.17,0.99,0
Odisha,Baleshwar ,Baleshwar,27,Raisuan,0,0.03,1.26,17.52,0.19,0,18.96,-18.93,0.1
Odisha,Baleshwar ,Baleshwar,28,Ranasahi,0.02,0.02,0.15,0.11,0,0,0.26,-0.24,0
Odisha,Baleshwar ,Baleshwar,29,Rasalpur,-0.28,1.09,1.44,0,0,0,1.44,-0.34,0
Odisha,Baleshwar ,Baleshwar,30,Rasulpur,0,0,0.2,0,0,0,0.2,-0.2,0
Odisha,Baleshwar ,Baleshwar,31,Rupsa Samil Hasanpur,0,0,0.18,0,0,0,0.18,-0.18,0
Odisha,Baleshwar ,Baleshwar,32,Sargan,0,1.93,2.19,0,0,0,2.19,-0.26,0.02
Odisha,Baleshwar ,Baleshwar,33,Sartha,-0.04,-0.04,0.03,0,0,0,0.03,-0.08,0
Odisha,Baleshwar ,Baleshwar,34,Sasang,0,0,0.34,0,0,0,0.34,-0.34,0
Odisha,Baleshwar ,Baleshwar,35,Sindhia,0.53,0.53,0.12,0,0,0,0.12,0.41,0
Odisha,Baleshwar ,Baleshwar,36,Srikona,0,0,0.09,0,0,0,0.09,-0.09,0
Odisha,Baleshwar ,Baleshwar,37,Srirampur,0,0,0.35,0,0,0,0.35,-0.35,0
Odisha,Baleshwar ,Baleshwar,,Total,4.43,24.04,20.78,36.76,0.39,0,57.94,-33.89,0.88
Odisha,Baleshwar ,Baleshwar,,Block Level Line Deptt.,0.24,0.24,654.96,21.5,0.22,0,676.68,-676.44,11.28
Odisha,Baleshwar ,Baleshwar,,Po,-9.01,734.06,0,NA,NA,22.82,22.82,711.24,NA
Odisha,Baleshwar ,Baleshwar,,Grand Total,-4.34,758.34,675.74,58.26,0.61,22.82,757.44,0.91,12.16
Odisha,Baleshwar ,Baleshwar,1,Aladiha,-0.05,20.18,19.09,1.13,0,0,20.23,-0.05,0.07
Odisha,Baleshwar ,Baleshwar,2,Asti,-0.01,18.57,17.26,1.36,0,0,18.62,-0.05,1.8
Odisha,Baleshwar ,Baleshwar,3,Balarampur,0.01,26.26,24.24,1.71,0.3,0,26.25,0.01,0.14
Odisha,Baleshwar ,Baliapal,4,Baliapal,-0.02,9.02,9.1,0.42,0,0,9.52,-0.49,0
Odisha,Baleshwar ,Baliapal,5,Balikuti,0.01,17.13,15.99,0.94,0.02,0,16.95,0.18,0.25
Odisha,Baleshwar ,Baliapal,6,Baniadiha,0.02,26.53,24.09,2.19,0.24,0,26.51,0.02,0.08
Odisha,Baleshwar ,Baliapal,7,Betagadia,0.12,22.33,22.36,0.58,0.02,0,22.96,-0.62,0.17
Odisha,Baleshwar ,Baliapal,8,Bishnupur,0,32.27,32.27,0,0,0,32.27,0,0.12
Odisha,Baleshwar ,Baliapal,9,Bodas,-0.11,24,24.11,0,0,0,24.11,-0.11,0.03
Odisha,Baleshwar ,Baliapal,10,Bolang,-0.02,20.86,20.22,0.66,0,0,20.88,-0.02,0.65
Odisha,Baleshwar ,Baliapal,11,Chaumukh,0.16,16.28,14.77,1.35,0,0,16.12,0.16,0.1
Odisha,Baleshwar ,Baliapal,12,Dagara,-0.02,32.21,32.22,0,0,0,32.22,-0.02,0.13
Odisha,Baleshwar ,Baliapal,13,Debhog,-0.24,17.25,16.89,0.61,0,0,17.49,-0.25,0.05
Odisha,Baleshwar ,Baliapal,14,Deula,-0.03,36.09,36.15,0,0,0,36.15,-0.06,0.11
Odisha,Baleshwar ,Baliapal,15,Ghantua,0.01,6.18,5.32,0.8,0.04,0,6.17,0.01,0.07
Odisha,Baleshwar ,Baliapal,16,Jagatipur,-0.11,19.78,19.82,0,0,0,19.82,-0.04,0.83
Odisha,Baleshwar ,Baliapal,17,Jamakunda,0.01,25.16,25.12,0,0,0,25.12,0.04,0.01
Odisha,Baleshwar ,Baliapal,18,Jambhirai,-0.16,25.94,25.28,0.78,0.04,0,26.1,-0.16,0.14
Odisha,Baleshwar ,Baliapal,19,Kumbhari,0.65,8.06,7.41,0,0,0,7.41,0.65,0.14
Odisha,Baleshwar ,Baliapal,20,Kunduli,0.03,25.93,24.13,1.71,0.05,0,25.9,0.03,1.38
Odisha,Baleshwar ,Baliapal,21,Madhupura,-0.04,23.56,22.76,0.85,0,0,23.6,-0.04,0.35
Odisha,Baleshwar ,Baliapal,22,Nikhira,-0.03,16.97,17,0,0,0,17,-0.03,0.17
Odisha,Baleshwar ,Baliapal,23,Nuagaon,-0.03,21.81,13.52,7.56,0.76,0,21.84,-0.03,0.43
Odisha,Baleshwar ,Baliapal,24,Panchupalli,0.01,19.28,19.28,0,0,0,19.28,0.01,0.04
Odisha,Baleshwar ,Baliapal,25,Pratappur,-0.25,17.43,14.95,2.46,0.3,0,17.71,-0.27,0.02
Odisha,Baleshwar ,Baliapal,26,Ratei,-0.09,18.11,18.22,0.04,0,0,18.26,-0.15,0.04
Odisha,Baleshwar ,Baliapal,27,Saudi,0,24,23.03,0,0,0,23.03,0.97,1.29
Odisha,Baleshwar ,Baliapal,28,Srirampur,-0.01,17.71,17.72,0,0,0,17.72,-0.01,0
Odisha,Baleshwar ,Baliapal,,Total,-0.2,588.88,562.3,25.16,1.77,0,589.23,-0.35,8.6
Odisha,Baleshwar ,Baliapal,,Block Level Line Deptt.,0.39,0.39,65.3,24.52,1.78,0.64,92.25,-91.86,4.47
Odisha,Baleshwar ,Baliapal,,Po,13.96,89.24,0,NA,NA,20.33,20.33,68.91,NA
Odisha,Baleshwar ,Baliapal,,Grand Total,14.15,678.51,627.6,49.68,3.55,20.97,701.81,-23.3,13.07
Odisha,Baleshwar ,Baliapal,1,Baharda,0.06,3.72,1.77,6.14,0,0,7.9,-4.18,0
Odisha,Baleshwar ,Baliapal,2,Barunagadia,0,0,0.82,1.21,0,0,2.03,-2.03,0.02
Odisha,Baleshwar ,Baliapal,3,Basuchakurai,0,4.95,4.16,15.41,0.06,0,19.62,-14.67,0.06
Odisha,Baleshwar ,Basta,4,Brahmanda,0.1,8.55,8.41,5.86,0,0,14.26,-5.71,0.41
Odisha,Baleshwar ,Basta,5,Chormara,-0.05,5.32,1.15,5.18,0.09,0,6.42,-1.1,0
Odisha,Baleshwar ,Basta,6,Darada,-0.01,2.43,2.71,0,0,0,2.71,-0.29,0
Odisha,Baleshwar ,Basta,7,Dudhahansa,0,0.53,1.22,0,0,0,1.22,-0.68,0
Odisha,Baleshwar ,Basta,8,Gadapada,0.18,0.18,0.91,0,0,0,0.91,-0.73,0
Odisha,Baleshwar ,Basta,9,Irda,-0.26,4.29,5.91,5.29,0.13,0,11.33,-7.04,0.07
Odisha,Baleshwar ,Basta,10,Kadarayan,0,0.21,0.74,0.53,0,0,1.27,-1.06,0
Odisha,Baleshwar ,Basta,11,Kainagari,0,5.36,3.9,9.15,0,0,13.05,-7.69,0.07
Odisha,Baleshwar ,Basta,12,Karua,0,0.25,0.58,0,0,0,0.58,-0.33,0
Odisha,Baleshwar ,Basta,13,Kudia,0,0.5,4.88,10.03,0,0,14.91,-14.42,0
Odisha,Baleshwar ,Basta,14,Kulida,-0.15,3.89,2.09,4.34,0,0,6.42,-2.53,0
Odisha,Baleshwar ,Basta,15,Mathani,0.04,5.41,2.28,4.81,0,0,7.09,-1.68,0.09
Odisha,Baleshwar ,Basta,16,Mukulisi,-0.07,3.21,0.59,3.1,0,0,3.69,-0.49,0
Odisha,Baleshwar ,Basta,17,Nabara,-0.25,10.4,8.58,5.77,0.02,0,14.36,-3.97,0.01
Odisha,Baleshwar ,Basta,18,Naikudi,0.08,2.7,3.87,1.59,0,0,5.46,-2.76,0.09
Odisha,Baleshwar ,Basta,19,Natakata,0.03,0.03,1.83,1.37,0,0,3.19,-3.17,0
Odisha,Baleshwar ,Basta,20,Patharjhara,0,6.83,5.52,6.1,0,0,11.61,-4.79,0.13
Odisha,Baleshwar ,Basta,21,Paunskuli,-0.07,-0.07,0.54,0,0,0,0.54,-0.6,0
Odisha,Baleshwar ,Basta,22,Purusottampur,0.13,1.39,1.68,0.18,0.02,0,1.88,-0.49,0
Odisha,Baleshwar ,Basta,23,Putura,0.18,0.18,0.65,1.39,0,0,2.04,-1.86,0
Odisha,Baleshwar ,Basta,24,Raghunathpur,0.08,0.08,0.62,1.51,0.16,0,2.28,-2.2,0.03
Odisha,Baleshwar ,Basta,25,Routpada,0.05,8.74,5.63,4.65,0,0,10.28,-1.54,0.13
Odisha,Baleshwar ,Basta,26,Sadanandapur,0.03,4.75,2.41,10.13,0,0,12.55,-7.8,0.05
Odisha,Baleshwar ,Basta,27,Sahada,0.05,5.16,5.96,0.9,0,0,6.86,-1.7,0.02
Odisha,Baleshwar ,Basta,28,Santoshpur,-0.06,-0.06,0.27,0.42,0.01,0,0.7,-0.76,0
Odisha,Baleshwar ,Basta,29,Singla,0.35,0.38,1.02,1,0,0,2.02,-1.65,0
Odisha,Baleshwar ,Basta,30,Tadada,0.23,1.52,1.9,0,0,0,1.9,-0.38,0.01
Odisha,Baleshwar ,Basta,31,Velora,0,6.8,2.59,6.94,0,0,9.54,-2.73,0
Odisha,Baleshwar ,Basta,,Total,0.67,97.61,85.14,112.98,0.51,0,198.64,-101.03,1.19
Odisha,Baleshwar ,Basta,,Block Level Line Deptt.,0.42,0.42,422.84,18.25,0.3,0.63,442.02,-441.6,5.32
Odisha,Baleshwar ,Basta,,Po,-4.93,548.43,0,NA,NA,23.9,23.9,524.53,NA
Odisha,Baleshwar ,Basta,,Grand Total,-3.83,646.46,507.98,131.23,0.81,24.53,664.56,-18.1,6.51
Odisha,Baleshwar ,Basta,1,Analia,0,0,0.03,0,0,0,0.03,-0.03,0
Odisha,Baleshwar ,Basta,2,Aruhabruti-1,0,0,0.09,0,0,0,0.09,-0.09,0
Odisha,Baleshwar ,Basta,3,Bajitpur,0,0,0.33,0,0,0,0.33,-0.33,0
Odisha,Baleshwar ,Bhograi,4,Balim,0,0,0.31,0,0,0,0.31,-0.31,0
Odisha,Baleshwar ,Bhograi,5,Barabatia,0,0,0.17,0,0,0,0.17,-0.17,0.01
Odisha,Baleshwar ,Bhograi,6,Baunsadiha,0,0,0.17,0,0,0,0.17,-0.17,0
Odisha,Baleshwar ,Bhograi,7,Bhograi,0,0,0.21,0,0,0,0.21,-0.21,0
Odisha,Baleshwar ,Bhograi,8,Dahunda,0,0,0.08,0,0,0,0.08,-0.08,0
Odisha,Baleshwar ,Bhograi,9,Daruha,0,0,0.33,0,0,0,0.33,-0.33,0
Odisha,Baleshwar ,Bhograi,10,Dehurda,0,0.75,0.92,0,0,0,0.91,-0.17,0
Odisha,Baleshwar ,Bhograi,11,Deula,0,1.9,2.13,0,0,0,2.13,-0.23,0.1
Odisha,Baleshwar ,Bhograi,12,Durpal,0,0,0.26,0,0,0,0.26,-0.26,0
Odisha,Baleshwar ,Bhograi,13,Gabagan,0,0,0.4,0,0,0,0.4,-0.4,0
Odisha,Baleshwar ,Bhograi,14,Gochhidateghari,0,2.9,2.4,0.56,0.02,0,2.98,-0.08,0.08
Odisha,Baleshwar ,Bhograi,15,Gopinathapur,0,0,0.32,0,0,0,0.32,-0.32,0
Odisha,Baleshwar ,Bhograi,16,Gunasartha,0,0,0.14,0,0,0,0.14,-0.14,0
Odisha,Baleshwar ,Bhograi,17,Guneibasan,0,0,0.02,0,0,0,0.02,-0.02,0
Odisha,Baleshwar ,Bhograi,18,Hooguli,0,0,0.08,0,0,0,0.08,-0.08,0
Odisha,Baleshwar ,Bhograi,19,Jagannathpur,0,0,0.08,0.35,0.03,0,0.46,-0.46,0
Odisha,Baleshwar ,Bhograi,20,Jaleswarpur,0,0,0.06,0,0,0,0.06,-0.06,0
Odisha,Baleshwar ,Bhograi,21,Jalsoharia,0,0,0.06,0,0,0,0.06,-0.06,0
Odisha,Baleshwar ,Bhograi,22,Jayrampur,0,0,0.02,0,0,0,0.02,-0.02,0
Odisha,Baleshwar ,Bhograi,23,K.Kamarda,0,0.54,0.6,0,0,0,0.6,-0.05,0.01
Odisha,Baleshwar ,Bhograi,24,Kachuadi,0,0,0.09,0,0,0,0.09,-0.09,0
Odisha,Baleshwar ,Bhograi,25,Kakhada,0,0,0.44,0.49,0.02,0,0.94,-0.94,0
Odisha,Baleshwar ,Bhograi,26,Khanthibhanuri,0,1.87,1.99,0,0,0,1.99,-0.12,0.1
Odisha,Baleshwar ,Bhograi,27,Kharidpipal,0,0,0.18,0,0,0,0.18,-0.18,0
Odisha,Baleshwar ,Bhograi,28,Kulida,0,0.63,0.96,0,0,0,0.96,-0.34,0.09
Odisha,Baleshwar ,Bhograi,29,Kumbharmuli,0,0,0.05,0,0,0,0.05,-0.05,0
Odisha,Baleshwar ,Bhograi,30,Kumbhirgadi,0,0,0.17,0,0,0,0.17,-0.17,0
Odisha,Baleshwar ,Bhograi,31,Kusuda,0,0,0.17,0,0,0,0.17,-0.17,0
Odisha,Baleshwar ,Bhograi,32,Mahagab,0,0,0.31,0,0,0,0.31,-0.31,0
Odisha,Baleshwar ,Bhograi,33,Maheshpur,0,0,0.17,0,0,0,0.17,-0.17,0
Odisha,Baleshwar ,Bhograi,34,Mandarsahi,0,0,0.09,0,0,0,0.09,-0.09,0
Odisha,Baleshwar ,Bhograi,35,N. M. Padia,0,0.82,0.99,0,0,0,0.99,-0.17,0.17
Odisha,Baleshwar ,Bhograi,36,Nachinda,0,1.17,1.34,0,0,0,1.34,-0.17,0
Odisha,Baleshwar ,Bhograi,37,Nahara,0,0,0.12,0,0,0,0.12,-0.12,0
Odisha,Baleshwar ,Bhograi,38,Nimatpur,0,1.24,1.41,0,0,0,1.41,-0.17,0.02
Odisha,Baleshwar ,Bhograi,39,Panisanda,0,0,0.25,0,0,0,0.25,-0.25,0
Odisha,Baleshwar ,Bhograi,40,Pasarbindha,0,0.77,0.84,0,0,0,0.84,-0.07,0
Odisha,Baleshwar ,Bhograi,41,Putina,0,0,0.44,0,0,0,0.44,-0.44,0
Odisha,Baleshwar ,Bhograi,42,Rasolpur,0,0,0.09,0,0,0,0.09,-0.09,0
Odisha,Baleshwar ,Bhograi,43,Sahabajipur,0,0,0.23,0,0,0,0.23,-0.23,0
Odisha,Baleshwar ,Bhograi,44,Sankhari,0,1.98,2.07,0,0,0,2.07,-0.09,0.08
Odisha,Baleshwar ,Bhograi,45,Sianroi,-0.16,-0.16,0.21,0,0,0,0.21,-0.37,0
Odisha,Baleshwar ,Bhograi,46,Soharia,0,0,0.34,0,0,0,0.34,-0.34,0
Odisha,Baleshwar ,Bhograi,47,Sradhapur,0,0.6,0.78,0,0,0,0.78,-0.18,0
Odisha,Baleshwar ,Bhograi,48,Sultanpur,0,0,0.17,0,0,0,0.17,-0.17,0
Odisha,Baleshwar ,Bhograi,49,Sunadharbasan,0,0,0.3,0,0,0,0.3,-0.3,0.01
Odisha,Baleshwar ,Bhograi,50,T.Hazira,0,0,0.11,0,0,0,0.11,-0.11,0
Odisha,Baleshwar ,Bhograi,,Total,-0.16,15,23.5,1.39,0.07,0,24.96,-9.96,0.68
Odisha,Baleshwar ,Bhograi,,Block Level Line Deptt.,1.85,1.85,660.25,136.28,2.44,0.75,799.73,-797.88,9.17
Odisha,Baleshwar ,Bhograi,,Po,-3.34,816.97,0,NA,NA,29.27,29.27,787.7,NA
Odisha,Baleshwar ,Bhograi,,Grand Total,-1.65,833.81,683.75,137.67,2.51,30.02,853.96,-20.14,9.85
Odisha,Baleshwar ,Bhograi,1,Aruha,-4.9,0.73,5.64,0,0,0,5.64,-4.9,0
Odisha,Baleshwar ,Bhograi,2,Baiganbadia,0.09,18.24,17,0.75,0.1,0,17.86,0.38,0.01
Odisha,Baleshwar ,Bhograi,3,Baradiha,0.18,48.49,40.47,0.95,0.11,0,41.53,6.96,0.19
Odisha,Baleshwar ,Jaleswar,4,Bartana,-1.94,29.33,28.87,2.28,0.11,0,31.26,-1.93,0
Odisha,Baleshwar ,Jaleswar,5,Chamargan,-0.19,7.3,7.41,0,0,0,7.41,-0.11,0.14
Odisha,Baleshwar ,Jaleswar,6,D.P.Pur,-2.24,5.74,7.9,0,0,0,7.9,-2.17,0.05
Odisha,Baleshwar ,Jaleswar,7,Gadasahi Baliapal,0,8.19,7.74,0,0,0,7.74,0.45,0
Odisha,Baleshwar ,Jaleswar,8,Gobarghata,0,8.15,8.28,17.38,1.21,0,26.87,-18.72,0.03
Odisha,Baleshwar ,Jaleswar,9,Gopimohanpur,-0.38,10.84,11.11,0,0,0,11.11,-0.27,0.28
Odisha,Baleshwar ,Jaleswar,10,Jharpipal,-0.86,9.62,9.51,0,0,0,9.51,0.11,0.01
Odisha,Baleshwar ,Jaleswar,11,K.Majhisahi,-23.92,5.8,28.28,0,0,0,28.28,-22.48,0.03
Odisha,Baleshwar ,Jaleswar,12,Kalama,0,23.87,21.5,0,0,0,21.5,2.37,0.09
Odisha,Baleshwar ,Jaleswar,13,Kalika,-3.01,16.54,18.03,0,0,0,18.03,-1.49,0.08
Odisha,Baleshwar ,Jaleswar,14,Khalina,1.1,4.66,1.24,0,0,0,1.24,3.42,0.01
Odisha,Baleshwar ,Jaleswar,15,Khuad,0.79,11.23,10.14,0,0,0,10.14,1.09,0.02
Odisha,Baleshwar ,Jaleswar,16,Khuluda,0,24.39,17.71,6.14,0.26,0,24.1,0.29,0.28
Odisha,Baleshwar ,Jaleswar,17,Kotsahi,0,17.56,16.73,0,0,0,16.73,0.83,0.62
Odisha,Baleshwar ,Jaleswar,18,Laxmananatha,1.65,13.61,12.27,4.3,0.38,0,16.94,-3.33,0.01
Odisha,Baleshwar ,Jaleswar,19,Mahamadnagarpatna,0,11.02,12.84,19.07,1.03,0,32.93,-21.91,0.03
Odisha,Baleshwar ,Jaleswar,20,Mankidia,-4.96,-0.9,4.02,0,0,0,4.02,-4.92,0.05
Odisha,Baleshwar ,Jaleswar,21,Nachhimpur,-1.68,4.3,5.64,0,0,0,5.64,-1.33,0.02
Odisha,Baleshwar ,Jaleswar,22,Nampo,-2.6,9.84,10.95,0,0,0,10.95,-1.12,0.01
Odisha,Baleshwar ,Jaleswar,23,Netua,-1.52,5.83,7.44,1.08,0,0,8.52,-2.69,0.01
Odisha,Baleshwar ,Jaleswar,24,Olmara,-2.31,10.63,12.78,0,0,0,12.78,-2.15,0.03
Odisha,Baleshwar ,Jaleswar,25,Paikasida,0.23,17.04,16.13,0,0,0,16.13,0.91,0.05
Odisha,Baleshwar ,Jaleswar,26,Paschimbad,-0.85,31.06,31.08,0,0,0,31.08,-0.02,0.3
Odisha,Baleshwar ,Jaleswar,27,R. R. Pur,1.9,18.56,16.55,0,0,0,16.55,2.02,0.05
Odisha,Baleshwar ,Jaleswar,28,Raibania,-0.15,40.94,37.71,0,0,0,37.71,3.23,0.24
Odisha,Baleshwar ,Jaleswar,29,Rajpur,-7.92,10.53,18.48,0.54,0,0,19.03,-8.49,0.12
Odisha,Baleshwar ,Jaleswar,30,Sampatia,0,5.73,5.28,4.2,0.5,0,9.98,-4.25,0
Odisha,Baleshwar ,Jaleswar,31,Sardarbandha,-1.24,11.04,10.16,0,0,0,10.16,0.88,0.04
Odisha,Baleshwar ,Jaleswar,32,Shyamnagar,-1.87,7.89,8.77,0,0,0,8.77,-0.88,0.1
Odisha,Baleshwar ,Jaleswar,33,Sikharpur,1.02,16.87,12.74,10.65,0.57,0,23.96,-7.09,0.12
Odisha,Baleshwar ,Jaleswar,34,Srirampur,-1.98,12.18,11.08,0,0,0,11.09,1.1,0.03
Odisha,Baleshwar ,Jaleswar,35,Sugo,-4.33,6.55,6.87,0,0,0,6.87,-0.32,0
Odisha,Baleshwar ,Jaleswar,,Total,-61.89,483.41,498.35,67.33,4.27,0,569.96,-86.55,3.07
Odisha,Baleshwar ,Jaleswar,,Block Level Line Deptt.,-1.38,-1.38,153.26,22.43,0.68,1.25,177.61,-178.99,1.48
Odisha,Baleshwar ,Jaleswar,,Po,29.74,182.22,0,NA,NA,23.76,23.76,158.46,NA
Odisha,Baleshwar ,Jaleswar,,Grand Total,-33.53,664.25,651.61,89.76,4.95,25.01,771.33,-107.08,4.55
Odisha,Baleshwar ,Jaleswar,1,Achutipur,0,4.66,1.67,3.6,0,0,5.27,-0.61,0
Odisha,Baleshwar ,Jaleswar,2,Amaria- Agnipur,0,0,1.58,10.64,0,0,12.22,-12.22,0
Odisha,Baleshwar ,Jaleswar,3,Antara,0,0,1.4,1.25,0,0,2.65,-2.65,0
Odisha,Baleshwar ,Khaira,4,Badajaypur,0,0,0.91,0,0,0,0.91,-0.91,0.03
Odisha,Baleshwar ,Khaira,5,Badanuagan,0,0,0.73,0,0,0,0.73,-0.73,0
Odisha,Baleshwar ,Khaira,6,Barada,0,1.69,0.17,1.69,0,0,1.85,-0.17,0.03
Odisha,Baleshwar ,Khaira,7,Bartana,0,0,0.61,1.11,0,0,1.72,-1.72,0.1
Odisha,Baleshwar ,Khaira,8,Baunsagadia,0,0,0.55,0,0,0,0.55,-0.55,0
Odisha,Baleshwar ,Khaira,9,Dagarpada,0,0.37,0.72,1.21,0,0,1.92,-1.55,0.13
Odisha,Baleshwar ,Khaira,10,Dalanga-Ii,0,0,0.17,0,0,0,0.17,-0.17,0
Odisha,Baleshwar ,Khaira,11,Dungura,0,0,0.35,0,0,0,0.35,-0.35,0.06
Odisha,Baleshwar ,Khaira,12,Gadapokhari,0.13,0.13,0.13,0.8,0,0,0.93,-0.8,0
Odisha,Baleshwar ,Khaira,13,Gagandhuli,0,1.24,0.72,0,0,0,0.72,0.53,0
Odisha,Baleshwar ,Khaira,14,Garsang,0,0,0.61,0,0,0,0.61,-0.61,0
Odisha,Baleshwar ,Khaira,15,Goliha,0,0,0.54,2.84,0,0,3.38,-3.38,0
Odisha,Baleshwar ,Khaira,16,Govindpur,0.02,1.82,0.82,1.53,0,0,2.35,-0.53,0.04
Odisha,Baleshwar ,Khaira,17,Haripur,0,0,0.62,0,0,0,0.62,-0.62,0.01
Odisha,Baleshwar ,Khaira,18,Jalada,0,0,0.71,0,0,0,0.71,-0.71,0.06
Odisha,Baleshwar ,Khaira,19,Jhinkiria,0.02,0.02,0.39,1.03,0,0,1.43,-1.41,0
Odisha,Baleshwar ,Khaira,20,Kaithagadia,-0.02,-0.01,0.67,0.05,0,0,0.72,-0.73,0.02
Odisha,Baleshwar ,Khaira,21,Khaira,0,0,1.93,1.6,0,0,3.53,-3.53,0.02
Odisha,Baleshwar ,Khaira,22,Kupari,0,0,0.17,0,0,0,0.17,-0.17,0
Odisha,Baleshwar ,Khaira,23,Kurunta,0,0,1.21,2,0,0,3.21,-3.21,0
Odisha,Baleshwar ,Khaira,24,Mahatipur,0,0,1.31,5.02,0,0,6.33,-6.33,0
Odisha,Baleshwar ,Khaira,25,Makhanpur,0,0,1.05,0,0,0,1.05,-1.05,0.05
Odisha,Baleshwar ,Khaira,26,Manitri,0.17,0.17,0.17,0,0,0,0.17,0,0
Odisha,Baleshwar ,Khaira,27,Nahanga,0,0,0.34,0,0,0,0.34,-0.34,0
Odisha,Baleshwar ,Khaira,28,Nandur,0,0,1.08,0,0,0,1.08,-1.08,0
Odisha,Baleshwar ,Khaira,29,Nayakhandi,0.02,0.02,1.08,0,0,0,1.08,-1.07,0.03
Odisha,Baleshwar ,Khaira,30,Palasa,0,0,1.21,0,0,0,1.21,-1.21,0
Odisha,Baleshwar ,Khaira,31,Rapeya,0,0,0.37,0,0,0,0.37,-0.37,0
Odisha,Baleshwar ,Khaira,32,Ratina,0,0,0.38,0,0,0,0.38,-0.38,0
Odisha,Baleshwar ,Khaira,33,Sardang,0.03,4.97,1.35,4.24,0,0,5.59,-0.62,0
Odisha,Baleshwar ,Khaira,34,Sarkona,0,3.09,4.25,1.95,0,0,6.2,-3.11,0.05
Odisha,Baleshwar ,Khaira,35,Sarugaon,0,0.07,0.57,0.48,0,0,1.05,-0.99,0.03
Odisha,Baleshwar ,Khaira,36,Shyamsundarpur,0,0,2.94,0,0,0,2.94,-2.94,0.03
Odisha,Baleshwar ,Khaira,37,Sundhiragandibed,0,0,0.35,0,0,0,0.35,-0.35,0
Odisha,Baleshwar ,Khaira,,Total,0.35,18.21,33.82,41.02,0,0,74.85,-56.63,0.67
Odisha,Baleshwar ,Khaira,,Block Level Line Deptt.,-0.08,-0.08,417.5,61.22,0,0,478.72,-478.8,7.59
Odisha,Baleshwar ,Khaira,,Po,-100.49,450.59,0,NA,NA,16.09,16.09,434.5,NA
Odisha,Baleshwar ,Khaira,,Grand Total,-100.22,468.72,451.32,102.24,0,16.09,569.66,-100.93,8.26
Odisha,Baleshwar ,Khaira,1,Ajodhya,1.67,4.04,0.5,1.92,0.25,0,2.67,1.36,0
Odisha,Baleshwar ,Khaira,2,Arabandha,-0.16,7.63,8.42,0.24,0,0,8.66,-1.03,0.02
Odisha,Baleshwar ,Khaira,3,Begunia,-0.01,0.29,2.37,0,0,0,2.37,-2.08,0
Odisha,Baleshwar ,Nilgiri,4,Berhampur,0,0,0.31,0,0,0,0.31,-0.31,0
Odisha,Baleshwar ,Nilgiri,5,Bhaunriabad,0.67,0.76,0.42,0,0,0,0.42,0.34,0
Odisha,Baleshwar ,Nilgiri,6,Chhatrapur,-0.06,0.49,0.42,0.38,0,0,0.79,-0.31,0
Odisha,Baleshwar ,Nilgiri,7,Dharampur,0.13,3.13,0.86,2.81,0,0,3.68,-0.55,0
Odisha,Baleshwar ,Nilgiri,8,Dhobsila,0,0,0.29,0,0,0,0.29,-0.29,0
Odisha,Baleshwar ,Nilgiri,9,Garadihi,0,0,0.69,0,0,0,0.69,-0.69,0
Odisha,Baleshwar ,Nilgiri,10,Jadida,0.04,0.25,0.95,0,0,0,0.95,-0.7,0.01
Odisha,Baleshwar ,Nilgiri,11,Jamudiha,-0.09,-0.09,0.37,0,0,0,0.37,-0.46,0
Odisha,Baleshwar ,Nilgiri,12,K.C.Pur,-0.03,-0.03,0.07,0,0,0,0.07,-0.11,0
Odisha,Baleshwar ,Nilgiri,13,K.P.Lakharaj,-0.08,-0.08,0.23,0,0,0,0.23,-0.3,0
Odisha,Baleshwar ,Nilgiri,14,Kansa,0,0,0.23,0,0,0,0.23,-0.23,0
Odisha,Baleshwar ,Nilgiri,15,Machhua,0.45,0.45,1.09,0,0,0,1.09,-0.64,0
Odisha,Baleshwar ,Nilgiri,16,Mahisapata,-0.05,-0.05,0.51,0,0,0,0.51,-0.56,0
Odisha,Baleshwar ,Nilgiri,17,Matiali,0.11,0.11,0.75,0,0,0,0.75,-0.64,0
Odisha,Baleshwar ,Nilgiri,18,Naranpur,0,3.56,1.1,3.56,0,0,4.66,-1.1,0
Odisha,Baleshwar ,Nilgiri,19,Narasinghpur,0.32,0.32,0.45,0,0,0,0.45,-0.13,0.03
Odisha,Baleshwar ,Nilgiri,20,Pithahata,-0.04,-0.04,0.45,0,0,0,0.45,-0.5,0
Odisha,Baleshwar ,Nilgiri,21,R.K.Pur,0.77,0.77,0.65,0,0,0,0.65,0.12,0.03
Odisha,Baleshwar ,Nilgiri,22,Sajanagarh,-0.17,-0.17,0.51,0,0,0,0.51,-0.68,0
Odisha,Baleshwar ,Nilgiri,23,Siadimal,0.73,4.6,2.08,3.11,0.17,0,5.36,-0.76,0.03
Odisha,Baleshwar ,Nilgiri,24,Telipal,-0.02,6.22,2.6,5.53,0.11,0,8.23,-2.02,0
Odisha,Baleshwar ,Nilgiri,25,Tentulia,0.06,0.06,0.05,0,0,0,0.05,0,0
Odisha,Baleshwar ,Nilgiri,,Total,4.24,32.2,26.38,17.55,0.53,0,44.46,-12.26,0.13
Odisha,Baleshwar ,Nilgiri,,Block Level Line Deptt.,-3.74,-3.74,902.1,38.55,1.42,0,942.07,-945.81,1.77
Odisha,Baleshwar ,Nilgiri,,Po,-14.75,947.55,0,NA,NA,22.12,22.12,925.43,NA
Odisha,Baleshwar ,Nilgiri,,Grand Total,-14.26,976.01,928.48,56.1,1.95,22.12,1008.65,-32.64,1.9
Odisha,Baleshwar ,Nilgiri,1,Aghirapada,0,0.89,0.95,0,0,0,0.95,-0.06,0.01
Odisha,Baleshwar ,Nilgiri,2,Badapokhari,0,7.62,8.19,0.19,0,0,8.38,-0.76,0
Odisha,Baleshwar ,Nilgiri,3,Baunsabania,0,23.82,17.95,6.27,0,0,24.22,-0.4,0.13
Odisha,Baleshwar ,Oupada,4,Dakhina Narasingpur,0,17.68,26.56,1.4,0,0,27.96,-10.27,0.08
Odisha,Baleshwar ,Oupada,5,Fatepur,0,18.56,18.73,4.24,0,0,22.97,-4.41,0.14
Odisha,Baleshwar ,Oupada,6,Gadasahi,0,38.32,34.65,4.42,0,0,39.07,-0.75,0.05
Odisha,Baleshwar ,Oupada,7,Iswarpur,0,9.67,9.86,0,0,0,9.86,-0.18,0.08
Odisha,Baleshwar ,Oupada,8,Kandagaradi,0,12.49,13.84,0,0,0,13.84,-1.35,0.08
Odisha,Baleshwar ,Oupada,9,Rairamchandrapur,0,16.82,14.94,2.17,0,0,17.11,-0.29,0.15
Odisha,Baleshwar ,Oupada,10,Shyamsundarpur,0,29.94,32.39,0,0,0,32.39,-2.46,0.24
Odisha,Baleshwar ,Oupada,11,Talakia,0,8.12,9.18,0.1,0,0,9.27,-1.15,0.02
Odisha,Baleshwar ,Oupada,,Total,0,183.93,187.24,18.78,0,0,206.02,-22.09,0.97
Odisha,Baleshwar ,Oupada,,Block Level Line Deptt.,0.41,0.41,71.1,31.79,0.02,0,102.91,-102.5,0.39
Odisha,Baleshwar ,Oupada,,Po,-1.52,137.32,0,NA,NA,11.99,11.99,125.33,NA
Odisha,Baleshwar ,Oupada,,Grand Total,-1.1,321.66,258.34,50.57,0.02,11.99,320.92,0.74,1.36
Odisha,Baleshwar ,Oupada,1,Badapal,0.53,0.53,0.22,0,0,0,0.22,0.31,0
Odisha,Baleshwar ,Oupada,2,Balia,0,0,0.69,2.65,0,0,3.34,-3.34,0
Odisha,Baleshwar ,Oupada,3,Barunsing,0,0.03,0.68,0,0,0,0.68,-0.64,0
Odisha,Baleshwar ,Remuna,4,Bhimpura,0,0,0.66,7.27,0,0,7.93,-7.93,0
Odisha,Baleshwar ,Remuna,5,Biruan,0.2,0.2,0.12,0,0,0,0.12,0.08,0
Odisha,Baleshwar ,Remuna,6,Chasakhanda,0.94,0.94,0.34,0,0,0,0.34,0.6,0
Odisha,Baleshwar ,Remuna,7,Dahapada,0,0,0.67,0,0,0,0.67,-0.67,0
Odisha,Baleshwar ,Remuna,8,Durgadevi,0,0,0.56,0,0,0,0.56,-0.56,0
Odisha,Baleshwar ,Remuna,9,Gandarda,0,0,0.17,0,0,0,0.17,-0.17,0
Odisha,Baleshwar ,Remuna,10,Ganeswarpur,0,0,0.93,10.4,0,0,11.33,-11.33,0
Odisha,Baleshwar ,Remuna,11,Ganipur,0.03,0.03,0.27,0,0,0,0.27,-0.24,0
Odisha,Baleshwar ,Remuna,12,Gududa,0,0,0.29,0,0,0,0.29,-0.29,0
Odisha,Baleshwar ,Remuna,13,Haripur,0.18,0.18,0.37,0,0,0,0.37,-0.19,0
Odisha,Baleshwar ,Remuna,14,Inchudi,0,0,0.32,0,0,0,0.32,-0.32,0
Odisha,Baleshwar ,Remuna,15,Kalyanpur,0,0,0.17,0,0,0,0.17,-0.17,0
Odisha,Baleshwar ,Remuna,16,Karanjia,0,0,0.34,0,0,0,0.34,-0.34,0
Odisha,Baleshwar ,Remuna,17,Kharidmukhura,0,0,0.61,0,0,0,0.61,-0.61,0
Odisha,Baleshwar ,Remuna,18,Kuligan,0,0,0.47,0,0,0,0.47,-0.47,0
Odisha,Baleshwar ,Remuna,19,Kuruda,0,0,0.17,0,0,0,0.17,-0.17,0
Odisha,Baleshwar ,Remuna,20,Maharajpur,0,0,0.06,0,0,0,0.06,-0.06,0
Odisha,Baleshwar ,Remuna,21,Mandarpur,2.25,2.25,0.35,0,0,0,0.35,1.9,0
Odisha,Baleshwar ,Remuna,22,Mangalpur,0,0,0,0,0,0,0,0,0
Odisha,Baleshwar ,Remuna,23,Naraharipur,0.01,0.01,0.23,0,0,0,0.23,-0.23,0
Odisha,Baleshwar ,Remuna,24,Nijampur,0,0,0.17,0,0,0,0.17,-0.17,0
Odisha,Baleshwar ,Remuna,25,Nuagan,0.75,0.75,0.82,0,0,0,0.82,-0.07,0
Odisha,Baleshwar ,Remuna,26,Nuapadhi,0,0,0.37,0,0,0,0.37,-0.37,0
Odisha,Baleshwar ,Remuna,27,Patripal,0.4,0.4,0.05,0,0,0,0.05,0.35,0
Odisha,Baleshwar ,Remuna,28,Remuna,0,0,0.33,0,0,0,0.33,-0.33,0
Odisha,Baleshwar ,Remuna,29,Sarswatipur,0,0.03,0.21,0,0,0,0.21,-0.18,0
Odisha,Baleshwar ,Remuna,30,Sergarh,0.45,0.45,0.5,0,0,0,0.5,-0.05,0
Odisha,Baleshwar ,Remuna,31,Srijang,0,0,0.31,0,0,0,0.31,-0.31,0
Odisha,Baleshwar ,Remuna,32,Srikrushnapur,0,0,0.17,0,0,0,0.17,-0.17,0
Odisha,Baleshwar ,Remuna,33,Sutei,0,0,2.14,4.87,0,0,7.01,-7.01,0
Odisha,Baleshwar ,Remuna,34,Talapada,0,0,0.52,0.79,0,0,1.32,-1.32,0
Odisha,Baleshwar ,Remuna,35,Tentulida,0,0,0.47,0,0,0,0.47,-0.47,0
Odisha,Baleshwar ,Remuna,36,Tundura,-0.01,0.13,0.16,0,0,0,0.16,-0.03,0
Odisha,Baleshwar ,Remuna,,Total,5.73,5.93,14.89,25.98,0,0,40.88,-34.95,0
Odisha,Baleshwar ,Remuna,,Block Level Line Deptt.,0.57,0.57,467.39,27.04,0,0,494.43,-493.86,2.14
Odisha,Baleshwar ,Remuna,,Po,35.57,603.02,0,NA,NA,30.74,30.74,572.28,NA
Odisha,Baleshwar ,Remuna,,Grand Total,41.87,609.52,482.28,53.02,0,30.74,566.05,43.47,2.14
Odisha,Baleshwar ,Remuna,1,Abjuna,1.55,2.92,1.81,0,0,0,1.81,1.11,0.01
Odisha,Baleshwar ,Remuna,2,Ada,-0.02,15.25,2.49,12.79,0.16,0,15.45,-0.2,0
Odisha,Baleshwar ,Remuna,3,Anandapur,0,0,0.05,0.11,0,0,0.17,-0.17,0
Odisha,Baleshwar ,Simulia,4,Andarai,0.05,0.05,0.79,0,0,0,0.79,-0.74,0
Odisha,Baleshwar ,Simulia,5,Bangalpur,0,0.39,0.94,0,0,0,0.94,-0.54,0.02
Odisha,Baleshwar ,Simulia,6,Bangarkhandigadia,0,0,1.14,0,0,0,1.14,-1.14,0.07
Odisha,Baleshwar ,Simulia,7,Bari,0.34,0.78,0.78,0,0,0,0.78,0,0.03
Odisha,Baleshwar ,Simulia,8,Bati,0.72,0.72,0.03,0,0,0,0.03,0.69,0
Odisha,Baleshwar ,Simulia,9,Bauripada,1.07,1.07,0.41,0,0,0,0.41,0.66,0
Odisha,Baleshwar ,Simulia,10,Chalunigaon,-0.3,-0.3,0.65,0,0,0,0.65,-0.95,0
Odisha,Baleshwar ,Simulia,11,Iswarpur,-0.22,7.08,5.06,5.74,0,0,10.8,-3.72,0.05
Odisha,Baleshwar ,Simulia,12,Jamujhadi,-0.03,-0.03,1.25,0,0,0,1.25,-1.28,0.05
Odisha,Baleshwar ,Simulia,13,Kanchpada,0.24,0.24,0.84,0,0,0,0.84,-0.59,0
Odisha,Baleshwar ,Simulia,14,Kanheibindha,1.22,6.88,2.89,4.36,0,0,7.25,-0.37,0.03
Odisha,Baleshwar ,Simulia,15,Khirkona,0.55,0.55,0.36,0,0,0,0.36,0.19,0
Odisha,Baleshwar ,Simulia,16,Maitapur,0.06,0.06,0.97,0,0,0,0.97,-0.91,0
Odisha,Baleshwar ,Simulia,17,Markona,-0.19,-0.19,0.95,0,0,0,0.95,-1.14,0.05
Odisha,Baleshwar ,Simulia,18,Muruna,0.84,25.39,4.43,18.72,0.93,0,24.08,1.31,0
Odisha,Baleshwar ,Simulia,19,Pahitorana,0,0,0.14,0,0,0,0.14,-0.14,0
Odisha,Baleshwar ,Simulia,20,Purusottampur,-0.27,-0.27,0.67,0,0,0,0.67,-0.94,0.02
Odisha,Baleshwar ,Simulia,21,Sabanga,-3.69,-3.69,1.22,0,0,0,1.22,-4.91,0
Odisha,Baleshwar ,Simulia,22,Shyamsundarpur,0,0,0.84,0,0,0,0.84,-0.84,0.05
Odisha,Baleshwar ,Simulia,,Total,1.92,56.9,28.7,41.72,1.1,0,71.52,-14.62,0.38
Odisha,Baleshwar ,Simulia,,Block Level Line Deptt.,-0.02,-0.02,370.99,123.1,3.02,0,497.11,-497.13,4.04
Odisha,Baleshwar ,Simulia,,Po,-6.96,526.04,0,NA,NA,16.59,16.59,509.45,NA
Odisha,Baleshwar ,Simulia,,Grand Total,-5.06,582.92,399.69,164.82,4.12,16.59,585.22,-2.3,4.42
Odisha,Baleshwar ,Simulia,1,Anantapur,0,0,0.78,1.47,0.02,0,2.27,-2.27,0
Odisha,Baleshwar ,Simulia,2,Attapur,0,0.08,1.01,0,0,0,1.01,-0.93,0
Odisha,Baleshwar ,Simulia,3,Balanga,0,1.6,2.86,1.45,0.02,0,4.32,-2.72,0.01
Odisha,Baleshwar ,Soro,4,Dahisada,0,2.24,3.11,0,0,0,3.11,-0.87,0.03
Odisha,Baleshwar ,Soro,5,Gopinathpur,0,11.85,9.4,5.59,0.07,0,15.06,-3.21,0.23
Odisha,Baleshwar ,Soro,6,Gud,0,0,1.7,0.09,0,0,1.78,-1.78,0.03
Odisha,Baleshwar ,Soro,7,Jadida,0,4.05,4.54,1.1,0,0,5.65,-1.59,0.08
Odisha,Baleshwar ,Soro,8,Kedarpur,0,0.14,1.47,0.74,0,0,2.21,-2.07,0
Odisha,Baleshwar ,Soro,9,Kesharipur,0,1.84,2.56,1.16,0.02,0,3.73,-1.89,0.01
Odisha,Baleshwar ,Soro,10,Madhusudanpur,0,0.41,0.96,0,0,0,0.96,-0.55,0.02
Odisha,Baleshwar ,Soro,11,Mahumuhan,0,2.11,2.86,0.45,0,0,3.31,-1.2,0.11
Odisha,Baleshwar ,Soro,12,Manatri,-0.04,0.12,0.82,0,0,0,0.82,-0.7,0.03
Odisha,Baleshwar ,Soro,13,Manipur,0,1.1,2.63,0,0,0,2.63,-1.53,0.08
Odisha,Baleshwar ,Soro,14,Mulising,0.03,1.59,2.26,1.42,0.01,0,3.69,-2.1,0.01
Odisha,Baleshwar ,Soro,15,Nadigan,0,0.14,1.59,0,0,0,1.59,-1.45,0
Odisha,Baleshwar ,Soro,16,Natapada,0,0.7,1.54,0,0,0,1.54,-0.85,0.01
Odisha,Baleshwar ,Soro,17,Nischintapur,0,0.33,1.04,0.09,0,0,1.13,-0.8,0.01
Odisha,Baleshwar ,Soro,18,Pakhar,0,0,1.04,5.56,0.06,0,6.65,-6.65,0.08
Odisha,Baleshwar ,Soro,19,Sabira,0,0.62,2.55,0.28,0,0,2.84,-2.21,0.02
Odisha,Baleshwar ,Soro,20,Sajanpur,0,0.49,1.44,0.26,0,0,1.7,-1.21,0.01
Odisha,Baleshwar ,Soro,21,Sarasankha,0,0.56,1.54,0.2,0,0,1.74,-1.18,0.06
Odisha,Baleshwar ,Soro,22,Singakhunta,0,2.26,2.78,1.64,0.01,0,4.43,-2.17,0.07
Odisha,Baleshwar ,Soro,23,Talanagar,0.1,0.94,1.02,0.3,0,0,1.33,-0.39,0
Odisha,Baleshwar ,Soro,24,Tentei,0,0,1.01,0,0,0,1.01,-1.01,0.01
Odisha,Baleshwar ,Soro,,Total,0.08,33.17,52.51,21.8,0.21,0,74.52,-41.35,0.92
Odisha,Baleshwar ,Soro,,Block Level Line Deptt.,-0.07,-0.07,286.06,10.04,0.32,0,296.42,-296.49,4.43
Odisha,Baleshwar ,Soro,,Po,-1.79,359.46,0,NA,NA,20.96,20.96,338.5,NA
Odisha,Baleshwar ,Soro,,Grand Total,-1.77,392.55,338.57,31.84,0.53,20.96,391.9,0.66,5.35
Odisha,Bargarh ,Soro,1,Ambabhona,0,18.14,15.61,5.53,0.07,0,21.21,-3.07,0.03
Odisha,Bargarh ,Soro,2,Banjipali,0,23.35,20.12,7.78,0.07,0,27.97,-4.61,0.02
Odisha,Bargarh ,Soro,3,Bhainatara,0,29.86,29.62,0.23,0,0,29.86,0,0.03
Odisha,Bargarh ,Ambabhona,4,Bhukta,0,24.78,24.48,5.46,0.01,0,29.95,-5.17,0.1
Odisha,Bargarh ,Ambabhona,5,Bungapali,0,16.89,15.71,6.4,0.08,0,22.19,-5.3,0.03
Odisha,Bargarh ,Ambabhona,6,Dunguri,0,17.55,12.82,8.57,0.09,0,21.48,-3.93,0.04
Odisha,Bargarh ,Ambabhona,7,Dwari,0,22.88,24.63,15.98,0.17,0,40.78,-17.9,0.12
Odisha,Bargarh ,Ambabhona,8,Kandpala,0,48.82,42.18,11.5,0.11,0,53.79,-4.97,0.13
Odisha,Bargarh ,Ambabhona,9,Kapasira,0,17.5,17.38,0.27,0,0,17.65,-0.15,0.04
Odisha,Bargarh ,Ambabhona,10,Karla,0,18.52,18.83,3.38,0.04,0,22.25,-3.73,0.16
Odisha,Bargarh ,Ambabhona,11,Khola,0,13.89,13.89,0,0,0,13.89,0,0.05
Odisha,Bargarh ,Ambabhona,12,Kumbho,0,25.52,26.5,8.65,0.1,0,35.24,-9.72,0
Odisha,Bargarh ,Ambabhona,13,Lakhanpur,0,22.21,23.1,11.65,0.14,0,34.89,-12.68,0.03
Odisha,Bargarh ,Ambabhona,14,Ruchida,0,29.45,30.06,6.83,0.06,0,36.95,-7.51,0.06
Odisha,Bargarh ,Ambabhona,15,Uttam,0,14.38,13.82,3.59,0.03,0,17.45,-3.07,0.02
Odisha,Bargarh ,Ambabhona,,Total,0,343.73,328.73,95.85,0.96,0,425.54,-81.8,0.87
Odisha,Bargarh ,Ambabhona,,Block Level Line Deptt.,0,0,23.66,90.58,0.8,0.2,115.24,-115.24,0.35
Odisha,Bargarh ,Ambabhona,,Po,0,100.29,0,NA,NA,13.32,13.32,86.97,NA
Odisha,Bargarh ,Ambabhona,,Grand Total,0,444.02,352.39,186.43,1.76,13.52,554.1,-110.07,1.22
Odisha,Bargarh ,Ambabhona,1,Amlipali,0,20.22,20.42,0,0,0,20.42,-0.2,0.08
Odisha,Bargarh ,Ambabhona,2,Bugbuga,0,14.46,17.25,8.26,0,0,25.5,-11.04,0.19
Odisha,Bargarh ,Ambabhona,3,Chakuli,0,18.55,20.01,1.87,0.14,0,22.02,-3.47,0.11
Odisha,Bargarh ,Attabira,4,Dulampur,0,6.24,6.55,0.52,0,0,7.07,-0.83,0.07
Odisha,Bargarh ,Attabira,5,Godbhaga,0,10.86,10.83,0,0,0,10.83,0.03,0.06
Odisha,Bargarh ,Attabira,6,Hirlipali,0,11.31,10.86,0,0,0,10.86,0.45,0.22
Odisha,Bargarh ,Attabira,7,Janged,0,11.63,13.9,8.01,0.23,0,22.14,-10.51,0
Odisha,Bargarh ,Attabira,8,Janhapada,0,7.82,8.32,3.65,0,0,11.97,-4.15,0
Odisha,Bargarh ,Attabira,9,Jhiliminda,0,12.15,13.1,2.3,0,0,15.4,-3.25,0.05
Odisha,Bargarh ,Attabira,10,Kadobahal,0,6.87,7.51,1.33,0.2,0,9.04,-2.17,0
Odisha,Bargarh ,Attabira,11,Kharamunda,0,23.49,24.16,0.94,0.15,0,25.25,-1.76,0.04
Odisha,Bargarh ,Attabira,12,Kulitatukura,0,13.95,10.74,2.87,0.31,0,13.93,0.02,0.01
Odisha,Bargarh ,Attabira,13,Kulunda,0,11.71,10.85,0.86,0,0,11.71,0,0.01
Odisha,Bargarh ,Attabira,14,Kumelsingha,0,4.9,7.07,6.82,0.38,0,14.28,-9.38,0.02
Odisha,Bargarh ,Attabira,15,Lachida,0,19.02,19.41,2.96,0.26,0,22.63,-3.61,0.16
Odisha,Bargarh ,Attabira,16,Lahanda,0,20.01,22.43,7.63,0.24,0,30.31,-10.29,0.3
Odisha,Bargarh ,Attabira,17,Larambha,0,3.95,4.68,2.3,0,0,6.98,-3.04,0.03
Odisha,Bargarh ,Attabira,18,Larasara,0,5.79,5.68,0.33,0,0,6.01,-0.22,0.14
Odisha,Bargarh ,Attabira,19,Manapara,0,18.12,16.8,10.31,0.41,0,27.52,-9.39,0
Odisha,Bargarh ,Attabira,20,Paharsrigida,0,34.49,35.16,5.72,0.37,0,41.25,-6.76,0.15
Odisha,Bargarh ,Attabira,21,Silat,0,12.29,13.38,6.59,0,0,19.97,-7.68,0
Odisha,Bargarh ,Attabira,22,Tamparsara,0,25.47,27.89,11.11,0.26,0,39.26,-13.79,0.25
Odisha,Bargarh ,Attabira,23,Tangarpali,0,18.53,18.77,0,0,0,18.77,-0.24,0.08
Odisha,Bargarh ,Attabira,24,Tope,0,18.09,18.28,3.29,0.05,0,21.61,-3.52,0.33
Odisha,Bargarh ,Attabira,,Total,0,349.93,364.07,87.66,3,0,454.73,-104.8,2.31
Odisha,Bargarh ,Attabira,,Block Level Line Deptt.,0,0,2.74,1.65,0.07,0,4.46,-4.46,0
Odisha,Bargarh ,Attabira,,Po,-0.01,128.31,0,NA,NA,17.02,17.02,111.29,NA
Odisha,Bargarh ,Attabira,,Grand Total,-0.01,478.24,366.81,89.31,3.07,17.02,476.21,2.03,2.31
Odisha,Bargarh ,Attabira,1,Adgaon,0,0,20.73,2.43,0,0,23.16,-23.16,0.02
Odisha,Bargarh ,Attabira,2,Bardol,-0.01,2.76,14.49,17.02,0,0,31.52,-28.76,0.04
Odisha,Bargarh ,Attabira,3,Bargaon,0,0.08,13.72,0,0,0,13.72,-13.65,0
Odisha,Bargarh ,Bargarh,4,Barhagoda,0,0.21,10.52,1,0.03,0,11.55,-11.33,0
Odisha,Bargarh ,Bargarh,5,Birmal,-0.02,-0.02,14.06,3.49,0,0,17.56,-17.58,0.02
Odisha,Bargarh ,Bargarh,6,Bonda,0,0,21.81,6.61,0,0,28.42,-28.42,0.12
Odisha,Bargarh ,Bargarh,7,Chakarkend,0,0.39,27.95,2.55,0,0,30.49,-30.1,0.22
Odisha,Bargarh ,Bargarh,8,Deogaon,0,0,5.78,0,0,0,5.78,-5.78,0.18
Odisha,Bargarh ,Bargarh,9,Dhanger,0,0.54,30.21,5.23,0,0,35.44,-34.9,0.07
Odisha,Bargarh ,Bargarh,10,Gaisama,-0.02,0.02,5.64,0.42,0,0,6.05,-6.03,0
Odisha,Bargarh ,Bargarh,11,Gobindapur,0,0,18.13,6.24,0,0,24.36,-24.36,0
Odisha,Bargarh ,Bargarh,12,Gudesira,0,0,14.85,2.65,0,0,17.5,-17.5,0.19
Odisha,Bargarh ,Bargarh,13,Jumurda,0,0,7.54,0,0,0,7.54,-7.54,0.06
Odisha,Bargarh ,Bargarh,14,Kalapani,0,2.96,8.25,0,0,0,8.25,-5.3,0.08
Odisha,Bargarh ,Bargarh,15,Katapali,0,0,18.17,0.81,0,0,18.98,-18.98,0.2
Odisha,Bargarh ,Bargarh,16,Khaliapali,0,0,17.03,0,0,0,17.03,-17.03,0.07
Odisha,Bargarh ,Bargarh,17,Khandtha,0,0.44,13.18,1,0,0,14.18,-13.74,0.07
Odisha,Bargarh ,Bargarh,18,Khuntpali,0,0,9.29,11.98,0,0,21.27,-21.27,0.12
Odisha,Bargarh ,Bargarh,19,Kuruan,0,0,11.5,3.98,0,0,15.48,-15.48,0.04
Odisha,Bargarh ,Bargarh,20,N.Jampali,0,0.12,21.66,1.39,0,0,23.06,-22.93,0.15
Odisha,Bargarh ,Bargarh,21,Nileswar,0,0,17.21,0,0,0,17.21,-17.21,0.33
Odisha,Bargarh ,Bargarh,22,Patharla,0,0,14.34,4.01,0,0,18.34,-18.34,0.27
Odisha,Bargarh ,Bargarh,23,S.Dumerpali,-0.01,7.03,18.5,5.33,0,0,23.83,-16.8,0
Odisha,Bargarh ,Bargarh,24,Sarsara,0,0,15.29,9.64,0,0,24.93,-24.93,0
Odisha,Bargarh ,Bargarh,25,Talsirgida,0,0,8.77,0,0,0,8.77,-8.77,0.3
Odisha,Bargarh ,Bargarh,26,Tora,0,0,45.31,4.24,0,0,49.55,-49.55,0.16
Odisha,Bargarh ,Bargarh,27,Tumgaon,0,0,15.57,6.05,0,0,21.62,-21.62,0.02
Odisha,Bargarh ,Bargarh,,Total,-0.06,14.53,439.51,96.05,0.04,0,535.59,-521.07,2.73
Odisha,Bargarh ,Bargarh,,Block Level Line Deptt.,-0.01,-0.01,20.65,6.13,0.15,0.1,27.03,-27.04,0.39
Odisha,Bargarh ,Bargarh,,Po,-0.25,557.45,0,NA,NA,18.97,18.97,538.48,NA
Odisha,Bargarh ,Bargarh,,Grand Total,-0.32,571.97,460.16,102.18,0.19,19.07,581.59,-9.63,3.12
Odisha,Bargarh ,Bargarh,1,Agalpur,0,15.2,15.75,2.05,0,0,17.81,-2.6,0.21
Odisha,Bargarh ,Bargarh,2,Bagbadi,0,5.76,6.01,0,0,0,6.01,-0.25,0
Odisha,Bargarh ,Bargarh,3,Bandhpali,0,7.62,7.62,0,0,0,7.62,0,0
Odisha,Bargarh ,Barpali,4,Baramkela,0,10.83,11,0.31,0,0,11.31,-0.49,0.09
Odisha,Bargarh ,Barpali,5,Barguda,0,12.64,12.68,0,0,0,12.68,-0.03,0.01
Odisha,Bargarh ,Barpali,6,Bhatigaon,0,16.98,12.48,6.06,0,0,18.54,-1.56,0.02
Odisha,Bargarh ,Barpali,7,Gopeipali,0,12.17,8.05,4.17,0,0,12.21,-0.05,0.41
Odisha,Bargarh ,Barpali,8,Kainsir,0,14.27,10.63,3.74,0,0,14.37,-0.1,0
Odisha,Bargarh ,Barpali,9,Kanbar,0,12.59,9.01,4.02,0,0,13.03,-0.44,0.24
Odisha,Bargarh ,Barpali,10,Katapali,0,24.69,12.55,12.34,0,0,24.89,-0.2,0.41
Odisha,Bargarh ,Barpali,11,Khemasara,0,9.44,8.76,0.73,0,0,9.49,-0.04,0
Odisha,Bargarh ,Barpali,12,Kumbhari,0,26.28,26.67,0,0,0,26.67,-0.39,0.01
Odisha,Bargarh ,Barpali,13,Kusanpuri,0,13.12,13.52,4.27,0,0,17.79,-4.67,0
Odisha,Bargarh ,Barpali,14,Lemda,0,6,6.04,0,0,0,6.04,-0.03,0.02
Odisha,Bargarh ,Barpali,15,Mahada,0,7.13,7.22,0,0,0,7.22,-0.09,0
Odisha,Bargarh ,Barpali,16,Mahulpali,0,9.23,9.57,0,0,0,9.57,-0.35,0.05
Odisha,Bargarh ,Barpali,17,Patkulanda,0,22.51,20.72,1.8,0,0,22.52,-0.01,0.29
Odisha,Bargarh ,Barpali,18,Raxa,0,11.73,11.78,0,0,0,11.78,-0.05,0.02
Odisha,Bargarh ,Barpali,19,Remta,0,1.86,1.86,0,0,0,1.86,0,0
Odisha,Bargarh ,Barpali,20,Satalama,0,13.81,14.03,1.09,0,0,15.12,-1.3,0.71
Odisha,Bargarh ,Barpali,21,Tileimal,1.27,19.35,18.73,4.29,0,0,23.02,-3.67,1.22
Odisha,Bargarh ,Barpali,22,Tinkani,3.06,22.59,12.04,7.49,0,0,19.53,3.06,0.32
Odisha,Bargarh ,Barpali,23,Tulandi,0.7,17.34,7.83,9.23,0,0,17.06,0.28,0.17
Odisha,Bargarh ,Barpali,,Total,5.04,313.15,264.55,61.58,0,0,326.14,-12.98,4.22
Odisha,Bargarh ,Barpali,,Block Level Line Deptt.,0,0,9.81,5.23,0.33,0,15.37,-15.37,0.17
Odisha,Bargarh ,Barpali,,Po,0,29.63,0,NA,NA,13.97,13.97,15.66,NA
Odisha,Bargarh ,Barpali,,Grand Total,5.04,342.78,274.36,66.81,0.33,13.97,355.48,-12.69,4.39
Odisha,Bargarh ,Barpali,1,Bhadigaon,0.58,12.97,14.04,4.04,0.05,0,18.12,-5.15,0.06
Odisha,Bargarh ,Barpali,2,Bhatli,-0.01,24.04,24.97,3.83,0.07,0,28.86,-4.82,0.05
Odisha,Bargarh ,Barpali,3,Chadeigaon,0.78,19.45,15.47,5.15,0.01,0,20.63,-1.18,0.12
Odisha,Bargarh ,Bhatli,4,Damalpali,0,17.67,17.07,1.65,0.03,0,18.75,-1.08,0
Odisha,Bargarh ,Bhatli,5,Halupali,0.36,15.6,17.89,3.46,0.08,0,21.43,-5.82,0
Odisha,Bargarh ,Bhatli,6,Hatisar,0.53,13.87,11.59,1.86,0.02,0,13.47,0.4,0
Odisha,Bargarh ,Bhatli,7,Kamgaon,0,44.19,24.61,25.34,0.19,0,50.15,-5.96,0
Odisha,Bargarh ,Bhatli,8,Kashaipali,0,20.91,19.87,2.17,0.02,0,22.06,-1.15,0.11
Odisha,Bargarh ,Bhatli,9,Kelendupali,0,32.61,34.58,5.89,0.07,0,40.54,-7.93,0.08
Odisha,Bargarh ,Bhatli,10,Kharmunda.,1.7,22.63,21.5,0,0,0,21.5,1.13,0
Odisha,Bargarh ,Bhatli,11,Mulbar,0.95,28.99,26.11,10.87,0.07,0,37.05,-8.07,0.02
Odisha,Bargarh ,Bhatli,12,Narangpur,-0.02,69.06,68.15,1.47,0,0,69.62,-0.56,0.17
Odisha,Bargarh ,Bhatli,13,Nuagarh,0,14.02,15.19,3.05,0.03,0,18.27,-4.25,0.05
Odisha,Bargarh ,Bhatli,14,Sukuda,0.7,25.45,20.77,6.8,0.02,0,27.59,-2.14,0.14
Odisha,Bargarh ,Bhatli,15,Tejagula,0,9.95,9.81,8.88,0.05,0,18.75,-8.8,0.03
Odisha,Bargarh ,Bhatli,16,Urduna,0.33,16.09,16.25,2.35,0.03,0,18.63,-2.54,0
Odisha,Bargarh ,Bhatli,,Total,5.91,387.47,357.87,86.78,0.74,0,445.4,-57.93,0.84
Odisha,Bargarh ,Bhatli,,Block Level Line Deptt.,-0.08,-0.08,13.38,23.67,1.93,0.22,39.19,-39.27,0.22
Odisha,Bargarh ,Bhatli,,Po,0,75.01,0,NA,NA,8.42,8.42,66.59,NA
Odisha,Bargarh ,Bhatli,,Grand Total,5.83,462.4,371.25,110.45,2.67,8.64,493.01,-30.61,1.06
Odisha,Bargarh ,Bhatli,1,Ainlapali,0,10.19,40.96,5.28,0,0,46.24,-36.05,0
Odisha,Bargarh ,Bhatli,2,Areigudi,0.32,8.19,13.43,5.63,0,0,19.06,-10.87,0.04
Odisha,Bargarh ,Bhatli,3,Arjunda,0.71,3.77,13.61,2.06,0,0,15.66,-11.89,0
Odisha,Bargarh ,Bheden,4,Bakti,2.23,7.95,17.28,5.67,0,0,22.94,-14.99,0
Odisha,Bargarh ,Bheden,5,Bheden,1.55,5.39,16.27,0.96,0.03,0,17.26,-11.86,0.03
Odisha,Bargarh ,Bheden,6,Chichinda,0.93,2.87,14.89,4.39,0,0,19.29,-16.42,0.01
Odisha,Bargarh ,Bheden,7,Dalab,2.43,2.58,14.88,3.81,0,0,18.69,-16.11,0
Odisha,Bargarh ,Bheden,8,Deshbhatli,0.11,3.13,27.5,5.48,0,0,32.98,-29.85,0
Odisha,Bargarh ,Bheden,9,Kubedega,0.01,1.73,10.51,16.78,0,0,27.29,-25.55,0
Odisha,Bargarh ,Bheden,10,Luhakhandi,0.25,3.57,16.93,0.44,0,0,17.37,-13.81,0
Odisha,Bargarh ,Bheden,11,Lupursingha,0.82,1.16,4.82,0.21,0,0,5.04,-3.87,0.02
Odisha,Bargarh ,Bheden,12,Mahulpali,0,5.66,32.95,1.72,0,0,34.66,-29,0.1
Odisha,Bargarh ,Bheden,13,Manpur,0,13.01,31.64,2.24,0,0,33.88,-20.87,0
Odisha,Bargarh ,Bheden,14,Papanga,0.01,1.8,17.89,0.36,0,0,18.25,-16.44,0
Odisha,Bargarh ,Bheden,15,Remunda,0.35,0.38,22.54,2.33,0,0,24.87,-24.49,0
Odisha,Bargarh ,Bheden,16,Reshma,0.46,2.65,21.1,2.83,0.2,0,24.13,-21.49,0
Odisha,Bargarh ,Bheden,17,Rusuda,0,1.34,18.26,0.32,0,0,18.58,-17.24,0
Odisha,Bargarh ,Bheden,18,Sankirda,1.56,6.12,29.32,1.82,0,0,31.15,-25.03,0
Odisha,Bargarh ,Bheden,19,Sialkhandtha,0,0.49,13.38,3.94,0.09,0,17.41,-16.92,0.01
Odisha,Bargarh ,Bheden,20,Sunalarambha,1.43,5.84,25.47,0.54,0,0,26,-20.16,0
Odisha,Bargarh ,Bheden,21,Talmenda,0,4.08,24.92,5.11,0,0,30.03,-25.95,0
Odisha,Bargarh ,Bheden,,Block Level Line Deptt.,0,0,6.35,4.04,0.25,0,10.64,-10.64,0.03
Odisha,Bargarh ,Bheden,,Po,0,442.67,0,NA,NA,22.71,22.71,419.96,NA
Odisha,Bargarh ,Bheden,,Grand Total,13.18,534.57,434.87,75.97,0.58,22.71,534.13,0.43,0.23
Odisha,Bargarh ,Bheden,1,Badabaunsen,2.52,3.42,19.65,0.23,0,0,19.89,-16.47,0.64
Odisha,Bargarh ,Bheden,2,Badbrahmani,0,0.23,7.71,0.16,0,0,7.87,-7.64,0
Odisha,Bargarh ,Bheden,3,Bairakhapali,0.1,5.84,14.55,11.8,0,0,26.35,-20.52,0.14
Odisha,Bargarh ,Bheden,4,Barmunda,0.75,4.4,17.8,1.02,0,0,18.82,-14.42,0.24
Odisha,Bargarh ,Bijepur,5,Beniachal,0.24,9.72,16.36,0,0,0,16.36,-6.64,0.08
Odisha,Bargarh ,Bijepur,6,Bhatigaon,1.06,11.55,29.36,7.77,0,0,37.13,-25.57,0.64
Odisha,Bargarh ,Bijepur,7,Bijepur,1.43,1.43,11.22,0,0,0,11.22,-9.79,0.05
Odisha,Bargarh ,Bijepur,8,Budapali,0.23,2.04,11.93,3.21,0,0,15.14,-13.1,0.1
Odisha,Bargarh ,Bijepur,9,Charpali (New),0.61,4.74,14.83,3.5,0,0,18.34,-13.6,0.09
Odisha,Bargarh ,Bijepur,10,Ganthiapali,0.55,0.64,14.25,0.61,0,0,14.86,-14.21,0.32
Odisha,Bargarh ,Bijepur,11,Jaring,0,3.21,9.2,0,0,0,9.2,-5.98,0.37
Odisha,Bargarh ,Bijepur,12,Jokhipali,0.06,5.81,14.96,1.47,0,0,16.43,-10.62,0.12
Odisha,Bargarh ,Bijepur,13,Kharmunda,0.88,6.46,16.54,3.55,0,0,20.09,-13.63,0.84
Odisha,Bargarh ,Bijepur,14,Laumunda,0,9.49,33.61,0,0,0,33.61,-24.12,0.48
Odisha,Bargarh ,Bijepur,15,M.Srigida,1.92,4.71,13.62,0,0,0,13.62,-8.91,0.01
Odisha,Bargarh ,Bijepur,16,Pada,0.32,5.96,17.72,2.51,0,0,20.23,-14.27,0.25
Odisha,Bargarh ,Bijepur,17,Pahandi,1.08,9.07,12.9,2.55,0,0,15.44,-6.37,0.29
Odisha,Bargarh ,Bijepur,18,Patharla,3.15,7.08,15.46,0,0,0,15.46,-8.38,0.78
Odisha,Bargarh ,Bijepur,19,Saipali,0.74,3.62,22.65,0,0,0,22.65,-19.02,0.5
Odisha,Bargarh ,Bijepur,20,Samaleipadar,1.18,2.11,10.16,0,0,0,10.16,-8.05,0.11
Odisha,Bargarh ,Bijepur,21,Sanbausen,3.06,15.36,17.78,2.68,0,0,20.46,-5.1,0
Odisha,Bargarh ,Bijepur,22,Surubali,1.02,1.93,8.5,0,0,0,8.5,-6.57,0.03
Odisha,Bargarh ,Bijepur,23,T.Gandpali,1.46,2.37,16.7,1.15,0,0,17.86,-15.48,0.07
Odisha,Bargarh ,Bijepur,24,Talpadar,0,4.29,7.41,3.76,0,0,11.17,-6.88,0
Odisha,Bargarh ,Bijepur,,Total,22.35,125.49,374.86,45.97,0,0,420.83,-295.34,6.15
Odisha,Bargarh ,Bijepur,,Block Level Line Deptt.,-0.38,-0.38,9.87,20.19,0.02,0.5,30.59,-30.97,0.34
Odisha,Bargarh ,Bijepur,,Po,0,341.84,0,NA,NA,18.72,18.72,323.12,NA
Odisha,Bargarh ,Bijepur,,Grand Total,21.98,466.95,384.73,66.16,0.02,19.22,470.14,-3.19,6.49
Odisha,Bargarh ,Bijepur,1,Buromunda,0,91.09,45.72,40.69,5.31,0,91.72,-0.63,0.22
Odisha,Bargarh ,Bijepur,2,Chantipali,2.54,148.71,84.4,58.06,8.38,0,150.84,-2.13,0.47
Odisha,Bargarh ,Bijepur,3,Chikhili,0.06,30.8,30.99,0.1,0,0,31.09,-0.29,0.13
Odisha,Bargarh ,Bijepur,4,Dangbahal,0.63,68.42,28.73,35.61,5.22,0,69.57,-1.15,0.09
Odisha,Bargarh ,Gaisilet,5,Firingimal,0,180.14,115.59,57.46,7.45,0,180.49,-0.35,0.79
Odisha,Bargarh ,Gaisilet,6,Gajsilet,0.31,92.16,65.04,27.68,3.49,0,96.2,-4.04,0
Odisha,Bargarh ,Gaisilet,7,Ganiapali,1.39,36.3,34.88,0,0,0,34.88,1.41,0.14
Odisha,Bargarh ,Gaisilet,8,Gauramunda,-11.5,31.21,28.73,12.52,1.95,0,43.21,-12,0
Odisha,Bargarh ,Gaisilet,9,Guderpali,0,18.43,18.83,0.08,0,0,18.91,-0.48,0.03
Odisha,Bargarh ,Gaisilet,10,Jagalpat,0,46.86,45.51,3.31,0.38,0,49.2,-2.34,0.03
Odisha,Bargarh ,Gaisilet,11,Jamutpali,0,53.76,32.09,20.35,2.43,0,54.86,-1.09,0
Odisha,Bargarh ,Gaisilet,12,Kandagad,0,61.92,36.85,22.38,2.72,0,61.96,-0.04,0
Odisha,Bargarh ,Gaisilet,13,Katabahal,0,49.86,27.64,20.76,2.08,0,50.48,-0.62,0.14
Odisha,Bargarh ,Gaisilet,14,Kathaumal,0,40.54,41.26,2.06,0,0,43.32,-2.77,0
Odisha,Bargarh ,Gaisilet,15,Kundakhai,-0.02,16.57,16.6,0,0,0,16.6,-0.03,0.03
Odisha,Bargarh ,Gaisilet,16,Raisalpadar,0,29.99,30,4.5,0.18,0,34.69,-4.7,0.25
Odisha,Bargarh ,Gaisilet,17,Sandhibahal,0,59.21,47.66,20.26,3.15,0,71.07,-11.86,0.11
Odisha,Bargarh ,Gaisilet,18,Sardhapali,0,80.44,46.84,29.26,4.2,0,80.31,0.13,0.19
Odisha,Bargarh ,Gaisilet,19,Talpali,0,100.09,49.72,47.94,4.99,0,102.65,-2.55,0.2
Odisha,Bargarh ,Gaisilet,,Total,-6.6,1236.51,827.1,403.02,51.93,0,1282.05,-45.53,2.81
Odisha,Bargarh ,Gaisilet,,Block Level Line Deptt.,0,0,48.35,3.3,0.09,0.16,51.9,-51.9,0
Odisha,Bargarh ,Gaisilet,,Po,0,91.04,0,NA,NA,48.06,48.06,42.98,NA
Odisha,Bargarh ,Gaisilet,,Grand Total,-6.6,1327.55,875.45,406.32,52.02,48.22,1382.01,-54.45,2.81
Odisha,Bargarh ,Gaisilet,1,Amthi,0,37.81,39.6,3.5,0.34,0,43.44,-5.63,1.15
Odisha,Bargarh ,Gaisilet,2,Bhainsadarha,0,40.57,44.56,17.42,2.19,0,64.16,-23.6,1.41
Odisha,Bargarh ,Gaisilet,3,Bhandarpuri,0.55,31.52,34.54,5.33,0.58,0,40.45,-8.93,0.16
Odisha,Bargarh ,Gaisilet,4,Bilaspur,0.12,56.97,58.64,16.19,2.04,0,76.86,-19.9,2.04
Odisha,Bargarh ,Jharbandh,5,Chandivata,0.08,66.27,63.17,2.69,0.42,0,66.29,-0.02,0
Odisha,Bargarh ,Jharbandh,6,Chotanki,0.26,45.06,45.68,4,0.4,0,50.08,-5.02,0.36
Odisha,Bargarh ,Jharbandh,7,Dava,1.02,40.51,41.25,8.43,1.16,0,50.85,-10.34,0.14
Odisha,Bargarh ,Jharbandh,8,Gothuguda,0.63,57.1,57.85,11.76,1.38,0,70.99,-13.89,0.61
Odisha,Bargarh ,Jharbandh,9,Jagdalpur,0.18,68.3,69.46,2.28,0.3,0,72.04,-3.74,0
Odisha,Bargarh ,Jharbandh,10,Jharbandh,0,47.07,47.7,21.82,2.63,0,72.14,-25.07,0.4
Odisha,Bargarh ,Jharbandh,11,Kandadangar,0,64.83,65.3,26.21,3.63,0,95.14,-30.31,1.7
Odisha,Bargarh ,Jharbandh,12,Kumir,1.77,39.29,37.94,4.66,0.46,0,43.07,-3.78,0.33
Odisha,Bargarh ,Jharbandh,13,Kurlupali,1.03,23.86,23.76,16.89,2.27,0,42.92,-19.06,0.31
Odisha,Bargarh ,Jharbandh,14,Laudidhara,0.95,17.95,22.39,3.83,0.39,0,26.61,-8.65,1.08
Odisha,Bargarh ,Jharbandh,,Total,6.6,637.13,651.86,145.01,18.19,0,815.05,-177.92,9.7
Odisha,Bargarh ,Jharbandh,,Block Level Line Deptt.,0,0,15.62,10.21,0.63,0.1,26.57,-26.57,1.92
Odisha,Bargarh ,Jharbandh,,Po,0,218.11,0,NA,NA,30.69,30.69,187.42,NA
Odisha,Bargarh ,Jharbandh,,Grand Total,6.6,855.24,667.48,155.22,18.82,30.79,872.31,-17.07,11.62
Odisha,Bargarh ,Jharbandh,1,Barihapali,0.6,28.78,29.06,1,0,0,30.06,-1.28,0.25
Odisha,Bargarh ,Jharbandh,2,Barikel,1.49,40.61,38.16,0.97,0,0,39.13,1.48,0.24
Odisha,Bargarh ,Jharbandh,3,Bheunria,0.96,31.07,21.65,9,0.49,0,31.13,-0.06,0.15
Odisha,Bargarh ,Padampur,4,Budamal,0.9,41.84,37.36,4.14,0.31,0,41.82,0.02,0
Odisha,Bargarh ,Padampur,5,Buden,0.7,40.16,33.83,6.79,0.52,0,41.14,-0.99,0.34
Odisha,Bargarh ,Padampur,6,Charpali,1.94,43.21,23.18,18.02,1.73,0,42.93,0.28,0.07
Odisha,Bargarh ,Padampur,7,Dahigaon,0,51.49,40.45,13.72,1.33,0,55.49,-4,0.06
Odisha,Bargarh ,Padampur,8,Dahita,-0.01,47.69,44.75,3.74,0,0,48.5,-0.8,0.04
Odisha,Bargarh ,Padampur,9,Dangaghat,0,14.09,13.03,1.61,0,0,14.64,-0.55,0.02
Odisha,Bargarh ,Padampur,10,Gyan,0,11.76,10.84,1.04,0,0,11.88,-0.12,0.07
Odisha,Bargarh ,Padampur,11,Jamala,0.79,29.13,27.82,3.33,0,0,31.16,-2.02,0.01
Odisha,Bargarh ,Padampur,12,Jamartala,0.57,36.9,28.36,7.85,0.26,0,36.47,0.43,0.02
Odisha,Bargarh ,Padampur,13,Kansar,0.73,38.6,38.12,0,0,0,38.11,0.48,0.06
Odisha,Bargarh ,Padampur,14,Kansingha,0.61,41.55,32.9,9.76,0.65,0,43.3,-1.74,0.35
Odisha,Bargarh ,Padampur,15,Khaliapali.,0.42,37.48,34.13,8.33,0.65,0,43.1,-5.63,0.15
Odisha,Bargarh ,Padampur,16,Loharapali,1.15,59.06,51.78,6.73,0.52,0,59.04,0.02,0
Odisha,Bargarh ,Padampur,17,Mahulpali.,0,13.08,12.11,1.91,0,0,14.02,-0.95,0.06
Odisha,Bargarh ,Padampur,18,Melchhamunda,1.64,26.39,25.93,3.97,0.37,0,30.26,-3.88,0.03
Odisha,Bargarh ,Padampur,19,Palsapali,0.54,62.23,58.27,3.64,0,0,61.91,0.32,0.22
Odisha,Bargarh ,Padampur,20,Purena,0.63,29.86,29.36,1.58,0,0,30.94,-1.08,0.21
Odisha,Bargarh ,Padampur,21,Sargibahal,1,53.07,49.68,2.72,0,0,52.4,0.67,0.75
Odisha,Bargarh ,Padampur,22,Tal,0,24.12,23.11,2.02,0,0,25.13,-1.01,0.14
Odisha,Bargarh ,Padampur,,Total,14.67,802.16,703.88,111.88,6.81,0,822.56,-20.4,3.22
Odisha,Bargarh ,Padampur,,Block Level Line Deptt.,-193.18,-193.18,59.93,19.51,0.41,1.2,81.04,-274.22,0.66
Odisha,Bargarh ,Padampur,,Po,0,48.63,0,NA,NA,11.5,11.5,37.13,NA
Odisha,Bargarh ,Padampur,,Grand Total,-178.51,657.61,763.81,131.39,7.22,12.7,915.1,-257.49,3.88
Odisha,Bargarh ,Padampur,1,Badikata,0,26.43,27.7,4.72,0.39,0,32.81,-6.38,0.05
Odisha,Bargarh ,Padampur,2,Bartunda,0.55,68.11,39.82,36.07,4.21,0,80.1,-11.98,0.23
Odisha,Bargarh ,Padampur,3,Bhengarajpur,0,51.81,39.85,29.84,1.63,0,71.32,-19.51,0.2
Odisha,Bargarh ,Paikmal,4,Bhubaneswarpur,0.09,46.81,42.16,4.4,0.52,0,47.09,-0.28,0.48
Odisha,Bargarh ,Paikmal,5,Bukramunda,0.06,34.51,22.8,14.39,0.18,0,37.37,-2.85,0.4
Odisha,Bargarh ,Paikmal,6,Chardapali,0.15,39.48,39.46,0.6,0,0,40.06,-0.57,0.2
Odisha,Bargarh ,Paikmal,7,Chhendeikela,1.24,37.2,27.29,17.55,1.76,0,46.6,-9.4,0.75
Odisha,Bargarh ,Paikmal,8,Chhetgaon,0,34.32,35.09,0,0,0,35.09,-0.77,0.19
Odisha,Bargarh ,Paikmal,9,Jamseth,1.03,49.09,36.39,13.61,1.46,0,51.46,-2.37,0.62
Odisha,Bargarh ,Paikmal,10,Jharband,0.22,46.1,43.82,5.78,0.72,0,50.33,-4.22,0.82
Odisha,Bargarh ,Paikmal,11,Jhitiki,0.22,43.25,43.02,0,0,0,43.02,0.22,0.16
Odisha,Bargarh ,Paikmal,12,Kansada,0.96,64.62,64.36,5.64,0.48,0,70.49,-5.87,0
Odisha,Bargarh ,Paikmal,13,Kechhodadar,0,49.07,41.66,12.17,0.81,0,54.65,-5.58,0.23
Odisha,Bargarh ,Paikmal,14,Kermelabahal,0.04,31.23,26.37,4.15,0.1,0,30.62,0.61,0.6
Odisha,Bargarh ,Paikmal,15,Lakhamara,0.15,49.37,49.71,0,0,0,49.71,-0.34,0.1
Odisha,Bargarh ,Paikmal,16,Mandiadhipa,0,49.44,37.21,16.4,2.29,0,55.9,-6.46,0.05
Odisha,Bargarh ,Paikmal,17,Mandosil,0.09,51.07,45.26,7.46,0.41,0,53.13,-2.06,0.32
Odisha,Bargarh ,Paikmal,18,Mithapali,0.18,78.81,60.63,20.72,1.79,0,83.14,-4.33,0.16
Odisha,Bargarh ,Paikmal,19,Paikmal,0,38.91,40.08,21.41,2.08,0,63.57,-24.66,0.25
Odisha,Bargarh ,Paikmal,20,Palsada,0.2,29.37,30.86,8.68,0.61,0,40.15,-10.78,0.13
Odisha,Bargarh ,Paikmal,21,Saraikela,0.1,32.93,32.32,0,0,0,32.32,0.61,0.23
Odisha,Bargarh ,Paikmal,22,Temeri,0.5,22.01,22.85,3.94,0.33,0,27.12,-5.11,0.39
Odisha,Bargarh ,Paikmal,,Total,5.79,973.96,848.72,227.51,19.8,0,1096.03,-122.06,6.56
Odisha,Bargarh ,Paikmal,,Block Level Line Deptt.,-0.09,-0.09,29.15,16.56,0.46,0.6,46.77,-46.86,3.34
Odisha,Bargarh ,Paikmal,,Po,0,178.2,0,NA,NA,46.89,46.89,131.31,NA
Odisha,Bargarh ,Paikmal,,Grand Total,5.7,1152.07,877.87,244.07,20.26,47.49,1189.69,-37.61,9.9
Odisha,Bargarh ,Paikmal,1,Bausenmura,0,25.58,21.88,3.76,0,0,25.64,-0.06,0
Odisha,Bargarh ,Paikmal,2,Beherapali,2.37,15.18,12.88,0,0,0,12.88,2.29,0.05
Odisha,Bargarh ,Paikmal,3,Bijapali,0,14.19,12.95,1.24,0,0,14.19,0,0.03
Odisha,Bargarh ,Sohella,4,Birjam,0,23.02,21.57,1.45,0,0,23.02,0,0.15
Odisha,Bargarh ,Sohella,5,Chhuriapali,0,26.81,22.43,4.38,0,0,26.81,0,0.01
Odisha,Bargarh ,Sohella,6,Dumberpali,0.28,33.73,30.14,3.31,0,0,33.45,0.28,0.06
Odisha,Bargarh ,Sohella,7,Garvana,0,10.46,6.12,4.34,0,0,10.46,0,0
Odisha,Bargarh ,Sohella,8,Ghess,0.08,18.3,15.87,2.34,0,0,18.22,0.08,0.01
Odisha,Bargarh ,Sohella,9,Jatla,0,19.97,12,7.99,0,0,19.99,-0.02,0.18
Odisha,Bargarh ,Sohella,10,Jhar,0,15.42,13.17,2.25,0,0,15.42,0,0
Odisha,Bargarh ,Sohella,11,Kalangapali,1.52,9.69,6.78,1.39,0,0,8.17,1.52,0
Odisha,Bargarh ,Sohella,12,Kanapali,0.41,26.23,23.84,1.98,0,0,25.82,0.41,0
Odisha,Bargarh ,Sohella,13,Kangoan,0.18,46.14,34.22,11.74,0,0,45.95,0.18,0.25
Odisha,Bargarh ,Sohella,14,Karandols,0.27,11.02,10.76,0,0,0,10.76,0.27,0.07
Odisha,Bargarh ,Sohella,15,Kuchipali,0.66,20.19,8.34,11.2,0,0,19.53,0.66,0
Odisha,Bargarh ,Sohella,16,Lebidi,0.38,23.37,11.47,11.52,0,0,22.99,0.38,0.01
Odisha,Bargarh ,Sohella,17,Pandkipali,3.58,41.26,38.04,0.95,0,0,38.99,2.27,0.11
Odisha,Bargarh ,Sohella,18,Panimura,0.11,28.4,22.08,6.21,0,0,28.29,0.11,0.19
Odisha,Bargarh ,Sohella,19,Petupali,0.47,8.01,7.54,0,0,0,7.54,0.47,0.07
Odisha,Bargarh ,Sohella,20,Rengali,0.29,29.49,25.34,3.86,0,0,29.2,0.29,0.1
Odisha,Bargarh ,Sohella,21,Salepali,0,14.93,14.93,0,0,0,14.93,0,0.01
Odisha,Bargarh ,Sohella,22,Sanimal,0.6,25.14,21.79,2.75,0,0,24.54,0.6,0
Odisha,Bargarh ,Sohella,23,Sarkanda,0,11.15,11.15,0,0,0,11.15,0,0.07
Odisha,Bargarh ,Sohella,24,Sohella.,0,49.84,28.12,21.73,0,0,49.84,0,0.38
Odisha,Bargarh ,Sohella,25,Srigida,0.18,19.46,11.94,7.34,0,0,19.28,0.18,0.05
Odisha,Bargarh ,Sohella,26,Tabda,0.78,33.32,21.87,10.68,0,0,32.55,0.78,0.11
Odisha,Bargarh ,Sohella,27,Tungibandhali,0,29.64,29.64,0,0,0,29.64,0,0.2
Odisha,Bargarh ,Sohella,,Total,12.15,629.93,496.86,122.39,0,0,619.25,10.68,2.12
Odisha,Bargarh ,Sohella,,Block Level Line Deptt.,-0.37,-0.37,21.69,84.56,0.13,1,107.38,-107.75,18.19
Odisha,Bargarh ,Sohella,,Po,0,24.53,0,NA,NA,23.22,23.22,1.31,NA
Odisha,Bargarh ,Sohella,,Grand Total,11.78,654.09,518.55,206.95,0.13,24.22,749.85,-95.76,20.31
Odisha,BHADRAK   ,Sohella,1,Adhuan,0,12.29,13.88,0.2,0,0,14.08,-1.79,2.73
Odisha,BHADRAK   ,Sohella,2,Andola,0,10.76,11.05,1.14,0,0,12.2,-1.43,1.65
Odisha,BHADRAK   ,Sohella,3,Arandua,-0.02,13.85,15.61,7.75,0,0,23.35,-9.51,2.15
Odisha,BHADRAK   ,Basudevpur,4,Artung,0,4.02,4.17,0.28,0,0,4.45,-0.42,0.15
Odisha,BHADRAK   ,Basudevpur,5,Aruhan,0,0,0.77,0,0,0,0.77,-0.77,0.03
Odisha,BHADRAK   ,Basudevpur,6,Balimeda,0,10.45,11.37,0,0,0,11.37,-0.92,0.57
Odisha,BHADRAK   ,Basudevpur,7,Balimunda,0,18.32,18.45,0,0,0,18.45,-0.13,0.54
Odisha,BHADRAK   ,Basudevpur,8,Barandua,0,2.59,2.77,0,0,0,2.77,-0.18,0.14
Odisha,BHADRAK   ,Basudevpur,9,Bideipur,0,3.27,1.71,0,0,0,1.71,1.56,0.01
Odisha,BHADRAK   ,Basudevpur,10,Binobabhabenagar,0,2.12,2.03,0,0,0,2.03,0.09,0.07
Odisha,BHADRAK   ,Basudevpur,11,Biras,0,7.64,7.64,0,0,0,7.64,0,2.4
Odisha,BHADRAK   ,Basudevpur,12,Brahmangaon,0,4.57,3.9,0.45,0,0,4.35,0.22,1.45
Odisha,BHADRAK   ,Basudevpur,13,Chudamani,0,1.88,6.71,0.15,0,0,6.86,-4.98,0.17
Odisha,BHADRAK   ,Basudevpur,14,Eram,0,8.48,9.99,0.11,0,0,10.09,-1.61,0.87
Odisha,BHADRAK   ,Basudevpur,15,Ertal,0,0.74,1.37,0.32,0,0,1.69,-0.95,0
Odisha,BHADRAK   ,Basudevpur,16,Gobindapur,0,2.31,2.15,1.26,0,0,3.41,-1.11,0.01
Odisha,BHADRAK   ,Basudevpur,17,Gopabandhunagar,0,14.76,16.61,5.21,0,0,21.82,-7.06,0.19
Odisha,BHADRAK   ,Basudevpur,18,Guagadhia,0,1.02,4.96,0.11,0,0,5.06,-4.04,0.13
Odisha,BHADRAK   ,Basudevpur,19,Jagannathprasad,0,9.68,10.13,0,0,0,10.13,-0.45,2.62
Odisha,BHADRAK   ,Basudevpur,20,Jagannathpur,0,8.98,3.32,0,0,0,3.32,5.66,0.17
Odisha,BHADRAK   ,Basudevpur,21,Karanjadia,0,4.07,5.44,5.46,0,0,10.9,-6.83,0.05
Odisha,BHADRAK   ,Basudevpur,22,Kharidabinayakpur,0,4.48,5.81,3.18,0,0,8.99,-4.51,0.06
Odisha,BHADRAK   ,Basudevpur,23,Kismatkrushnapur,0,13.74,14.11,0,0,0,14.11,-0.37,1.08
Odisha,BHADRAK   ,Basudevpur,24,Kumarpur,0,0.18,0.33,0,0,0,0.33,-0.15,0
Odisha,BHADRAK   ,Basudevpur,25,Laxmidaspur,0,7.82,8.59,0,0,0,8.59,-0.77,0.37
Odisha,BHADRAK   ,Basudevpur,26,Lunga,0,2.76,3.37,0,0,0,3.37,-0.61,0.06
Odisha,BHADRAK   ,Basudevpur,27,Naikanidihi,0,12.83,12.92,0,0,0,12.92,-0.08,0.28
Odisha,BHADRAK   ,Basudevpur,28,Narsingpur,0,8.39,8.65,0,0,0,8.65,-0.26,0.67
Odisha,BHADRAK   ,Basudevpur,29,Nuagaon,0,0,0.24,0.73,0,0,0.97,-0.97,0
Odisha,BHADRAK   ,Basudevpur,30,Padhuan,0,15.74,8.72,6.37,0,0,15.08,0.65,2.44
Odisha,BHADRAK   ,Basudevpur,31,Padmapur,0,11.29,13.24,0,0,0,13.24,-1.94,1.13
Odisha,BHADRAK   ,Basudevpur,32,Rajgharpokhari,0,10.51,11.04,2.05,0,0,13.09,-2.58,0.28
Odisha,BHADRAK   ,Basudevpur,33,Sanakrushnapur,0,10.64,11.8,0.29,0,0,12.08,-1.44,0.14
Odisha,BHADRAK   ,Basudevpur,34,Sasubhuasuni,0,0.1,0.1,0,0,0,0.1,0,0
Odisha,BHADRAK   ,Basudevpur,35,Sudarsanpur,0,7.4,8.17,0.11,0,0,8.27,-0.87,0.84
Odisha,BHADRAK   ,Basudevpur,36,Sugo,0,10.95,11.12,0,0,0,11.12,-0.17,1.18
Odisha,BHADRAK   ,Basudevpur,,Total,-0.02,258.65,272.25,35.14,0,0,307.39,-48.73,24.61
Odisha,BHADRAK   ,Basudevpur,,Block Level Line Deptt.,-0.06,-0.06,238.88,12.1,0,0,250.98,-251.04,14.83
Odisha,BHADRAK   ,Basudevpur,,Po,7.45,329.31,0,NA,NA,33,33,296.31,NA
Odisha,BHADRAK   ,Basudevpur,,Grand Total,7.37,587.9,511.13,47.24,0,33,591.37,-3.46,39.44
Odisha,BHADRAK   ,Basudevpur,1,Ambroli,0,26.51,26.37,0.13,0,0,26.51,0,0.7
Odisha,BHADRAK   ,Basudevpur,2,Andheipalli,0,10.93,10.93,0,0,0,10.93,0,0.21
Odisha,BHADRAK   ,Basudevpur,3,Arnapal,0,29.47,29.6,0,0,0,29.6,-0.13,0.43
Odisha,BHADRAK   ,Bhadrak,4,B.P.Bindha,0,13.99,13.98,0,0,0,13.98,0.01,0.46
Odisha,BHADRAK   ,Bhadrak,5,Bahudarada,0,13.75,13.79,0,0,0,13.79,-0.04,0.99
Odisha,BHADRAK   ,Bhadrak,6,Bandhagaon,0,12.59,12.59,0,0,0,12.59,0,0.32
Odisha,BHADRAK   ,Bhadrak,7,Bania,0,17.29,16.99,0.27,0,0,17.26,0.03,0.11
Odisha,BHADRAK   ,Bhadrak,8,Banitia,0,9.78,9.78,0,0,0,9.78,0,0.39
Odisha,BHADRAK   ,Bhadrak,9,Baudpur,0,3.22,3.22,0,0,0,3.22,0,0.33
Odisha,BHADRAK   ,Bhadrak,10,Bental,0,20.34,20.36,0,0,0,20.36,-0.02,5.06
Odisha,BHADRAK   ,Bhadrak,11,Betara,0,13.13,13.04,0.09,0,0,13.13,0,0.13
Odisha,BHADRAK   ,Bhadrak,12,Brahmapur,0,25.07,25.07,0,0,0,25.07,0,5.47
Odisha,BHADRAK   ,Bhadrak,13,Chandigaon,0,9.82,9.61,0.21,0,0,9.82,0,0
Odisha,BHADRAK   ,Bhadrak,14,Charampa,0,8.88,8.91,0,0,0,8.91,-0.03,0.77
Odisha,BHADRAK   ,Bhadrak,15,Daising,0,18.97,18.87,0.11,0,0,18.98,-0.01,0.47
Odisha,BHADRAK   ,Bhadrak,16,Erada,0,16.99,17,0,0,0,17,-0.01,0.28
Odisha,BHADRAK   ,Bhadrak,17,Erein,0,9.39,9.39,0,0,0,9.39,0,0.08
Odisha,BHADRAK   ,Bhadrak,18,Gelpur,0,4.85,4.85,0,0,0,4.85,0,0.13
Odisha,BHADRAK   ,Bhadrak,19,Geltua,0,44.68,44.69,0,0,0,44.69,-0.01,0.28
Odisha,BHADRAK   ,Bhadrak,20,Goramati,0,13.69,13.59,0.11,0,0,13.69,0,1.27
Odisha,BHADRAK   ,Bhadrak,21,Gujidarada,0,26.65,26.65,0,0,0,26.65,0,0.08
Odisha,BHADRAK   ,Bhadrak,22,Haripur,0,4.89,4.9,0,0,0,4.9,-0.01,0.5
Odisha,BHADRAK   ,Bhadrak,23,Jagadalpur,0,13.86,13.86,0,0,0,13.86,0,0.02
Odisha,BHADRAK   ,Bhadrak,24,Kalei,0,52.75,52.78,0,0,0,52.78,-0.03,0.18
Odisha,BHADRAK   ,Bhadrak,25,Kaupur,0,25.98,25.98,0,0,0,25.98,0,0.21
Odisha,BHADRAK   ,Bhadrak,26,Kedarpur,0,18.55,18.32,0.21,0,0,18.53,0.02,0.07
Odisha,BHADRAK   ,Bhadrak,27,Khandatada,0,18.05,18.05,0,0,0,18.05,0,0.24
Odisha,BHADRAK   ,Bhadrak,28,Kodabaruan,0,14.5,13.97,0.53,0,0,14.51,-0.01,0.15
Odisha,BHADRAK   ,Bhadrak,29,Korkora,0,9.98,9.98,0,0,0,9.98,0,0.78
Odisha,BHADRAK   ,Bhadrak,30,Olanga,0,15.68,15.68,0,0,0,15.68,0,0.22
Odisha,BHADRAK   ,Bhadrak,31,Parasinga,0,9.28,7.49,1.79,0,0,9.28,0,0.39
Odisha,BHADRAK   ,Bhadrak,32,Rahanja,0,8.9,8.9,0,0,0,8.9,0,1.5
Odisha,BHADRAK   ,Bhadrak,33,Rambhila,0,22.76,22.76,0,0,0,22.76,0,0.01
Odisha,BHADRAK   ,Bhadrak,34,Randia,0,7.02,7.02,0,0,0,7.02,0,0.13
Odisha,BHADRAK   ,Bhadrak,35,Sabarang,0,13.42,13.39,0,0,0,13.39,0.03,1.06
Odisha,BHADRAK   ,Bhadrak,36,Sahada,0,28.92,28.45,0.47,0,0,28.92,0,7.54
Odisha,BHADRAK   ,Bhadrak,,Total,0,614.51,610.79,3.93,0,0,614.71,-0.2,30.97
Odisha,BHADRAK   ,Bhadrak,,Block Level Line Deptt.,0,0,11.37,41.86,0.08,0,53.31,-53.31,0.28
Odisha,BHADRAK   ,Bhadrak,,Po,11.94,88.24,0,NA,NA,30.89,30.89,57.35,NA
Odisha,BHADRAK   ,Bhadrak,,Grand Total,11.94,702.75,622.16,45.79,0.08,30.89,698.91,3.84,31.25
Odisha,BHADRAK   ,Bhadrak,1,Balipokhari,0,8.65,8.01,0.64,0,0,8.65,0,0.12
Odisha,BHADRAK   ,Bhadrak,2,Bandalamadhiali,-0.01,3.04,1.99,1.09,0,0,3.08,-0.03,0
Odisha,BHADRAK   ,Bhadrak,3,Bayanbanpur,0,0.7,0.72,0.1,0,0,0.81,-0.12,0.02
Odisha,BHADRAK   ,Bhandaripokhari,4,Bishnupur,0,0,0.16,0,0,0,0.16,-0.16,0
Odisha,BHADRAK   ,Bhandaripokhari,5,Dakhinabad,0,0.49,0.38,0,0,0,0.38,0.11,0
Odisha,BHADRAK   ,Bhandaripokhari,6,Jalamandua,0,1.27,1.26,0,0,0,1.26,0.01,0.4
Odisha,BHADRAK   ,Bhandaripokhari,7,Jhutana,0,3.45,3.44,0,0,0,3.44,0.01,0.26
Odisha,BHADRAK   ,Bhandaripokhari,8,Kurigaon,0,5.69,5.84,0,0,0,5.84,-0.15,0.47
Odisha,BHADRAK   ,Bhandaripokhari,9,Malada,-0.03,1.41,1.42,0,0,0,1.42,-0.01,0.05
Odisha,BHADRAK   ,Bhandaripokhari,10,Naami,0,0.67,0.73,0.1,0,0,0.83,-0.16,0.05
Odisha,BHADRAK   ,Bhandaripokhari,11,Naguan,0,7.98,7.98,0,0,0,7.98,0,0.52
Odisha,BHADRAK   ,Bhandaripokhari,12,Napanga,0,8.61,8.66,0.09,0,0,8.75,-0.14,4.62
Odisha,BHADRAK   ,Bhandaripokhari,13,Nerada,0,3.79,3.94,0,0,0,3.94,-0.15,2.81
Odisha,BHADRAK   ,Bhandaripokhari,14,Nirgundi,0,1.39,1.39,0,0,0,1.39,0,0
Odisha,BHADRAK   ,Bhandaripokhari,15,Patuli,0,1.26,1.34,0,0,0,1.34,-0.08,0.77
Odisha,BHADRAK   ,Bhandaripokhari,16,Rahania,0,21.51,21.58,0,0,0,21.58,-0.07,1.24
Odisha,BHADRAK   ,Bhandaripokhari,17,Rajendrapur,0,1.7,1.65,0,0,0,1.65,0.05,0.31
Odisha,BHADRAK   ,Bhandaripokhari,18,Ramachandrapur,0,0.3,0.47,0,0,0,0.47,-0.17,0.07
Odisha,BHADRAK   ,Bhandaripokhari,19,Ranjit,0,3.77,3.79,0,0,0,3.79,-0.02,0.15
Odisha,BHADRAK   ,Bhandaripokhari,20,Sanasasan,0,6.22,6.4,0,0,0,6.4,-0.19,0.29
Odisha,BHADRAK   ,Bhandaripokhari,21,Sarsada,0,15.37,14.87,0.49,0,0,15.37,0,0.58
Odisha,BHADRAK   ,Bhandaripokhari,22,Solampur,0,0.67,0.8,0,0,0,0.8,-0.13,0
Odisha,BHADRAK   ,Bhandaripokhari,23,Tesinga,-0.02,8.48,7.56,0.94,0,0,8.49,-0.01,0.24
Odisha,BHADRAK   ,Bhandaripokhari,,Total,-0.06,106.4,104.36,3.45,0,0,107.81,-1.41,12.97
Odisha,BHADRAK   ,Bhandaripokhari,,Block Level Line Deptt.,-0.16,-0.16,161.25,102.41,0.43,0,264.1,-264.26,4.08
Odisha,BHADRAK   ,Bhandaripokhari,,Po,4.06,273.88,0,NA,NA,19.93,19.93,253.95,NA
Odisha,BHADRAK   ,Bhandaripokhari,,Grand Total,3.83,380.12,265.61,105.86,0.43,19.93,391.84,-11.72,17.05
Odisha,BHADRAK   ,Bhandaripokhari,1,Adia,0,1.69,3.84,0,0,0,3.84,-2.14,0.15
Odisha,BHADRAK   ,Bhandaripokhari,2,Anijo,0,14.87,14.92,0,0,0,14.92,-0.05,1.65
Odisha,BHADRAK   ,Bhandaripokhari,3,Badabarchikayan,0,10.01,10.95,3.55,0,0,14.5,-4.5,0.11
Odisha,BHADRAK   ,Bonth,4,Badahata Trilochanpur,0,13.06,13.39,0,0,0,13.39,-0.33,0.19
Odisha,BHADRAK   ,Bonth,5,Badamahisagotha,0,9.65,9.85,0,0,0,9.85,-0.2,1.14
Odisha,BHADRAK   ,Bonth,6,Basantia,0,11.77,11.97,0,0,0,11.97,-0.2,0.03
Odisha,BHADRAK   ,Bonth,7,Bonth,0,25.98,25.99,0,0,0,25.99,-0.01,0.54
Odisha,BHADRAK   ,Bonth,8,Charigan,0,15.67,15.71,0,0,0,15.71,-0.04,0.05
Odisha,BHADRAK   ,Bonth,9,Chhayalsing,0,7.82,7.43,0.44,0,0,7.87,-0.05,1.3
Odisha,BHADRAK   ,Bonth,10,Ganijang,0,14.51,14.82,2.21,0,0,17.02,-2.51,0.14
Odisha,BHADRAK   ,Bonth,11,Gopinathpur,0,37.6,37.76,0,0,0,37.76,-0.16,0.93
Odisha,BHADRAK   ,Bonth,12,Govindapur,0,20.31,20.31,0,0,0,20.31,0,0.36
Odisha,BHADRAK   ,Bonth,13,Kadabarang,0,11.9,12.02,0,0,0,12.02,-0.12,0.22
Odisha,BHADRAK   ,Bonth,14,Kenduapada,0,17.11,17.34,0,0,0,17.34,-0.23,2.5
Odisha,BHADRAK   ,Bonth,15,Mohantypada,0,7.91,7.91,0,0,0,7.91,0,0.52
Odisha,BHADRAK   ,Bonth,16,Nilak,0,12.49,13.05,0,0,0,13.05,-0.56,0.2
Odisha,BHADRAK   ,Bonth,17,Odanga,0,12.52,12.78,0,0,0,12.78,-0.26,0.17
Odisha,BHADRAK   ,Bonth,18,Padhanpada,0,1.37,2.03,0,0,0,2.03,-0.66,0.03
Odisha,BHADRAK   ,Bonth,19,Purusandha,0,7.49,7.58,0,0,0,7.58,-0.09,1.34
Odisha,BHADRAK   ,Bonth,20,Ramachandrapur,0,8.29,8.74,1.19,0,0,9.93,-1.65,0.57
Odisha,BHADRAK   ,Bonth,21,Ramakrushnapur,0,8.89,9.26,2.65,0,0,11.91,-3.02,0.29
Odisha,BHADRAK   ,Bonth,22,Rampur,0,13.35,13.97,0,0,0,13.97,-0.62,0
Odisha,BHADRAK   ,Bonth,23,Sendhatira,0,15.18,15.18,0,0,0,15.18,0,0.07
Odisha,BHADRAK   ,Bonth,24,Tillo,0,28.19,29.15,0.09,0,0,29.24,-1.05,3.03
Odisha,BHADRAK   ,Bonth,25,Todagaon,0,7.73,7.73,0,0,0,7.73,0,0.02
Odisha,BHADRAK   ,Bonth,,Total,0,335.36,343.66,10.13,0,0,353.79,-18.43,15.56
Odisha,BHADRAK   ,Bonth,,Block Level Line Deptt.,-0.25,-0.25,79.34,17.22,0,0,96.56,-96.81,1.57
Odisha,BHADRAK   ,Bonth,,Po,-9.48,116.35,0,NA,NA,20.31,20.31,96.04,NA
Odisha,BHADRAK   ,Bonth,,Grand Total,-9.73,451.46,423,27.35,0,20.31,470.66,-19.2,17.13
Odisha,BHADRAK   ,Bonth,1,Aradi,0,26.89,26.89,0,0,0,26.89,0,0.23
Odisha,BHADRAK   ,Bonth,2,Badaostia,0,10.56,10.56,0,0,0,10.56,0,0
Odisha,BHADRAK   ,Bonth,3,Bajarpur,0,33.46,33.86,0,0,0,33.86,-0.4,5.11
Odisha,BHADRAK   ,Chandabali,4,Bansada,0,12.49,12.48,0,0,0,12.48,0.01,0.08
Odisha,BHADRAK   ,Chandabali,5,Bhatapada,0,16.42,16.75,0,0,0,16.75,-0.33,2.24
Odisha,BHADRAK   ,Chandabali,6,Bhuinbruti,0,13.66,13.46,0,0,0,13.46,0.2,0.35
Odisha,BHADRAK   ,Chandabali,7,Bijaynagar,0,14.74,14.13,0.63,0,0,14.76,-0.02,0.18
Odisha,BHADRAK   ,Chandabali,8,Chardia,0,27.46,27.46,0,0,0,27.46,0,0.41
Odisha,BHADRAK   ,Chandabali,9,Dhamara,0,10.25,10.39,0,0,0,10.39,-0.14,0.02
Odisha,BHADRAK   ,Chandabali,10,Dosinga,0,22.49,22.5,0,0,0,22.5,-0.01,0.22
Odisha,BHADRAK   ,Chandabali,11,Ghatapur,0,41.09,34.39,6.81,0,0,41.2,-0.1,0.55
Odisha,BHADRAK   ,Chandabali,12,Gopinathpur,0,48.77,42.77,6.27,0,0,49.04,-0.27,1.86
Odisha,BHADRAK   ,Chandabali,13,Jagula,0,9.26,9.27,0,0,0,9.27,-0.01,0.7
Odisha,BHADRAK   ,Chandabali,14,Jaleswarpur,0,10.95,11.17,0,0,0,11.17,-0.23,0.34
Odisha,BHADRAK   ,Chandabali,15,Jashipur,0,16.38,16.63,0,0,0,16.63,-0.25,0.4
Odisha,BHADRAK   ,Chandabali,16,Kaithakolha,0,19.86,19.86,0,0,0,19.86,0,0.01
Odisha,BHADRAK   ,Chandabali,17,Kandagaradi,0,2.97,2.92,0.06,0,0,2.98,-0.01,0
Odisha,BHADRAK   ,Chandabali,18,Karanjamal,0,18.58,18.55,0,0,0,18.55,0.03,0.4
Odisha,BHADRAK   ,Chandabali,19,Karanpalli,0,13.03,13.12,0,0,0,13.12,-0.09,0
Odisha,BHADRAK   ,Chandabali,20,Khadalpokhari,0,17.43,17.45,0,0,0,17.45,-0.02,1.02
Odisha,BHADRAK   ,Chandabali,21,Kheranga,0,7.33,7.33,0,0,0,7.33,0,0.12
Odisha,BHADRAK   ,Chandabali,22,Madhapur,0,22.46,22.35,0.11,0,0,22.46,0,0.28
Odisha,BHADRAK   ,Chandabali,23,Mahulia,0,15.03,15.23,0,0,0,15.23,-0.2,2.98
Odisha,BHADRAK   ,Chandabali,24,Mausudha,0,14.59,14.49,0.1,0,0,14.59,0,0
Odisha,BHADRAK   ,Chandabali,25,Motto,0,15.74,14.74,1,0,0,15.74,0,0.13
Odisha,BHADRAK   ,Chandabali,26,Nalagohira,0,29.85,29.88,0.21,0,0,30.09,-0.24,2.53
Odisha,BHADRAK   ,Chandabali,27,Nalgunda,0,8.93,8.93,0,0,0,8.93,0,0.82
Odisha,BHADRAK   ,Chandabali,28,Nandapur,0,16.33,16.33,0,0,0,16.33,0,0.15
Odisha,BHADRAK   ,Chandabali,29,Nuagaon,0,6.6,7.11,0,0,0,7.11,-0.51,2.64
Odisha,BHADRAK   ,Chandabali,30,Olaga,0,16.9,17.13,0,0,0,17.13,-0.24,0
Odisha,BHADRAK   ,Chandabali,31,Orasahi,0,4.56,4.51,0,0,0,4.51,0.05,0.03
Odisha,BHADRAK   ,Chandabali,32,Panchutikiri,0,12.67,12.67,0,0,0,12.67,0,0.14
Odisha,BHADRAK   ,Chandabali,33,Sundarpur,0,13.47,13.57,0,0,0,13.57,-0.1,0.03
Odisha,BHADRAK   ,Chandabali,34,Tentulidihi,0,25.48,23.79,1.7,0,0,25.48,0,0.31
Odisha,BHADRAK   ,Chandabali,35,Totapada,0,31.63,30.13,1.5,0,0,31.63,0,1.75
Odisha,BHADRAK   ,Chandabali,36,Utukuda,0,14.02,13.79,0,0,0,13.79,0.24,0.42
Odisha,BHADRAK   ,Chandabali,,Total,0,642.36,626.59,18.4,0,0,644.99,-2.63,26.47
Odisha,BHADRAK   ,Chandabali,,Block Level Line Deptt.,0,0,8.61,53.68,0,0,62.29,-62.29,0.92
Odisha,BHADRAK   ,Chandabali,,Po,4.21,92.35,0,NA,NA,27.84,27.84,64.51,NA
Odisha,BHADRAK   ,Chandabali,,Grand Total,4.21,734.71,635.2,72.08,0,27.84,735.12,-0.41,27.39
Odisha,BHADRAK   ,Chandabali,1,Anandapur,0,9.43,9.43,0,0,0,9.43,0,0.12
Odisha,BHADRAK   ,Chandabali,2,Arjunpur,0,12.26,12.26,0,0,0,12.26,0,0.11
Odisha,BHADRAK   ,Chandabali,3,Asurali,0,5.27,5.27,0,0,0,5.27,0,0.39
Odisha,BHADRAK   ,Dhamanagar,4,Bamkura,0,6.49,6.49,0,0,0,6.49,0,1.65
Odisha,BHADRAK   ,Dhamanagar,5,Bayangdihi,0,5.12,5.28,0,0,0,5.28,-0.16,0.26
Odisha,BHADRAK   ,Dhamanagar,6,Bhagabanpur,0,11.17,11.51,0,0,0,11.51,-0.34,0.06
Odisha,BHADRAK   ,Dhamanagar,7,Bhatasahi,0,10.93,10.93,0,0,0,10.93,0,0.11
Odisha,BHADRAK   ,Dhamanagar,8,Chudakuti,0,16.29,16.57,3.46,0.28,0,20.31,-4.02,4.6
Odisha,BHADRAK   ,Dhamanagar,9,Daipur,0,9.04,9.04,0,0,0,9.04,0,0.07
Odisha,BHADRAK   ,Dhamanagar,10,Dalanga,0,9.67,9.67,0,0,0,9.67,0,0
Odisha,BHADRAK   ,Dhamanagar,11,Dhusuri,0,13.31,13.31,0,0,0,13.31,0,0.04
Odisha,BHADRAK   ,Dhamanagar,12,Dobal,0,7.83,7.94,0,0,0,7.94,-0.11,0.28
Odisha,BHADRAK   ,Dhamanagar,13,Fateipur,0,7.57,7.46,0,0,0,7.46,0.11,0
Odisha,BHADRAK   ,Dhamanagar,14,Gadiali,0,4.48,4.49,0,0,0,4.49,-0.01,0.15
Odisha,BHADRAK   ,Dhamanagar,15,Govindapur,0,12.79,12.79,0,0,0,12.79,0,1.04
Odisha,BHADRAK   ,Dhamanagar,16,Hasnabad,0,10.16,10.2,0,0,0,10.2,-0.04,0.02
Odisha,BHADRAK   ,Dhamanagar,17,Kalyani,-0.81,5.5,6.3,0,0,0,6.3,-0.81,1.67
Odisha,BHADRAK   ,Dhamanagar,18,Karada,0,3.59,3.46,0,0,0,3.46,0.14,1.3
Odisha,BHADRAK   ,Dhamanagar,19,Kasimpur,0,8.12,7.91,0.21,0,0,8.12,0,0
Odisha,BHADRAK   ,Dhamanagar,20,Katasahi,0,11.5,11.5,0,0,0,11.5,0,0.17
Odisha,BHADRAK   ,Dhamanagar,21,Khadipada,0,1.49,1.42,0,0,0,1.42,0.07,0
Odisha,BHADRAK   ,Dhamanagar,22,Khaparpada,0,8.57,8.58,0,0,0,8.58,-0.01,0.03
Odisha,BHADRAK   ,Dhamanagar,23,Kothar,0,7.7,7.74,0,0,0,7.74,-0.05,3.39
Odisha,BHADRAK   ,Dhamanagar,24,Musthafapur,0,5.55,5.71,0,0,0,5.71,-0.16,0.14
Odisha,BHADRAK   ,Dhamanagar,25,Nadigaon,-0.09,10.78,10.86,0,0,0,10.86,-0.09,0.17
Odisha,BHADRAK   ,Dhamanagar,26,Padhani,0,1.42,1.43,0,0,0,1.43,-0.01,0.03
Odisha,BHADRAK   ,Dhamanagar,27,Palasahi,0,23.01,23.01,0,0,0,23.01,0,1.42
Odisha,BHADRAK   ,Dhamanagar,28,Radhaballavpur,0,11.76,11.74,0,0,0,11.74,0.02,0.22
Odisha,BHADRAK   ,Dhamanagar,29,Raipur,0,23.86,23.86,0,0,0,23.86,0,0.88
Odisha,BHADRAK   ,Dhamanagar,30,Sahaspur,0,11.19,11.19,0,0,0,11.19,0,0.25
Odisha,BHADRAK   ,Dhamanagar,31,Sohada,0,19.44,19.44,0,0,0,19.44,0,0.41
Odisha,BHADRAK   ,Dhamanagar,,Total,-0.89,305.28,306.8,3.67,0.28,0,310.75,-5.47,19.01
Odisha,BHADRAK   ,Dhamanagar,,Block Level Line Deptt.,-0.09,-0.09,86.07,29.15,0.39,0,115.61,-115.7,6.95
Odisha,BHADRAK   ,Dhamanagar,,Po,20.61,161.52,0,NA,NA,42.16,42.16,119.36,NA
Odisha,BHADRAK   ,Dhamanagar,,Grand Total,19.62,466.71,392.87,32.82,0.67,42.16,468.52,-1.81,25.96
Odisha,BHADRAK   ,Dhamanagar,1,Achak,0,17.45,17.34,0.11,0,0,17.45,0,1.42
Odisha,BHADRAK   ,Dhamanagar,2,Bahabalpur,0,11.52,11.55,0,0,0,11.55,-0.03,0.11
Odisha,BHADRAK   ,Dhamanagar,3,Bamanbindha,0,5.88,5.92,0,0,0,5.92,-0.04,0.04
Odisha,BHADRAK   ,Tihidi,4,Baro,0,32.35,31.8,0.55,0,0,32.35,0,0.72
Odisha,BHADRAK   ,Tihidi,5,Barsar,0,26.05,26.05,0.31,0,0,26.36,-0.31,2.38
Odisha,BHADRAK   ,Tihidi,6,Bhatapada,0,33.93,33.73,0.33,0,0,34.06,-0.13,0.06
Odisha,BHADRAK   ,Tihidi,7,Bilana,-0.02,16.11,7.35,8.8,0,0,16.16,-0.04,0.62
Odisha,BHADRAK   ,Tihidi,8,Bodak,-0.04,24.71,24.79,0,0,0,24.79,-0.08,4.53
Odisha,BHADRAK   ,Tihidi,9,Daulatpur,0,13.22,13.23,0,0,0,13.23,-0.01,1.23
Odisha,BHADRAK   ,Tihidi,10,Dolasahi,0,29.42,23.39,6.36,0,0,29.75,-0.33,0.12
Odisha,BHADRAK   ,Tihidi,11,Fatepur,0,18.68,18.57,0.11,0,0,18.68,0,3.06
Odisha,BHADRAK   ,Tihidi,12,Gobindapur,0,9.14,9.14,0,0,0,9.14,0,0.22
Odisha,BHADRAK   ,Tihidi,13,Guamal,-0.02,10.92,9.96,0.98,0,0,10.94,-0.02,1.35
Odisha,BHADRAK   ,Tihidi,14,Harisingpur,0,5,5,0,0,0,5,0,0
Odisha,BHADRAK   ,Tihidi,15,Jamjodi,-0.04,16.39,16.37,0.09,0,0,16.46,-0.07,0.15
Odisha,BHADRAK   ,Tihidi,16,Kanpada,0,15.44,15.44,0,0,0,15.44,0,0.51
Odisha,BHADRAK   ,Tihidi,17,Kolha,0,30.11,30,0.11,0,0,30.11,0,1.75
Odisha,BHADRAK   ,Tihidi,18,Kubera,0,36.56,32.67,4,0,0,36.66,-0.11,0.67
Odisha,BHADRAK   ,Tihidi,19,Maharampur,0,14.1,13.65,0.76,0,0,14.41,-0.31,0.92
Odisha,BHADRAK   ,Tihidi,20,Mangalpur,0,9.04,8.93,0.11,0,0,9.04,0,0.1
Odisha,BHADRAK   ,Tihidi,21,Mukundapur,0,30.7,30.48,0.22,0,0,30.7,0,1.08
Odisha,BHADRAK   ,Tihidi,22,Narendrapur,0,13.41,12.64,0.78,0,0,13.41,0,0
Odisha,BHADRAK   ,Tihidi,23,Nayananda,0,15.74,13.48,2.26,0,0,15.74,0,0.66
Odisha,BHADRAK   ,Tihidi,24,Paliabindha,0,37.52,29.64,8.36,0,0,38,-0.48,0.07
Odisha,BHADRAK   ,Tihidi,25,Rajnagar,0,14.2,13.72,0.48,0,0,14.2,0,0.03
Odisha,BHADRAK   ,Tihidi,26,Sahapur,0,38.8,34.29,4.51,0,0,38.8,0,3.1
Odisha,BHADRAK   ,Tihidi,27,Saya,0,15.71,15.61,0.11,0,0,15.71,0,0.61
Odisha,BHADRAK   ,Tihidi,28,Sindol,0,28.6,28.6,0,0,0,28.6,0,0.66
Odisha,BHADRAK   ,Tihidi,29,Syamsundarpur,-0.05,12.54,12.59,0,0,0,12.59,-0.05,0.51
Odisha,BHADRAK   ,Tihidi,30,Talagopabindha,0,10.77,10.77,0.11,0,0,10.87,-0.11,0.21
Odisha,BHADRAK   ,Tihidi,31,Talapada,0,12.82,12.53,0.22,0,0,12.75,0.07,0.11
Odisha,BHADRAK   ,Tihidi,,Total,-0.17,606.84,569.24,39.66,0,0,608.9,-2.06,27.02
Odisha,BHADRAK   ,Tihidi,,Block Level Line Deptt.,-0.48,-0.48,38.26,28.26,0,0,66.53,-67.01,1.6
Odisha,BHADRAK   ,Tihidi,,Po,7.26,102.56,0,NA,NA,33,33,69.56,NA
Odisha,BHADRAK   ,Tihidi,,Grand Total,6.61,708.92,607.5,67.92,0,33,708.43,0.49,28.62
odisha ,Jajpur ,Tihidi,1,Achyutibasanta,0,1.51,1.87,0.41,0,0,2.27,-0.76,0.06
odisha ,Jajpur ,Tihidi,2,Anaka,0,2.48,7.98,8.51,0,0,16.49,-14.01,0.16
odisha ,Jajpur ,Tihidi,3,Arakhpur,0,0.74,2.47,3.93,0,0,6.4,-5.66,0.02
odisha ,Jajpur ,Badchana,4,Badabalikuda,0,4.74,8.24,2.5,0,0,10.74,-6.01,0.36
odisha ,Jajpur ,Badchana,5,Badaghumuri,0,7.42,5.98,4.66,0.02,0,10.65,-3.23,0
odisha ,Jajpur ,Badchana,6,Balichandrapur,0,5.98,8.46,6.34,0,0,14.79,-8.81,0.13
odisha ,Jajpur ,Badchana,7,Balipadia,0,0.4,1.05,0,0,0,1.05,-0.65,0.04
odisha ,Jajpur ,Badchana,8,Bandalo,0,3.45,5.28,3.55,0,0,8.83,-5.38,0
odisha ,Jajpur ,Badchana,9,Bantala,0,1.37,1.87,0.27,0,0,2.14,-0.77,0
odisha ,Jajpur ,Badchana,10,Barada,0,2.61,2.2,1.42,0,0,3.63,-1.01,0.12
odisha ,Jajpur ,Badchana,11,Barchana,0,1.16,2.4,0.32,0,0,2.73,-1.57,0.04
odisha ,Jajpur ,Badchana,12,Barpada,0,1.13,1.58,0.4,0,0,1.98,-0.85,0.02
odisha ,Jajpur ,Badchana,13,Bharatpur,0,6.88,9.53,2.16,0,0,11.69,-4.82,0.14
odisha ,Jajpur ,Badchana,14,Bhusandapur,0,6.24,7.81,3.04,0,0,10.85,-4.61,0
odisha ,Jajpur ,Badchana,15,Bikramtiran,0,3.63,3.96,0.84,0,0,4.8,-1.17,0
odisha ,Jajpur ,Badchana,16,Byree,0,4.21,2.91,2.59,0.01,0,5.51,-1.29,0.01
odisha ,Jajpur ,Badchana,17,Champapur,0,2.84,3.36,0.64,0,0,4,-1.16,0.05
odisha ,Jajpur ,Badchana,18,Chandital,0,4.05,4.53,5.59,0,0,10.13,-6.08,0.01
odisha ,Jajpur ,Badchana,19,Charinangal,0,2.18,2.97,0,0,0,2.97,-0.79,0.3
odisha ,Jajpur ,Badchana,20,Chhatia,0,0.73,1.97,5.75,0,0,7.72,-6.99,0
odisha ,Jajpur ,Badchana,21,Darpan,0,2.6,4,4.25,0,0,8.25,-5.66,0
odisha ,Jajpur ,Badchana,22,Dhanmandal,0,2.26,2.57,2.54,0,0,5.11,-2.85,0
odisha ,Jajpur ,Badchana,23,Gopalpur,0,2.04,2.6,0,0,0,2.6,-0.56,0.08
odisha ,Jajpur ,Badchana,24,Kaimatia,0,3.53,6.81,4.04,0,0,10.85,-7.32,0
odisha ,Jajpur ,Badchana,25,Khaira,0,10.02,11.54,12.2,0.02,0,23.77,-13.75,0.04
odisha ,Jajpur ,Badchana,26,Kolanagiri,0,3.13,5.3,0,0,0,5.3,-2.17,0.1
odisha ,Jajpur ,Badchana,27,Kundalo,0,3.51,5.24,0.21,0,0,5.45,-1.94,0.07
odisha ,Jajpur ,Badchana,28,Majhipada,0,6.37,7.06,0,0,0,7.06,-0.7,0.33
odisha ,Jajpur ,Badchana,29,Manduka,0,5.12,6.54,5.02,0,0,11.57,-6.45,0.18
odisha ,Jajpur ,Badchana,30,Nalipur,0,5.96,7.22,0,0,0,7.22,-1.26,0.15
odisha ,Jajpur ,Badchana,31,Nelia,0,2.41,2.45,4.32,0,0,6.77,-4.36,0.12
odisha ,Jajpur ,Badchana,32,Palei,0,3.57,4.17,0.68,0,0,4.85,-1.28,0.11
odisha ,Jajpur ,Badchana,33,Paria,0,2.89,4.16,1.79,0,0,5.96,-3.07,0.24
odisha ,Jajpur ,Badchana,34,Patarajpur,0,1.85,2.19,1.01,0,0,3.2,-1.35,0.01
odisha ,Jajpur ,Badchana,35,Radhadeipur,0,16.22,14.64,10.11,0.02,0,24.77,-8.55,0
odisha ,Jajpur ,Badchana,36,Raipur,0,2.41,3.77,0.12,0,0,3.89,-1.48,0.13
odisha ,Jajpur ,Badchana,37,Salapada,0,9.43,12.2,0.68,0,0,12.88,-3.45,0.01
odisha ,Jajpur ,Badchana,38,Samia,0,6.01,10.83,1.47,0,0,12.3,-6.29,0.11
odisha ,Jajpur ,Badchana,39,Santipur,0,2.46,2.26,0.36,0,0,2.62,-0.16,0.04
odisha ,Jajpur ,Badchana,40,Saudia,0,1.76,3.4,0.45,0,0,3.84,-2.08,0.03
odisha ,Jajpur ,Badchana,41,Siha,0,2.15,2.92,0.1,0,0,3.01,-0.87,0
odisha ,Jajpur ,Badchana,42,Solar,0,1.87,1.76,0.54,0,0,2.29,-0.42,0.07
odisha ,Jajpur ,Badchana,43,Sunguda,0,1.79,2.56,2.52,0,0,5.08,-3.29,0.01
odisha ,Jajpur ,Badchana,,Total,0,163.1,212.63,105.32,0.07,0,318.01,-154.91,3.28
odisha ,Jajpur ,Badchana,,Block Level Line Deptt.,3.38,3.38,54.82,14.1,0,1.71,70.64,-67.26,1.08
odisha ,Jajpur ,Badchana,,Po,0,221.64,0,NA,NA,31.92,31.92,189.72,NA
odisha ,Jajpur ,Badchana,,Grand Total,3.38,388.12,267.45,119.42,0.07,33.63,420.57,-32.45,4.36
odisha ,Jajpur ,Badchana,1,Alipur,0,5.83,2.73,1.9,0.02,0,4.65,1.18,0
odisha ,Jajpur ,Badchana,2,Amathpur,0,6.11,8.42,0.1,0,0,8.52,-2.41,0.28
odisha ,Jajpur ,Badchana,3,Angalo,0,2.88,7.78,0,0,0,7.78,-4.89,1.15
odisha ,Jajpur ,Bari,4,Anyasipur,0,9.8,10.52,0.96,0,0,11.49,-1.69,0.75
odisha ,Jajpur ,Bari,5,Arangabad,0,7.19,4.39,2.83,0.03,0,7.25,-0.06,0.09
odisha ,Jajpur ,Bari,6,Atira,0,16.35,18.51,3.25,0.03,0,21.79,-5.45,0.31
odisha ,Jajpur ,Bari,7,Bainsiria,0,12.52,24.34,2.76,0.03,0,27.13,-14.61,0.03
odisha ,Jajpur ,Bari,8,Balia,0,15.35,13.28,5.96,0.07,0,19.31,-3.96,0.41
odisha ,Jajpur ,Bari,9,Balibil,0,16.71,19.12,2.74,0.01,0,21.87,-5.16,0.33
odisha ,Jajpur ,Bari,10,Bari,0,13.87,22,0.95,0,0,22.95,-9.08,0.08
odisha ,Jajpur ,Bari,11,Bhanra,0,2.21,7.68,1.67,0,0,9.36,-7.15,0
odisha ,Jajpur ,Bari,12,Bodua,0,5.01,7.79,0,0,0,7.79,-2.78,0.79
odisha ,Jajpur ,Bari,13,Chandanpur,0,7.97,14.61,0.29,0,0,14.91,-6.94,0.11
odisha ,Jajpur ,Bari,14,Dharpur,0,22.09,19.35,8.72,0.08,0,28.16,-6.07,0.05
odisha ,Jajpur ,Bari,15,Gamu,0,7.42,16.75,0,0,0,16.75,-9.33,0.36
odisha ,Jajpur ,Bari,16,Golakund,0,5.15,10.21,0,0,0,10.21,-5.06,0
odisha ,Jajpur ,Bari,17,Ishanpur,0,4.49,4.96,0,0,0,4.96,-0.47,0.22
odisha ,Jajpur ,Bari,18,Kalamatia,0,13.26,16.46,3.32,0.02,0,19.79,-6.53,1.52
odisha ,Jajpur ,Bari,19,Kimbhiriapal,0,5.8,7.34,0.4,0,0,7.74,-1.94,0.11
odisha ,Jajpur ,Bari,20,Madhusudanpur,0,4.86,8.03,0.2,0,0,8.23,-3.37,1.07
odisha ,Jajpur ,Bari,21,Mandari,0,18.74,13.65,6.94,0.07,0,20.66,-1.92,0.36
odisha ,Jajpur ,Bari,22,Mohakalapada,0,5.3,6.03,0,0,0,6.03,-0.73,0.15
odisha ,Jajpur ,Bari,23,Rampa,0,17.74,6.69,11.82,0.04,0,18.55,-0.81,0.01
odisha ,Jajpur ,Bari,24,Ratalang,0,5.99,5.25,4.7,0.02,0,9.96,-3.97,0.02
odisha ,Jajpur ,Bari,25,Ratnagiri,0,14.01,16.83,0.58,0,0,17.4,-3.4,0.03
odisha ,Jajpur ,Bari,26,Sahupada,0,30.32,27.13,10.72,0.11,0,37.96,-7.63,0.3
odisha ,Jajpur ,Bari,27,Serapur,0,12.67,10.66,6.58,0.04,0,17.28,-4.6,1.4
odisha ,Jajpur ,Bari,28,Swainkhanda,0,33.14,17.92,29.72,0.29,0,47.93,-14.79,0.16
odisha ,Jajpur ,Bari,29,Udayanathpur,0,18.99,18.94,2.48,0.02,0,21.43,-2.44,0.47
odisha ,Jajpur ,Bari,,Total,0,341.75,367.38,109.57,0.88,0,477.83,-136.07,10.56
odisha ,Jajpur ,Bari,,Block Level Line Deptt.,-2.97,-2.97,29.43,17.01,0,0.13,46.57,-49.54,0.29
odisha ,Jajpur ,Bari,,Po,-2.86,166.29,0,NA,NA,23.48,23.48,142.81,NA
odisha ,Jajpur ,Bari,,Grand Total,-5.83,505.07,396.81,126.58,0.88,23.61,547.88,-42.8,10.85
odisha ,Jajpur ,Bari,1,Alakunda,0,32.03,29.39,2.57,0,0,31.96,0.07,0.09
odisha ,Jajpur ,Bari,2,Arei,0,3.85,5.12,0,0,0,5.12,-1.28,0
odisha ,Jajpur ,Bari,3,Aunri,0,34.42,28.83,5.59,0,0,34.42,0,0.23
odisha ,Jajpur ,Binjharpur,4,Bachhala,0,13.26,9.92,3.31,0.03,0,13.26,0,0.23
odisha ,Jajpur ,Binjharpur,5,Bangara,0,43.99,43.26,0.73,0,0,43.99,0,0.61
odisha ,Jajpur ,Binjharpur,6,Barapada,0,24.09,20.66,3.63,0.01,0,24.29,-0.2,0.49
odisha ,Jajpur ,Binjharpur,7,Binjharpur,0,8.5,4.93,3.57,0,0,8.5,0,0.06
odisha ,Jajpur ,Binjharpur,8,Bitana,0,40.19,32.3,7.89,0,0,40.19,0,0.45
odisha ,Jajpur ,Binjharpur,9,Chandramu,0,16.3,16.3,0,0,0,16.3,0,0.28
odisha ,Jajpur ,Binjharpur,10,Chhikana,0,19.9,15.41,4.49,0,0,19.9,0,0.09
odisha ,Jajpur ,Binjharpur,11,Fatepur,0,11.84,8.22,3.62,0,0,11.84,0,0
odisha ,Jajpur ,Binjharpur,12,Ghantiali,0,11.66,11.66,0,0,0,11.66,0,1.91
odisha ,Jajpur ,Binjharpur,13,Guhali,0,8.52,8.52,0,0,0,8.52,0,0.28
odisha ,Jajpur ,Binjharpur,14,Haladidiha,0,10.3,4.66,5.64,0,0,10.3,0,0.01
odisha ,Jajpur ,Binjharpur,15,Jari,0,63.94,52.63,11.33,0,0,63.97,-0.03,0.79
odisha ,Jajpur ,Binjharpur,16,Kaina Raghunathpur,0,36.58,33.31,3.98,0,0,37.29,-0.71,6.19
odisha ,Jajpur ,Binjharpur,17,Kalyanpur,0,21.09,22.55,0,0,0,22.55,-1.46,0.1
odisha ,Jajpur ,Binjharpur,18,Kapila,0,13.79,13.79,0,0,0,13.79,0,0.23
odisha ,Jajpur ,Binjharpur,19,Mashara,0,47.12,35.35,11.73,0,0,47.08,0.04,0.52
odisha ,Jajpur ,Binjharpur,20,Oleichandanpur,-0.02,19.1,16.06,3.06,0.01,0,19.12,-0.02,0.56
odisha ,Jajpur ,Binjharpur,21,Pritipur,0,34.74,33.33,1.41,0,0,34.74,0,0.07
odisha ,Jajpur ,Binjharpur,22,Ranapur,0,23.37,23.76,0,0,0,23.76,-0.39,0.41
odisha ,Jajpur ,Binjharpur,23,Sasanda,0,9.94,9.34,0.58,0,0,9.92,0.02,0.14
odisha ,Jajpur ,Binjharpur,24,Sayedpur,0,39.21,20.08,19.13,0,0,39.21,0,2.12
odisha ,Jajpur ,Binjharpur,25,Singhpur,0,24.46,18.47,6,0.02,0,24.5,-0.03,0.23
odisha ,Jajpur ,Binjharpur,26,Tina,0,47.99,32.37,15.44,0,0,47.81,0.18,0.27
odisha ,Jajpur ,Binjharpur,27,Udranga,0,9.2,8.64,0.56,0,0,9.2,0,0.08
odisha ,Jajpur ,Binjharpur,28,Uttangara,0,18.96,18.8,0,0,0,18.8,0.16,0.16
odisha ,Jajpur ,Binjharpur,29,Uttarkul,0,12.65,9.18,2.94,0,0,12.12,0.53,0.63
odisha ,Jajpur ,Binjharpur,,Total,-0.02,700.98,586.83,117.19,0.07,0,704.09,-3.11,17.24
odisha ,Jajpur ,Binjharpur,,Block Level Line Deptt.,-3.76,-3.76,102.82,144.85,0.88,1.68,250.22,-253.98,3.48
odisha ,Jajpur ,Binjharpur,,Po,-2.12,195.11,0,NA,NA,22.58,22.58,172.53,NA
odisha ,Jajpur ,Binjharpur,,Grand Total,-5.89,892.33,689.65,262.04,0.95,24.26,976.89,-84.56,20.72
odisha ,Jajpur ,Binjharpur,1,Bangarkote,0,1.93,1.93,0,0,0,1.93,0,0.09
odisha ,Jajpur ,Binjharpur,2,Chandia,0,4.61,4.61,0,0,0,4.61,0,0
odisha ,Jajpur ,Binjharpur,3,Chitri,0,1.61,1.42,0.2,0,0,1.61,0,0.03
odisha ,Jajpur ,Danagadi,4,Deulakana,0,4.58,4.47,0.11,0,0,4.58,0,0.01
odisha ,Jajpur ,Danagadi,5,Dhuligarh,0,3.84,3.06,0.68,0.1,0,3.84,0,0.13
odisha ,Jajpur ,Danagadi,6,Gobardhanpur,0,2.65,2.65,0,0,0,2.65,0,0.01
odisha ,Jajpur ,Danagadi,7,Jakhapura,0,4.86,3.74,0.99,0.13,0,4.86,0,0.01
odisha ,Jajpur ,Danagadi,8,Khapuriapada,0,4.22,4.25,0,0,0,4.25,-0.03,0.02
odisha ,Jajpur ,Danagadi,9,Kiajhar,0,8.91,9.04,0,0,0,9.04,-0.13,0.14
odisha ,Jajpur ,Danagadi,10,Kumbhirgadia,0,11.15,11.15,0,0,0,11.15,0,0
odisha ,Jajpur ,Danagadi,11,Manatira,0,3.82,3.12,0.7,0,0,3.82,0,0
odisha ,Jajpur ,Danagadi,12,Mangalpur,0,11.31,11.08,0.23,0,0,11.31,0,0.23
odisha ,Jajpur ,Danagadi,13,Nachhipura,0,4.12,3.94,0.18,0,0,4.12,0,0
odisha ,Jajpur ,Danagadi,14,Nadiabhanga,0,11.67,11.67,0,0,0,11.67,0,0.05
odisha ,Jajpur ,Danagadi,15,Ollala,0,6.97,6.97,0,0,0,6.97,0,0.03
odisha ,Jajpur ,Danagadi,16,Ostapal,0,3.94,3.94,0,0,0,3.94,0,0
odisha ,Jajpur ,Danagadi,17,Pankapal,0,3.28,3.28,0,0,0,3.28,0,0.08
odisha ,Jajpur ,Danagadi,18,Rachipur,0,4.99,5,0,0,0,5,-0.01,0.11
odisha ,Jajpur ,Danagadi,19,Ranagundi,0,3.88,3.65,0.23,0,0,3.88,0,0.13
odisha ,Jajpur ,Danagadi,20,Ranipada,0,7.91,7.91,0,0,0,7.91,0,0.32
odisha ,Jajpur ,Danagadi,21,Salijanga,0,7.51,7.53,3.7,0.55,0,11.78,-4.27,0.58
odisha ,Jajpur ,Danagadi,22,Trijanga,0,1.57,1.57,0,0,0,1.57,0,0
odisha ,Jajpur ,Danagadi,23,Uchabali,0,6.31,5.9,0.41,0,0,6.32,-0.01,0.09
odisha ,Jajpur ,Danagadi,,Total,0,125.67,121.92,7.42,0.78,0,130.13,-4.46,2.06
odisha ,Jajpur ,Danagadi,,Block Level Line Deptt.,3.03,3.03,41.77,32.58,2.9,1.05,78.3,-75.27,1.6
odisha ,Jajpur ,Danagadi,,Po,-4.55,42.65,0,NA,NA,17.43,17.43,25.22,NA
odisha ,Jajpur ,Danagadi,,Grand Total,-1.52,171.34,163.69,40,3.68,18.48,225.86,-54.51,3.66
odisha ,Jajpur ,Danagadi,1,Akarpada,0,27.43,27.33,0.1,0,0,27.43,0,0.04
odisha ,Jajpur ,Danagadi,2,Asanpur,0,30.33,25.36,4.97,0,0,30.33,0,0.19
odisha ,Jajpur ,Danagadi,3,Behari,0,13.09,21.91,0.11,0,0,22.02,-8.93,0.09
odisha ,Jajpur ,Dasarathapur,4,Birajapur,0,16.56,15.44,1.12,0,0,16.56,0,0
odisha ,Jajpur ,Dasarathapur,5,Biripata,0,56.76,51.9,4.8,0,0,56.7,0.06,0.12
odisha ,Jajpur ,Dasarathapur,6,Biruan,0,93.94,49.8,53.61,0,0,103.41,-9.47,0.74
odisha ,Jajpur ,Dasarathapur,7,Champeipal,0,29.41,29.36,0.05,0,0,29.41,0,1.09
odisha ,Jajpur ,Dasarathapur,8,Chasakhanda,0,26.4,22.35,4.1,0.01,0,26.45,-0.05,0.16
odisha ,Jajpur ,Dasarathapur,9,Chhanchina,0,21.46,19.39,2.08,0,0,21.47,-0.01,0.48
odisha ,Jajpur ,Dasarathapur,10,Chitalo,0,21.29,11.86,9.97,0,0,21.83,-0.54,0.14
odisha ,Jajpur ,Dasarathapur,11,Dahanihata,0,25.35,25.61,0.26,0,0,25.87,-0.52,0.37
odisha ,Jajpur ,Dasarathapur,12,Dasarathpur,0,2.15,5.41,0.19,0,0,5.61,-3.45,0.24
odisha ,Jajpur ,Dasarathapur,13,Duduranta,0,17.71,17.7,0,0,0,17.7,0.01,0.18
odisha ,Jajpur ,Dasarathapur,14,Duttapur,0,19.05,19.05,0,0,0,19.05,0,0.38
odisha ,Jajpur ,Dasarathapur,15,Gopalpur,0,31.24,29.83,1.34,0,0,31.17,0.07,0.76
odisha ,Jajpur ,Dasarathapur,16,Gramanandipur,0,80.33,46.41,43.31,0.01,0,89.72,-9.39,0.43
odisha ,Jajpur ,Dasarathapur,17,Izapur,0,14.77,13.99,1.23,0,0,15.22,-0.44,0.47
odisha ,Jajpur ,Dasarathapur,18,Jafarpur,0,28.83,28.73,0.1,0,0,28.83,0,0.21
odisha ,Jajpur ,Dasarathapur,19,Jayantara,0,22.32,20.96,1.35,0,0,22.32,0,0.65
odisha ,Jajpur ,Dasarathapur,20,Kamardiha,-0.01,8.18,8.22,0,0,0,8.22,-0.03,0.22
odisha ,Jajpur ,Dasarathapur,21,Kanikapada,0,19.26,19.45,0,0,0,19.45,-0.18,0.15
odisha ,Jajpur ,Dasarathapur,22,Kaspa,0,14.04,14.04,0,0,0,14.04,0,0.58
odisha ,Jajpur ,Dasarathapur,23,Katikata,0,23.61,16.42,7.13,0,0,23.55,0.06,0.91
odisha ,Jajpur ,Dasarathapur,24,Kayan,0,25.25,18.23,7.13,0,0,25.36,-0.11,0.19
odisha ,Jajpur ,Dasarathapur,25,Khandara,0,34.07,25.3,8.73,0.01,0,34.04,0.03,0.31
odisha ,Jajpur ,Dasarathapur,26,Khannagar,0,17.25,17.33,0,0,0,17.33,-0.09,0.02
odisha ,Jajpur ,Dasarathapur,27,Mallikapur,0,20.51,23.41,3.02,0,0,26.43,-5.92,0.47
odisha ,Jajpur ,Dasarathapur,28,Mangalpur,0,25.53,24.64,0.95,0,0,25.59,-0.05,0.24
odisha ,Jajpur ,Dasarathapur,29,Nizampur,0,24.35,24.37,0.04,0,0,24.42,-0.07,0.17
odisha ,Jajpur ,Dasarathapur,30,Palatpur,0,26.08,25.16,0.92,0,0,26.08,0,0.55
odisha ,Jajpur ,Dasarathapur,31,Rahasoi,0,13.93,13.7,0.23,0,0,13.93,0,0.04
odisha ,Jajpur ,Dasarathapur,32,Susua,0,21.13,22.18,0,0,0,22.18,-1.04,0.02
odisha ,Jajpur ,Dasarathapur,33,Taliha,0,7.93,7.71,0.22,0,0,7.93,0,0.03
odisha ,Jajpur ,Dasarathapur,34,Tarapada,0,20.07,18.27,2.03,0.01,0,20.31,-0.25,0.12
odisha ,Jajpur ,Dasarathapur,35,Thalkudi,0,23.42,23.46,0,0,0,23.46,-0.04,0.1
odisha ,Jajpur ,Dasarathapur,,Total,-0.01,903.03,784.28,159.08,0.03,0,943.39,-40.36,10.87
odisha ,Jajpur ,Dasarathapur,,Block Level Line Deptt.,-89.06,-89.06,93.67,111.88,0.07,0.74,206.37,-295.43,1.51
odisha ,Jajpur ,Dasarathapur,,Po,-8.74,200.7,0,NA,NA,30.44,30.44,170.26,NA
odisha ,Jajpur ,Dasarathapur,,Grand Total,-97.81,1014.67,877.95,270.96,0.1,31.18,1180.2,-165.53,12.38
odisha ,Jajpur ,Dasarathapur,1,Abhayapur,0,2.56,2.9,6.33,0,0,9.23,-6.66,0
odisha ,Jajpur ,Dasarathapur,2,Anjira,0,5.75,5.95,2.16,0,0,8.11,-2.36,0
odisha ,Jajpur ,Dasarathapur,3,Antia,0,23.12,24.33,2.47,0,0,26.8,-3.68,0
odisha ,Jajpur ,Dharmasala,4,Arabal,0,8.63,8.09,0.54,0,0,8.63,-0.01,0
odisha ,Jajpur ,Dharmasala,5,Areikana,0,2.51,2.46,0.05,0,0,2.51,0,0
odisha ,Jajpur ,Dharmasala,6,Aruha,0,7.29,6.99,3.58,0,0,10.58,-3.28,0
odisha ,Jajpur ,Dharmasala,7,Badakaima,0,5.83,6.11,2.88,0,0,8.99,-3.16,0
odisha ,Jajpur ,Dharmasala,8,Bhabanipur,0,7.35,6.66,0.69,0,0,7.35,0,0
odisha ,Jajpur ,Dharmasala,9,Brundadeipur,0,2.37,2.5,0,0,0,2.5,-0.14,0
odisha ,Jajpur ,Dharmasala,10,Chahata,0,1.66,1.72,7.65,0,0,9.37,-7.71,0.02
odisha ,Jajpur ,Dharmasala,11,Chakradharpur,0,4.13,4.6,4.3,0,0,8.91,-4.78,0
odisha ,Jajpur ,Dharmasala,12,Choramuha,0,2.75,2.68,3.57,0,0,6.25,-3.5,0
odisha ,Jajpur ,Dharmasala,13,Deoda,0,7.06,2.88,4.22,0,0,7.1,-0.04,0.06
odisha ,Jajpur ,Dharmasala,14,Endalabe,0,4.74,3.77,1.58,0,0,5.35,-0.61,0
odisha ,Jajpur ,Dharmasala,15,Gangadharpur,0,2.3,1.16,2.52,0,0,3.68,-1.38,0
odisha ,Jajpur ,Dharmasala,16,Haridaspur,0,3.95,2.7,1.27,0,0,3.97,-0.02,0.01
odisha ,Jajpur ,Dharmasala,17,Jaraka,0,1.53,1.2,0.38,0,0,1.57,-0.04,0
odisha ,Jajpur ,Dharmasala,18,Jenapur,0,9.4,9.88,3.31,0,0,13.18,-3.78,0.08
odisha ,Jajpur ,Dharmasala,19,Kabatabandha,0,0.94,0.88,0.1,0,0,0.97,-0.03,0
odisha ,Jajpur ,Dharmasala,20,Kadampal,0,1.78,1.03,0.75,0,0,1.78,0,0
odisha ,Jajpur ,Dharmasala,21,Kamagarda,0,3.9,3.77,0.38,0,0,4.15,-0.25,0
odisha ,Jajpur ,Dharmasala,22,Kantigadia,0,1.23,1.23,0,0,0,1.23,0,0.04
odisha ,Jajpur ,Dharmasala,23,Khetrapal,0,3.35,3.35,0,0,0,3.35,0,0
odisha ,Jajpur ,Dharmasala,24,Kotapur,0,12.03,12.05,1.94,0,0,13.99,-1.96,0.02
odisha ,Jajpur ,Dharmasala,25,Kumari,0,1.29,0.68,0.68,0,0,1.36,-0.07,0
odisha ,Jajpur ,Dharmasala,26,Madhupurgarh,0,11.54,11.35,0.48,0,0,11.84,-0.3,0.03
odisha ,Jajpur ,Dharmasala,27,Madhusudanpur,0,3.43,3.24,0.19,0,0,3.43,0,0
odisha ,Jajpur ,Dharmasala,28,Mahisara,0,15.06,15.47,3.45,0,0,18.92,-3.87,0
odisha ,Jajpur ,Dharmasala,29,Mangalpur,0,2.79,3.03,9.88,0,0,12.91,-10.12,0.03
odisha ,Jajpur ,Dharmasala,30,Marjittapur,0,0.86,0.86,0,0,0,0.86,0,0
odisha ,Jajpur ,Dharmasala,31,Mirjapur,0,10.34,9.32,1.2,0,0,10.52,-0.18,0
odisha ,Jajpur ,Dharmasala,32,Neulapur,0,2.95,2.36,0.92,0,0,3.28,-0.33,0
odisha ,Jajpur ,Dharmasala,33,Pakhara,0,7.13,7.03,0.1,0,0,7.13,0,0.59
odisha ,Jajpur ,Dharmasala,34,Patapur,0,9.38,10.89,17.11,0,0,28,-18.62,0
odisha ,Jajpur ,Dharmasala,35,Patunia,0,4.77,4.03,0.8,0,0,4.83,-0.06,0.11
odisha ,Jajpur ,Dharmasala,36,Purunabaulamal,0,4.37,4.11,0.29,0,0,4.4,-0.03,0
odisha ,Jajpur ,Dharmasala,37,Raichhanda,0,8.78,8.7,2.8,0.02,0,11.53,-2.74,0
odisha ,Jajpur ,Dharmasala,38,Rekhideipur,0,2.82,2.44,1.5,0,0,3.93,-1.12,0
odisha ,Jajpur ,Dharmasala,39,Sahanidiha,0,9.59,7.71,1.87,0,0,9.59,0,0
odisha ,Jajpur ,Dharmasala,40,Samparu,0,6.61,7.28,2.46,0,0,9.74,-3.14,0
odisha ,Jajpur ,Dharmasala,41,Sundaria,0,2.01,2.04,0.97,0,0,3.01,-1.01,0
odisha ,Jajpur ,Dharmasala,42,Talajanga,0,2.08,1.85,0.8,0,0,2.65,-0.57,0
odisha ,Jajpur ,Dharmasala,43,Taranjia,0,7.5,7.64,0.68,0,0,8.32,-0.82,0
odisha ,Jajpur ,Dharmasala,44,Thanual,0,4.05,3.29,0.96,0,0,4.25,-0.2,0
odisha ,Jajpur ,Dharmasala,45,Utterpratap,0,14.36,10.13,7.12,0,0,17.25,-2.89,0.01
odisha ,Jajpur ,Dharmasala,,Total,0,257.84,242.35,104.94,0.02,0,347.31,-89.46,1
odisha ,Jajpur ,Dharmasala,,Block Level Line Deptt.,-0.08,-0.08,40.76,35.31,0,0.94,77.01,-77.09,0.28
odisha ,Jajpur ,Dharmasala,,Po,-0.07,114.4,0,NA,NA,21.16,21.16,93.24,NA
odisha ,Jajpur ,Dharmasala,,Grand Total,-0.15,372.16,283.11,140.25,0.02,22.1,445.48,-73.31,1.28
odisha ,Jajpur ,Dharmasala,1,Badasuar,0,9.99,7.53,2.46,0,0,9.99,0,0.33
odisha ,Jajpur ,Dharmasala,2,Basudevpur,0,23.32,21.74,3.51,0,0,25.25,-1.93,0.08
odisha ,Jajpur ,Dharmasala,3,Beruda,0,19.78,20.17,1.68,0,0,21.85,-2.07,0.59
odisha ,Jajpur ,Jajpur,4,Bhubaneswarpur,0,29.64,29.04,0.55,0,0,29.59,0.05,0.33
odisha ,Jajpur ,Jajpur,5,Bhuinpur,0,19.89,19.04,0.99,0,0,20.04,-0.15,0.11
odisha ,Jajpur ,Jajpur,6,Bichitrapur,0,19.61,20.33,6.92,0,0,27.25,-7.64,0
odisha ,Jajpur ,Jajpur,7,Chainpur,0,16.16,16.37,1.89,0,0,18.26,-2.1,0
odisha ,Jajpur ,Jajpur,8,Chhatisdebil,0,23.26,23.26,0,0,0,23.26,0,0.15
odisha ,Jajpur ,Jajpur,9,Erabank,0,5.84,6.18,0,0,0,6.18,-0.34,1.19
odisha ,Jajpur ,Jajpur,10,Jafarpur,0,25.57,27.51,19.89,0,0,47.4,-21.83,0
odisha ,Jajpur ,Jajpur,11,Jahanpur,0,12.12,12.86,2.87,0,0,15.73,-3.61,0.07
odisha ,Jajpur ,Jajpur,12,Jamdhar,0,9.01,9,3.72,0,0,12.73,-3.72,0.22
odisha ,Jajpur ,Jajpur,13,Jhalpada,0,18.11,15.24,2.89,0,0,18.13,-0.02,0.32
odisha ,Jajpur ,Jajpur,14,Khairabad,0,24.8,24.8,0,0,0,24.8,0,0.11
odisha ,Jajpur ,Jajpur,15,Maheswarpur,0,17.79,17.02,0.85,0,0,17.87,-0.08,0.36
odisha ,Jajpur ,Jajpur,16,Malanandapur,0,17.65,16.2,3.64,0,0,19.84,-2.19,0.27
odisha ,Jajpur ,Jajpur,17,Markandapur,0,21.8,22.07,0.23,0,0,22.31,-0.5,0
odisha ,Jajpur ,Jajpur,18,Nathsahi,-0.07,20.45,20.37,1.92,0,0,22.3,-1.85,0.12
odisha ,Jajpur ,Jajpur,19,Panasa,0,15.96,15.16,0.65,0,0,15.82,0.14,0.49
odisha ,Jajpur ,Jajpur,20,Rudrapur,0,19.58,18.68,2.02,0,0,20.71,-1.13,0.1
odisha ,Jajpur ,Jajpur,21,Sahaspur,0,0.65,0.65,0,0,0,0.65,0,0.03
odisha ,Jajpur ,Jajpur,22,Samdaspur,0,4.7,4.5,0.2,0,0,4.7,0,0
odisha ,Jajpur ,Jajpur,23,Sanasuar,0,12.17,10.02,6.35,0,0,16.37,-4.2,0.2
odisha ,Jajpur ,Jajpur,24,Similia,0,30.37,29.06,1.45,0,0,30.51,-0.14,0.45
odisha ,Jajpur ,Jajpur,25,Sujanpur,0,4.7,13.79,4.81,0,0,18.6,-13.9,0.12
odisha ,Jajpur ,Jajpur,26,Upperbaruhan,0,16.28,16.16,0.1,0,0,16.26,0.02,0.37
odisha ,Jajpur ,Jajpur,,Total,-0.07,439.17,436.77,69.61,0,0,506.37,-67.2,6.03
odisha ,Jajpur ,Jajpur,,Block Level Line Deptt.,0.02,0.02,48.21,37.35,0,0.5,86.05,-86.03,0.42
odisha ,Jajpur ,Jajpur,,Po,-5.06,114.25,0,NA,NA,17.43,17.43,96.82,NA
odisha ,Jajpur ,Jajpur,,Grand Total,-5.11,553.44,484.98,106.96,0,17.93,609.85,-56.41,6.45
odisha ,Jajpur ,Jajpur,1,Amrutia,0,14.43,14.44,0,0,0,14.44,-0.01,0.41
odisha ,Jajpur ,Jajpur,2,Andhari,0,12.38,8.3,5.32,0,0,13.62,-1.24,0.2
odisha ,Jajpur ,Jajpur,3,Ashanjhar,0,13,12.86,0.18,0,0,13.05,-0.05,0.65
odisha ,Jajpur ,Korei,4,Badabiruhan,0,26.44,14.09,12.43,0,0,26.53,-0.08,0.32
odisha ,Jajpur ,Korei,5,Bandalo,0,9.79,10.06,0,0,0,10.06,-0.26,0.3
odisha ,Jajpur ,Korei,6,Barundei,0,47.32,38.15,10.91,0,0,49.06,-1.74,0.09
odisha ,Jajpur ,Korei,7,Dhaneswar,0,13.72,11.18,2.15,0,0,13.33,0.4,0.63
odisha ,Jajpur ,Korei,8,Goleipur,0,12,13.37,18.43,0,0,31.8,-19.8,0.49
odisha ,Jajpur ,Korei,9,Gourpur,0,19.24,18.94,4.71,0,0,23.64,-4.4,0.84
odisha ,Jajpur ,Korei,10,Haladigadia,0,9.99,10.7,4.66,0,0,15.36,-5.37,0.06
odisha ,Jajpur ,Korei,11,Janha,0,23.77,23.83,7.19,0,0,31.02,-7.25,0.17
odisha ,Jajpur ,Korei,12,Kacharasahi,0,19.52,18.52,15.74,0,0,34.26,-14.75,0.47
odisha ,Jajpur ,Korei,13,Kantore,0,18.92,18.5,2.06,0,0,20.57,-1.65,0.97
odisha ,Jajpur ,Korei,14,Karada,0,47.15,33.71,13.39,0,0,47.1,0.05,0.09
odisha ,Jajpur ,Korei,15,Khamana,0,11.18,11.47,1.56,0,0,13.02,-1.84,0.13
odisha ,Jajpur ,Korei,16,Makundapur,0,12,12.95,0.74,0,0,13.68,-1.69,1.07
odisha ,Jajpur ,Korei,17,Mulapal,0,30.72,28.03,2.79,0,0,30.82,-0.1,0.47
odisha ,Jajpur ,Korei,18,Pachhikote,0,8.65,9.01,2.43,0,0,11.43,-2.78,0.05
odisha ,Jajpur ,Korei,19,Panikoili,0,13.42,8.82,4.59,0,0,13.42,0,0
odisha ,Jajpur ,Korei,20,Pataranga,0,4.88,6.55,10.43,0,0,16.98,-12.09,0.14
odisha ,Jajpur ,Korei,21,Patharapada,0,14.77,14.01,4.1,0,0,18.11,-3.34,0.08
odisha ,Jajpur ,Korei,22,Ranapur,0,6.76,7.89,6.82,0,0,14.71,-7.95,0.24
odisha ,Jajpur ,Korei,23,Sadakpur,0,13.32,11.02,2.38,0,0,13.4,-0.08,1.39
odisha ,Jajpur ,Korei,24,Taharpur,0,8.08,7.92,0.17,0,0,8.09,0,0.04
odisha ,Jajpur ,Korei,25,Talagada,0,10.11,10.04,0.05,0,0,10.1,0.02,0.36
odisha ,Jajpur ,Korei,26,Tandara,0,34.87,20.65,14.22,0,0,34.87,0,0.17
odisha ,Jajpur ,Korei,27,Tarakote,0,14.14,12.98,12.97,0,0,25.95,-11.81,1.19
odisha ,Jajpur ,Korei,28,Tulati,0,19.11,15.78,4.1,0,0,19.88,-0.77,0.85
odisha ,Jajpur ,Korei,,Total,0,489.69,423.78,164.51,0,0,588.29,-98.59,11.88
odisha ,Jajpur ,Korei,,Block Level Line Deptt.,14.02,14.02,21.61,26.74,0,0.49,48.84,-34.82,0.26
odisha ,Jajpur ,Korei,,Po,-4.42,122.51,0,NA,NA,23.79,23.79,98.72,NA
odisha ,Jajpur ,Korei,,Grand Total,9.6,626.23,445.39,191.25,0,24.28,660.92,-34.69,12.14
odisha ,Jajpur ,Korei,1,Arthanga,0,9.82,10.18,2.12,0.03,0,12.32,-2.5,0.15
odisha ,Jajpur ,Korei,2,Atalapur,0,2.3,2.21,0.1,0,0,2.3,0,0.01
odisha ,Jajpur ,Korei,3,Badakainchi,0,7.99,8.77,2.71,0.03,0,11.5,-3.51,0.01
odisha ,Jajpur ,Rasulpur,4,Bahadalapur,0,1.59,1.93,1.92,0,0,3.85,-2.26,0
odisha ,Jajpur ,Rasulpur,5,Bandhadiha,0,3.73,4.17,1.34,0.01,0,5.53,-1.8,0.1
odisha ,Jajpur ,Rasulpur,6,Barabati,0,16.16,11.85,4.79,0,0,16.64,-0.48,0.07
odisha ,Jajpur ,Rasulpur,7,Bhotaka,0,3.21,3.1,0.04,0,0,3.14,0.07,0.2
odisha ,Jajpur ,Rasulpur,8,Brahmabarada,0,3.3,3.34,0.1,0,0,3.44,-0.14,0
odisha ,Jajpur ,Rasulpur,9,Gandhan,0,3.62,2.99,0.72,0,0,3.71,-0.09,0
odisha ,Jajpur ,Rasulpur,10,Jabara,0,9.61,10.45,3.91,0.03,0,14.39,-4.78,0.25
odisha ,Jajpur ,Rasulpur,11,Kalan,0,14.6,14.6,0,0,0,14.6,0,0.03
odisha ,Jajpur ,Rasulpur,12,Laxminagar,0,15.12,11.87,4.15,0.01,0,16.03,-0.91,0.94
odisha ,Jajpur ,Rasulpur,13,Maheswarpur,0,1.37,1.75,0.2,0,0,1.95,-0.57,0
odisha ,Jajpur ,Rasulpur,14,Mangarajapur,0,4.14,4.14,0,0,0,4.14,0,0.15
odisha ,Jajpur ,Rasulpur,15,Mugupal,0,1.56,1.56,0,0,0,1.56,0,0
odisha ,Jajpur ,Rasulpur,16,Narasinghpur,0,4.87,4.78,1.02,0.01,0,5.81,-0.93,0
odisha ,Jajpur ,Rasulpur,17,Nathuabar,0,6.55,6.56,0,0,0,6.56,-0.01,0.05
odisha ,Jajpur ,Rasulpur,18,Odisso,0,8.22,8.71,4.1,0.04,0,12.84,-4.62,0
odisha ,Jajpur ,Rasulpur,19,Pahanga,0,15.12,9.99,6.78,0.01,0,16.78,-1.66,0.92
odisha ,Jajpur ,Rasulpur,20,Prathamakhandi,0,0.16,0.2,0,0,0,0.2,-0.04,0
odisha ,Jajpur ,Rasulpur,21,Rahamba,0,10.29,10.29,0,0,0,10.29,0,0.04
odisha ,Jajpur ,Rasulpur,22,Rajendrapur,0,7.38,7.48,1.67,0.02,0,9.16,-1.78,0.22
odisha ,Jajpur ,Rasulpur,23,Rasulpur,0,8.96,6.85,2.31,0,0,9.17,-0.21,0
odisha ,Jajpur ,Rasulpur,24,Routrapur,0,5.93,6.16,0.67,0,0,6.83,-0.9,0
odisha ,Jajpur ,Rasulpur,25,Samantarapur,0,15.52,15.28,0.2,0,0,15.47,0.05,0.07
odisha ,Jajpur ,Rasulpur,26,Singhapur,0,7.55,7.73,0.8,0.01,0,8.55,-0.99,0.02
odisha ,Jajpur ,Rasulpur,27,Sribantapur,0,9.01,9.25,0.84,0.01,0,10.1,-1.09,0.04
odisha ,Jajpur ,Rasulpur,28,Tikarpada,0,7,5.12,1.89,0,0,7.01,-0.01,0.12
odisha ,Jajpur ,Rasulpur,,Total,0,204.69,191.3,42.37,0.18,0,233.86,-29.17,3.39
odisha ,Jajpur ,Rasulpur,,Block Level Line Deptt.,5.63,5.63,25.58,13.15,0.03,0.73,39.49,-33.86,0.45
odisha ,Jajpur ,Rasulpur,,Po,1,54.44,0,NA,NA,21.01,21.01,33.43,NA
odisha ,Jajpur ,Rasulpur,,Grand Total,6.63,264.76,216.88,55.52,0.21,21.74,294.36,-29.6,3.84
odisha ,Jajpur ,Rasulpur,1,Ampoloba,0,3.66,3.4,0.27,0,0,3.66,0,0
odisha ,Jajpur ,Rasulpur,2,Atta,0,4.64,2.61,2.13,0,0,4.75,-0.11,0.18
odisha ,Jajpur ,Rasulpur,3,Bandhagaon,0,14.85,14.97,0,0,0,14.97,-0.12,0.42
odisha ,Jajpur ,Sukinda,4,Baragadia,0,0.65,0.55,0.1,0,0,0.65,0,0
odisha ,Jajpur ,Sukinda,5,Bartanda,0,5.41,5.34,0,0,0,5.34,0.07,0.09
odisha ,Jajpur ,Sukinda,6,Chingudipal,0,29.64,28.39,1.14,0,0,29.53,0.11,0.35
odisha ,Jajpur ,Sukinda,7,Duburi,0,1.45,0.94,3.76,0,0,4.7,-3.25,0
odisha ,Jajpur ,Sukinda,8,Dudhujori,0,7.55,8.29,6.35,0,0,14.64,-7.09,0
odisha ,Jajpur ,Sukinda,9,Gobarghati,0,3.62,3.98,2.23,0,0,6.21,-2.59,0.8
odisha ,Jajpur ,Sukinda,10,Haripur,0,16.22,15.92,0.86,0,0,16.77,-0.55,0.06
odisha ,Jajpur ,Sukinda,11,Hatibari,0,27.26,26.36,1.14,0,0,27.5,-0.24,0.1
odisha ,Jajpur ,Sukinda,12,Kaliapani,0,3.12,2.45,0.71,0,0,3.16,-0.05,0.06
odisha ,Jajpur ,Sukinda,13,Kankadapal,0,16.9,17.02,0,0,0,17.02,-0.12,0.02
odisha ,Jajpur ,Sukinda,14,Kansa,0,9.25,8.6,0.65,0,0,9.25,0,0
odisha ,Jajpur ,Sukinda,15,Kharadi,0,22.96,20.82,4.63,0,0,25.45,-2.48,0.02
odisha ,Jajpur ,Sukinda,16,Kuhika,0,13.22,12.24,1.14,0,0,13.38,-0.15,0
odisha ,Jajpur ,Sukinda,17,Lembo,0,14.81,15.02,8.36,0,0,23.38,-8.57,0.13
odisha ,Jajpur ,Sukinda,18,Mangarajpur,0,2.36,2.17,0.2,0,0,2.36,0,0
odisha ,Jajpur ,Sukinda,19,Olia,0,11.11,8.81,2.28,0,0,11.09,0.02,1.15
odisha ,Jajpur ,Sukinda,20,Pimpudia,0,13.32,13.47,0,0,0,13.47,-0.15,0
odisha ,Jajpur ,Sukinda,21,Pingala,0,19.77,16.99,4.68,0,0,21.67,-1.9,0
odisha ,Jajpur ,Sukinda,22,Ransol,0,10.23,10.24,0,0,0,10.24,-0.01,0.18
odisha ,Jajpur ,Sukinda,23,Sansailo,0,8.37,8.38,0,0,0,8.38,-0.01,0
odisha ,Jajpur ,Sukinda,24,Sarangapur,0,2.64,2.67,0,0,0,2.67,-0.03,0.08
odisha ,Jajpur ,Sukinda,25,Sukinda Garh,0,15.99,10.94,5,0,0,15.94,0.05,0.05
odisha ,Jajpur ,Sukinda,,Total,0,279.01,260.56,45.62,0,0,306.19,-27.18,3.68
odisha ,Jajpur ,Sukinda,,Block Level Line Deptt.,3.98,3.98,18.37,14.76,0,0.91,34.04,-30.06,0.55
odisha ,Jajpur ,Sukinda,,Po,-2.23,52.92,0,NA,NA,26.71,26.71,26.21,NA
odisha ,Jajpur ,Sukinda,,Grand Total,1.74,335.92,278.93,60.38,0,27.62,366.94,-31.03,4.23
Odisha,Cuttack,Sukinda,1,Anantapur,0,0,5.19,0,0,0,5.19,-5.19,0.03
Odisha,Cuttack,Sukinda,2,Badabhuin,0,0.83,18.99,0.63,0,0,19.62,-18.8,0
Odisha,Cuttack,Sukinda,3,Bentapada,0,0,6.24,0,0,0,6.24,-6.24,0.06
Odisha,Cuttack,Athagad,4,Bhogara,0,0,5.71,0.11,0,0,5.82,-5.82,0.15
Odisha,Cuttack,Athagad,5,Chhagaon,0,0,6.87,0,0,0,6.87,-6.87,0.05
Odisha,Cuttack,Athagad,6,Dhaipur,0,0,10.45,0,0,0,10.45,-10.45,0.01
Odisha,Cuttack,Athagad,7,Dhurusia,0,0,13,0,0,0,13,-13,0.08
Odisha,Cuttack,Athagad,8,Dlabhaga,0,0,5.61,0,0,0,5.61,-5.61,0
Odisha,Cuttack,Athagad,9,Dorada,0,0,7.65,0,0,0,7.65,-7.65,0.08
Odisha,Cuttack,Athagad,10,Ghantikhala,0,0,3.18,0,0,0,3.18,-3.18,0.06
Odisha,Cuttack,Athagad,11,Gobara,0,0,15.79,0,0,0,15.79,-15.79,0.1
Odisha,Cuttack,Athagad,12,Gurudijhata,0,0,7.14,0,0,0,7.14,-7.14,0.17
Odisha,Cuttack,Athagad,13,Ichhapur,0,0,29.51,8.78,0,0,38.29,-38.29,0.62
Odisha,Cuttack,Athagad,14,Jenapadadesh,0,0,17.22,0,0,0,17.22,-17.22,0.44
Odisha,Cuttack,Athagad,15,Joranda,0,0,3.42,0,0,0,3.42,-3.42,0
Odisha,Cuttack,Athagad,16,Kandarpur,0,0.18,4.58,0,0,0,4.58,-4.4,0
Odisha,Cuttack,Athagad,17,Katakiasahi,0,3.38,11.05,3.23,0,0,14.27,-10.89,0.19
Odisha,Cuttack,Athagad,18,Khandarei,0,0,6.43,0,0,0,6.43,-6.43,0.01
Odisha,Cuttack,Athagad,19,Khuntakata,0,0,12.41,0.66,0,0,13.07,-13.07,0.07
Odisha,Cuttack,Athagad,20,Khuntuni,0,0,9.22,0,0,0,9.22,-9.22,0
Odisha,Cuttack,Athagad,21,Kulailo,0,0,5.6,0,0,0,5.6,-5.6,0.19
Odisha,Cuttack,Athagad,22,Kumarpur,0,0,39.86,0,0,0,39.86,-39.86,0.1
Odisha,Cuttack,Athagad,23,Kuspangi,0,0,5.68,0,0,0,5.68,-5.68,0.07
Odisha,Cuttack,Athagad,24,Mahakalnbasta,0,0,9.39,0,0,0,9.39,-9.39,0.13
Odisha,Cuttack,Athagad,25,Mancheaswar,0,1.74,4.25,1.52,0,0,5.76,-4.02,0
Odisha,Cuttack,Athagad,26,Megha,0,0.63,15.23,0,0,0,15.23,-14.6,0.11
Odisha,Cuttack,Athagad,27,Oranda,0,0,8.35,0,0,0,8.35,-8.35,0
Odisha,Cuttack,Athagad,28,Radhagovindapur,0,0,9.92,0,0,0,9.92,-9.92,0.13
Odisha,Cuttack,Athagad,29,Radhakishorepur,0,0,13.09,0,0,0,13.09,-13.09,0.1
Odisha,Cuttack,Athagad,30,Radhakrushnapur,0,0,4.22,0,0,0,4.22,-4.22,0.02
Odisha,Cuttack,Athagad,31,Rajnagar,0,0.34,9.62,2.57,0,0,12.19,-11.85,0
Odisha,Cuttack,Athagad,32,Samsarpur,0,0,10.79,0,0,0,10.79,-10.79,0
Odisha,Cuttack,Athagad,33,Sathilo,0,24.5,20.02,21.29,0.08,0,41.39,-16.89,0.15
Odisha,Cuttack,Athagad,34,Tarading,0,0,6.89,0,0,0,6.89,-6.89,0.01
Odisha,Cuttack,Athagad,,Total,0,31.6,362.57,38.78,0.08,0,401.43,-369.83,3.12
Odisha,Cuttack,Athagad,,Block Level Line Deptt.,0,0,30.18,54.88,0.18,0,85.24,-85.24,0.34
Odisha,Cuttack,Athagad,,Po,0,470.8,0,NA,NA,26.8,26.8,444,NA
Odisha,Cuttack,Athagad,,Grand Total,0,502.4,392.75,93.66,0.26,26.8,513.47,-11.07,3.46
Odisha,Cuttack,Athagad,1,Abhimanpur,0,2.15,4.24,0.25,0,0,4.49,-2.34,0.03
Odisha,Cuttack,Athagad,2,Badabarasing,0,11.91,13.7,4.61,0.02,0,18.34,-6.42,0.87
Odisha,Cuttack,Athagad,3,Badakambilo,0,11.19,14.04,11.78,0.09,0,25.91,-14.73,0.38
Odisha,Cuttack,Badamba,4,Badamba,0,8.41,7.87,3.96,0,0,11.83,-3.42,0.28
Odisha,Cuttack,Badamba,5,Banamalipur,0,2.11,7.01,3.04,0.03,0,10.08,-7.96,0.78
Odisha,Cuttack,Badamba,6,Bangirisingha,0,3.83,8.45,0,0,0,8.45,-4.61,2.9
Odisha,Cuttack,Badamba,7,Beliapal,0,8.5,11.69,1.24,0,0,12.93,-4.43,0.43
Odisha,Cuttack,Badamba,8,Bhatarika,0,2.77,11.08,0.39,0,0,11.47,-8.7,0.55
Odisha,Cuttack,Badamba,9,Dasarathipur,0,5.1,15.62,4.99,0.05,0,20.66,-15.56,0.41
Odisha,Cuttack,Badamba,10,Diniary,0,3.6,12.28,0.55,0,0,12.83,-9.23,0.11
Odisha,Cuttack,Badamba,11,Godapokhari,0,15.96,23.14,10.21,0.05,0,33.39,-17.43,0.26
Odisha,Cuttack,Badamba,12,Gopalpur,0,7.47,11.12,0.46,0,0,11.59,-4.11,0.28
Odisha,Cuttack,Badamba,13,Gopamathura,0,17.99,15.58,6.3,0.01,0,21.89,-3.9,1.41
Odisha,Cuttack,Badamba,14,Gopapur,0,15.75,17.36,1.43,0,0,18.79,-3.04,0.23
Odisha,Cuttack,Badamba,15,Gopinathpur,0,11.66,10.73,17.39,0.13,0,28.24,-16.58,0.97
Odisha,Cuttack,Badamba,16,Janisahi,0,2.44,6.65,0.33,0,0,6.97,-4.53,0.5
Odisha,Cuttack,Badamba,17,Jhajia,0,7.02,4.44,4.25,0.03,0,8.72,-1.7,0.39
Odisha,Cuttack,Badamba,18,Jodumu,0,1.63,14.84,1.74,0.02,0,16.6,-14.97,0.37
Odisha,Cuttack,Badamba,19,Kankadajodi,0,1,5.12,6.53,0.08,0,11.72,-10.72,0.35
Odisha,Cuttack,Badamba,20,Karadibandha,0,7.25,10.87,1.33,0,0,12.2,-4.95,0.17
Odisha,Cuttack,Badamba,21,Kasikiari,0,7.03,12.32,4.7,0.05,0,17.08,-10.05,0.4
Odisha,Cuttack,Badamba,22,Khuntakata,0,10.9,16.74,9.35,0.1,0,26.19,-15.29,0.43
Odisha,Cuttack,Badamba,23,Koleswar,0,3.94,7.79,1.44,0.02,0,9.24,-5.31,1.64
Odisha,Cuttack,Badamba,24,Krushnachndrapur,0,2.84,6.78,0,0,0,6.78,-3.94,0.49
Odisha,Cuttack,Badamba,25,Kuanrapal,0,6.62,8.31,0.74,0.01,0,9.06,-2.43,0.18
Odisha,Cuttack,Badamba,26,Mahulia,0,2.03,6.82,0,0,0,6.83,-4.8,0.87
Odisha,Cuttack,Badamba,27,Malati,0,6.16,9.58,0,0,0,9.58,-3.42,0.93
Odisha,Cuttack,Badamba,28,Manapur,0,0.51,2.12,0,0,0,2.12,-1.62,0.25
Odisha,Cuttack,Badamba,29,Mangarajpur,0,7.11,5.36,3.17,0,0,8.53,-1.42,0.06
Odisha,Cuttack,Badamba,30,Maniabandha,0,2.28,6.1,0.99,0,0,7.08,-4.8,0.16
Odisha,Cuttack,Badamba,31,Mugagahira,0,4.57,8.68,5.85,0.06,0,14.58,-10.01,0.19
Odisha,Cuttack,Badamba,32,Parajapada,0,8.65,9.26,4.95,0.03,0,14.24,-5.59,0.89
Odisha,Cuttack,Badamba,33,Ragadipada,0,6.54,10.81,1.52,0,0,12.34,-5.8,0.71
Odisha,Cuttack,Badamba,34,Ratapar,0,11.63,22.48,0.4,0,0,22.88,-11.25,1.2
Odisha,Cuttack,Badamba,35,Sanabarsing,0,3.75,5.26,0,0,0,5.27,-1.51,0.02
Odisha,Cuttack,Badamba,36,Sankhamari,0,19.86,14.17,7.45,0,0,21.62,-1.76,0.12
Odisha,Cuttack,Badamba,37,Santarabali,0,0.58,1.96,0.11,0,0,2.06,-1.49,0
Odisha,Cuttack,Badamba,38,Talamundali,0,13.72,15.77,3.09,0.03,0,18.9,-5.18,0.73
Odisha,Cuttack,Badamba,,Total,0,266.47,396.15,124.52,0.8,0,521.47,-255,20.93
Odisha,Cuttack,Badamba,,Block Level Line Deptt.,0,0,42.05,17.57,0.35,0,59.97,-59.97,22.06
Odisha,Cuttack,Badamba,,Po,0,296.93,0,NA,NA,41.13,41.13,255.8,NA
Odisha,Cuttack,Badamba,,Grand Total,0,563.4,438.2,142.09,1.15,41.13,622.57,-59.17,42.99
Odisha,Cuttack,Badamba,1,Anuary,0,0,5.07,0,0,0,5.07,-5.07,0.21
Odisha,Cuttack,Badamba,2,Baideswar,0,0,22.82,4.23,0,0,27.05,-27.05,0.79
Odisha,Cuttack,Badamba,3,Balabhadrapur,0,0,10.15,0,0,0,10.15,-10.15,0.25
Odisha,Cuttack,Banki,4,Bandalo,0,0,37.16,0,0,0,37.16,-37.16,1.79
Odisha,Cuttack,Banki,5,Baraput,0,0.34,8.59,1.37,0,0,9.96,-9.61,0.1
Odisha,Cuttack,Banki,6,Baunsput,0,0,27.06,0.75,0,0,27.81,-27.81,5.01
Odisha,Cuttack,Banki,7,Berhampura,0,0.18,20.99,3.49,0,0,24.47,-24.29,0.13
Odisha,Cuttack,Banki,8,Golaganda,0,0,5.92,0.81,0,0,6.73,-6.73,0.55
Odisha,Cuttack,Banki,9,Jagannathpur,0,0,24.21,0,0,0,24.21,-24.21,0.68
Odisha,Cuttack,Banki,10,Kadalibari,0,0.14,11.46,0.94,0,0,12.4,-12.26,1.08
Odisha,Cuttack,Banki,11,Kalapathara,0,0,24.13,0,0,0,24.13,-24.13,0.01
Odisha,Cuttack,Banki,12,Kalipoi,0,0,20.41,4.29,0,0,24.71,-24.71,1.6
Odisha,Cuttack,Banki,13,Kanatapahara,0,0.41,12.12,0.33,0,0,12.45,-12.04,0.45
Odisha,Cuttack,Banki,14,Kendupali,0,0,2.07,2.75,0,0,4.81,-4.81,0
Odisha,Cuttack,Banki,15,Kiapala,0,0,24.81,0,0,0,24.81,-24.81,0.24
Odisha,Cuttack,Banki,16,Nuagaon,0,0,3.31,0,0,0,3.31,-3.31,0.1
Odisha,Cuttack,Banki,17,Ostia,0,0,19.39,0,0,0,19.39,-19.39,0.19
Odisha,Cuttack,Banki,18,Puincha,0,0,23.53,0,0,0,23.53,-23.53,1.07
Odisha,Cuttack,Banki,19,Ratagada Govindpur,0,0,11.1,0.75,0,0,11.85,-11.85,0.88
Odisha,Cuttack,Banki,20,Samantarpur,0,0,22.33,0,0,0,22.33,-22.33,1.97
Odisha,Cuttack,Banki,,Total,0,1.07,336.64,19.7,0,0,356.34,-355.27,17.1
Odisha,Cuttack,Banki,,Block Level Line Deptt.,0,0,1.01,0,0,0,1.01,-1.01,0
Odisha,Cuttack,Banki,,Po,0,376.58,0,NA,NA,21.33,21.33,355.25,NA
Odisha,Cuttack,Banki,,Grand Total,0,377.65,337.65,19.7,0,21.33,378.68,-1.03,17.1
Odisha,Cuttack,Banki,1,Banara,0,1.04,11.82,0.52,0,0,12.34,-11.3,0.12
Odisha,Cuttack,Banki,2,Bhagipur,0,1.27,11.8,0.4,0,0,12.2,-10.94,0
Odisha,Cuttack,Banki,3,Bilipada,0,1.61,6.2,1.62,0,0,7.82,-6.21,0
Odisha,Cuttack,Banki-Dampara,4,Damapada,0,0.79,5.49,0.17,0,0,5.66,-4.87,0
Odisha,Cuttack,Banki-Dampara,5,Dhansar,0,4.73,33.4,3.21,0,0,36.62,-31.89,0.02
Odisha,Cuttack,Banki-Dampara,6,Dulanpur,0,2.95,10.41,0.36,0,0,10.77,-7.82,0
Odisha,Cuttack,Banki-Dampara,7,Durgapur,0,10.09,30.36,0.08,0,0,30.44,-20.36,0.08
Odisha,Cuttack,Banki-Dampara,8,Gopalpur,0,1.73,7.13,0.2,0,0,7.33,-5.6,0.15
Odisha,Cuttack,Banki-Dampara,9,Govindpur,0,3.75,11.8,0.08,0,0,11.88,-8.13,0
Odisha,Cuttack,Banki-Dampara,10,Harirajpur,0,3.26,6.17,0,0,0,6.17,-2.9,0.08
Odisha,Cuttack,Banki-Dampara,11,Kuspangi,0,10.62,12.23,8.96,0.28,0,21.47,-10.85,0.11
Odisha,Cuttack,Banki-Dampara,12,Naraganga,0,2.15,25.58,0,0,0,25.58,-23.43,0.12
Odisha,Cuttack,Banki-Dampara,13,Pathpur,0,1.66,8.78,1.11,0,0,9.9,-8.24,0
Odisha,Cuttack,Banki-Dampara,14,Ragadi,0,2.81,6.51,4.58,0,0,11.09,-8.29,0.04
Odisha,Cuttack,Banki-Dampara,15,Similipur,0,1.54,8.93,0,0,0,8.93,-7.39,0.04
Odisha,Cuttack,Banki-Dampara,16,Talabasta,0,10.84,46.78,0.48,0,0,47.26,-36.42,0.23
Odisha,Cuttack,Banki-Dampara,17,Tulasipur,0,0.53,7.66,1.77,0,0,9.43,-8.9,0
Odisha,Cuttack,Banki-Dampara,,Total,0,61.35,251.06,23.54,0.28,0,274.89,-213.53,0.97
Odisha,Cuttack,Banki-Dampara,,Block Level Line Deptt.,0,0,2.14,0.39,0,0,2.52,-2.52,0.01
Odisha,Cuttack,Banki-Dampara,,Po,0,236.07,0,NA,NA,20.49,20.49,215.58,NA
Odisha,Cuttack,Banki-Dampara,,Grand Total,0,297.42,253.2,23.93,0.28,20.49,297.9,-0.47,0.98
Odisha,Cuttack,Banki-Dampara,1,Belgachia,0,4.77,3.28,1.81,0.02,0,5.09,-0.33,0.12
Odisha,Cuttack,Banki-Dampara,2,Dhadapatna,0,1.2,1.43,0.26,0,0,1.69,-0.49,2.52
Odisha,Cuttack,Banki-Dampara,3,Harianta,0,13.76,13.89,0,0,0,13.89,-0.13,0.68
Odisha,Cuttack,Baranga,4,Khalarda,0,3.96,3.86,0.5,0,0,4.37,-0.41,0
Odisha,Cuttack,Baranga,5,Korkara,0,2.72,1.83,0.94,0.01,0,2.78,-0.06,0
Odisha,Cuttack,Baranga,6,Kunheipada,0,1.39,1.22,0.17,0,0,1.39,0,0.01
Odisha,Cuttack,Baranga,7,Kurang Pradhan,0,5.39,5.39,0,0,0,5.39,0,0.01
Odisha,Cuttack,Baranga,8,Kurang Sasan,0,7.96,8.89,0.57,0.01,0,9.47,-1.51,0.09
Odisha,Cuttack,Baranga,9,Madhupur,0,0.9,2.19,1.05,0.01,0,3.25,-2.36,0.07
Odisha,Cuttack,Baranga,10,Mundali,0,5.43,3.91,1.87,0.02,0,5.8,-0.37,0.01
Odisha,Cuttack,Baranga,11,Nagari,0,6.81,5.36,1.43,0.02,0,6.81,0,0.02
Odisha,Cuttack,Baranga,12,Naraj Marthapur,0,0.92,0.92,0,0,0,0.92,0,0
Odisha,Cuttack,Baranga,13,Ramdaspur,0,3.18,1.67,1.62,0.02,0,3.31,-0.12,0.01
Odisha,Cuttack,Baranga,14,Sainso,0,13.01,14.53,0.24,0,0,14.77,-1.76,0.62
Odisha,Cuttack,Baranga,15,Sribantapur,0,2.09,2.14,0,0,0,2.14,-0.05,0.03
Odisha,Cuttack,Baranga,16,Usuma,0,4.39,4.39,0,0,0,4.39,0,0.15
Odisha,Cuttack,Baranga,,Total,0,77.88,74.91,10.45,0.1,0,85.47,-7.59,4.35
Odisha,Cuttack,Baranga,,Block Level Line Deptt.,0,0,0,0,0,0,0,0,0
Odisha,Cuttack,Baranga,,Po,0,0,0,0,0,0,0,0,0
Odisha,Cuttack,Baranga,,Grand Total,-40,64.61,74.91,10.45,0.1,18.03,103.5,-38.89,4.35
Odisha,Cuttack,Baranga,1,Amana,0,0.03,2.15,0,0,0,2.15,-2.12,0
Odisha,Cuttack,Baranga,2,Arilo,0,0.49,1.55,0.28,0,0,1.84,-1.35,0
Odisha,Cuttack,Baranga,3,Ayatpur,0,0.4,1.16,0,0,0,1.16,-0.76,0.01
Odisha,Cuttack,Cuttacksadar,4,Barada,0,0.26,3.62,0.95,0.01,0,4.58,-4.32,0
Odisha,Cuttack,Cuttacksadar,5,Bentkar,0,0.23,1.16,0.09,0,0,1.25,-1.02,0
Odisha,Cuttack,Cuttacksadar,6,Bodhapur,0,0.16,0.73,0,0,0,0.73,-0.58,0.02
Odisha,Cuttack,Cuttacksadar,7,Brahmapur,0,0.03,0.52,0,0,0,0.52,-0.49,0
Odisha,Cuttack,Cuttacksadar,8,Dadhibamanapur,0,0.08,0.51,0,0,0,0.51,-0.43,0
Odisha,Cuttack,Cuttacksadar,9,Dharina,0,0.44,1.04,0.55,0.01,0,1.59,-1.15,0.28
Odisha,Cuttack,Cuttacksadar,10,Fakirpada,0,0.08,0.46,0,0,0,0.46,-0.38,0
Odisha,Cuttack,Cuttacksadar,11,Gatiroutpatna,0,0.09,0.71,0,0,0,0.71,-0.62,0
Odisha,Cuttack,Cuttacksadar,12,Jasapada,0,0.07,1.09,0,0,0,1.09,-1.02,0
Odisha,Cuttack,Cuttacksadar,13,Jharkata,0,0.42,2.53,0,0,0,2.53,-2.11,0.01
Odisha,Cuttack,Cuttacksadar,14,Kalapada,0,0.37,2.91,0.09,0,0,3.01,-2.64,0
Odisha,Cuttack,Cuttacksadar,15,Kandarpur,0,0.08,3.34,0,0,0,3.34,-3.25,0.01
Odisha,Cuttack,Cuttacksadar,16,Khandaita,0,0.08,3.02,0,0,0,3.02,-2.94,0
Odisha,Cuttack,Cuttacksadar,17,Kishannagar,0,0.22,4.13,0,0,0,4.13,-3.91,0
Odisha,Cuttack,Cuttacksadar,18,Kulasarichuan,0,0.08,1.56,0,0,0,1.56,-1.49,0
Odisha,Cuttack,Cuttacksadar,19,Nemeisapur,0,0.11,3.37,0,0,0,3.37,-3.26,0
Odisha,Cuttack,Cuttacksadar,20,Paramahansa,0,0.54,5.59,0.28,0,0,5.87,-5.33,0
Odisha,Cuttack,Cuttacksadar,21,Praharajpur,0,0.15,2.05,0.11,0,0,2.16,-2.01,0
Odisha,Cuttack,Cuttacksadar,22,Somepur,0,0.27,3.04,0,0,0,3.04,-2.77,0
Odisha,Cuttack,Cuttacksadar,23,Urali,0,0.35,3.58,0,0,0,3.58,-3.23,0
Odisha,Cuttack,Cuttacksadar,,Total,0,5.01,49.82,2.35,0.03,0,52.19,-47.18,0.33
Odisha,Cuttack,Cuttacksadar,,Block Level Line Deptt.,0,0,6.72,32.61,0.27,0,39.6,-39.6,0.02
Odisha,Cuttack,Cuttacksadar,,Po,-0.24,130.35,0,NA,NA,38.61,38.61,91.74,NA
Odisha,Cuttack,Cuttacksadar,,Grand Total,-0.24,135.36,56.54,34.96,0.3,38.61,130.4,4.96,0.35
Odisha,Cuttack,Cuttacksadar,1,Adaspur,0,0.09,0.51,0.21,0,0,0.72,-0.63,0
Odisha,Cuttack,Cuttacksadar,2,Bada Patasundarpur,0,1.18,1.64,2.76,0,0,4.4,-3.21,0
Odisha,Cuttack,Cuttacksadar,3,Bagalpur,0,3.05,2.98,0.14,0,0,3.12,-0.07,0
Odisha,Cuttack,Kantapada,4,Brahamanabati,0,18.19,17.36,1.05,0,0,18.41,-0.21,0.05
Odisha,Cuttack,Kantapada,5,Brahmansailo,0,2.13,2.62,2.25,0,0,4.87,-2.73,0.04
Odisha,Cuttack,Kantapada,6,Dimiri,0,0.33,0.71,0,0,0,0.71,-0.38,0
Odisha,Cuttack,Kantapada,7,Govindpur,0,1.01,1.71,0,0,0,1.71,-0.7,0.02
Odisha,Cuttack,Kantapada,8,Jharpada,0,0.02,0.78,4.38,0,0,5.16,-5.13,0
Odisha,Cuttack,Kantapada,9,Kantapada,0,0.81,1.47,0,0,0,1.47,-0.67,0.02
Odisha,Cuttack,Kantapada,10,Nahalpur,0,0.02,2.61,0,0,0,2.61,-2.58,0.05
Odisha,Cuttack,Kantapada,11,Nuagangram,0,0.16,0.85,0,0,0,0.85,-0.69,0.03
Odisha,Cuttack,Kantapada,12,Postal,0,4.17,3.66,1.6,0,0,5.27,-1.1,0.04
Odisha,Cuttack,Kantapada,13,Uradha,0,0.57,1.84,2.42,0.03,0,4.29,-3.72,0.02
Odisha,Cuttack,Kantapada,14,Uttrana,0,0,0.03,0.21,0,0,0.24,-0.24,0.06
Odisha,Cuttack,Kantapada,,Total,0,31.74,38.76,15.02,0.03,0,53.81,-22.08,0.34
Odisha,Cuttack,Kantapada,,Block Level Line Deptt.,-2.36,-2.36,17.8,6.08,0.03,0,23.92,-26.28,0.11
Odisha,Cuttack,Kantapada,,Po,0,61.54,0,NA,NA,13.61,13.61,47.93,NA
Odisha,Cuttack,Kantapada,,Grand Total,-2.36,90.92,56.56,21.1,0.06,13.61,91.34,-0.43,0.45
Odisha,Cuttack,Kantapada,1,Anandpur,0,0,8.32,0,0,0,8.32,-8.32,0.07
Odisha,Cuttack,Kantapada,2,Bajapur,0,0,4.13,0.21,0,0,4.34,-4.34,0
Odisha,Cuttack,Kantapada,3,Barahipur,0,0,3.05,0.29,0,0,3.34,-3.34,0.04
Odisha,Cuttack,Mahanga,4,Basudevpur,0,0.08,9.87,0.11,0,0,9.98,-9.9,0.13
Odisha,Cuttack,Mahanga,5,Bhadreswar,0,0,7.03,0,0,0,7.03,-7.03,1.44
Odisha,Cuttack,Mahanga,6,Bhaunria,0,0.14,4.31,0.64,0,0,4.95,-4.8,0.01
Odisha,Cuttack,Mahanga,7,Bheda,0,0,2.21,0,0,0,2.21,-2.21,0
Odisha,Cuttack,Mahanga,8,Chahapada,0,0,5.49,0.32,0,0,5.81,-5.81,0.1
Odisha,Cuttack,Mahanga,9,Gokana,0,0,14.27,0.11,0,0,14.38,-14.38,0.09
Odisha,Cuttack,Mahanga,10,Gopalpur,0,0,8.79,0,0,0,8.79,-8.79,0.47
Odisha,Cuttack,Mahanga,11,Gotara,0,0,3.67,0.54,0,0,4.2,-4.2,0.01
Odisha,Cuttack,Mahanga,12,Haladia,0,0,7.9,0,0,0,7.9,-7.9,1.06
Odisha,Cuttack,Mahanga,13,Jaleswarpur,0,0,5.75,0.57,0,0,6.32,-6.32,0.11
Odisha,Cuttack,Mahanga,14,Kaitha,0,0.17,12.21,0.21,0,0,12.42,-12.25,0.33
Odisha,Cuttack,Mahanga,15,Koliatha,0,0,4.02,4.38,0,0,8.4,-8.4,0.05
Odisha,Cuttack,Mahanga,16,Kuhunda,0,0,7.46,0.62,0,0,8.08,-8.08,0.17
Odisha,Cuttack,Mahanga,17,Kundi,0,0,9.94,0.32,0,0,10.26,-10.26,0.05
Odisha,Cuttack,Mahanga,18,Kurujanga,0,0,4.77,0.21,0,0,4.98,-4.98,0.14
Odisha,Cuttack,Mahanga,19,Kusupur,0,0.03,3.39,0,0,0,3.39,-3.37,0
Odisha,Cuttack,Mahanga,20,Lalitgiri,0,0,14.24,5.71,0,0,19.95,-19.95,0.26
Odisha,Cuttack,Mahanga,21,Madhupur,0,0.18,8.93,0.11,0,0,9.04,-8.86,0.21
Odisha,Cuttack,Mahanga,22,Mahanga,0,0,6.16,1.15,0,0,7.31,-7.31,0
Odisha,Cuttack,Mahanga,23,Mouda,0,0,12.89,4.7,0,0,17.59,-17.59,0.14
Odisha,Cuttack,Mahanga,24,Mulabasanta,0,0.38,12.99,1.42,0,0,14.41,-14.02,0.43
Odisha,Cuttack,Mahanga,25,Nahanga,0,0,21.64,0,0,0,21.64,-21.64,0.33
Odisha,Cuttack,Mahanga,26,Nurtanga,0,0,6.35,0,0,0,6.35,-6.35,0.14
Odisha,Cuttack,Mahanga,27,Osanga,0,0,6.93,0,0,0,6.93,-6.93,0
Odisha,Cuttack,Mahanga,28,Paikarapur,0,0,13.19,0,0,0,13.19,-13.19,0.43
Odisha,Cuttack,Mahanga,29,Pallisahi,0,0.15,12.49,1.22,0,0,13.7,-13.55,0.06
Odisha,Cuttack,Mahanga,30,Panasapur,0,0,5.43,0,0,0,5.43,-5.43,0.15
Odisha,Cuttack,Mahanga,31,Podamarai,0,0,10.39,0,0,0,10.39,-10.39,1.3
Odisha,Cuttack,Mahanga,32,Rahania,0,0,10.01,3.52,0,0,13.53,-13.53,0
Odisha,Cuttack,Mahanga,33,Sahapur,0,0,11.06,1.6,0,0,12.66,-12.66,0.07
Odisha,Cuttack,Mahanga,34,Samsarpur,0,0.17,10.95,0,0,0,10.95,-10.78,0.08
Odisha,Cuttack,Mahanga,35,Srikrishnapur,0,0,4.66,0,0,0,4.66,-4.66,0.04
Odisha,Cuttack,Mahanga,36,Umara,0,0,18.67,0.54,0,0,19.21,-19.21,0.07
Odisha,Cuttack,Mahanga,37,Usuma,0,0.05,6.97,2.83,0,0,9.81,-9.76,0
Odisha,Cuttack,Mahanga,,Total,0,1.36,320.54,31.31,0,0,351.85,-350.49,7.99
Odisha,Cuttack,Mahanga,,Block Level Line Deptt.,0,0,8.67,1.53,0,0,10.2,-10.2,0.54
Odisha,Cuttack,Mahanga,,Po,-10.52,381.18,0,NA,NA,27.62,27.62,353.56,NA
Odisha,Cuttack,Mahanga,,Grand Total,-10.52,382.54,329.21,32.84,0,27.62,389.67,-7.13,8.53
Odisha,Cuttack,Mahanga,1,Adheigundi,0,3.84,6.26,10.6,0.09,0,16.95,-13.11,0.02
Odisha,Cuttack,Mahanga,2,Alara,0,0,21.85,0,0,0,21.85,-21.85,0.35
Odisha,Cuttack,Mahanga,3,Badabhuin,0,17.7,56.76,8.03,0.09,0,64.88,-47.18,1.24
Odisha,Cuttack,Narasinghpur,4,Balijhari,0,0,16.69,30.77,0.16,0,47.62,-47.62,0.27
Odisha,Cuttack,Narasinghpur,5,Balisahi,0,0,19.25,5.58,0.05,0,24.88,-24.88,1.64
Odisha,Cuttack,Narasinghpur,6,Bandhahuda,0,0,10.92,0,0,0,10.92,-10.92,0.02
Odisha,Cuttack,Narasinghpur,7,Basantpur,0,2.64,36.89,13.47,0.15,0,50.51,-47.87,0
Odisha,Cuttack,Narasinghpur,8,Baselihata,0,0,15.85,14.37,0.13,0,30.35,-30.35,0.19
Odisha,Cuttack,Narasinghpur,9,Bokada,0,0,22.2,0,0,0,22.2,-22.2,0.21
Odisha,Cuttack,Narasinghpur,10,Chakamunda,0,0,17.01,1.94,0.02,0,18.98,-18.98,0
Odisha,Cuttack,Narasinghpur,11,Champeswar,0,0.38,26.13,14.55,0.15,0,40.84,-40.45,0.08
Odisha,Cuttack,Narasinghpur,12,Debabhuin,0,1.21,31.46,3.63,0.03,0,35.12,-33.91,0.12
Odisha,Cuttack,Narasinghpur,13,Ekadal,0,2.42,9.91,17.01,0.18,0,27.1,-24.68,0.47
Odisha,Cuttack,Narasinghpur,14,Godibandha,0,0,7.29,4.6,0.05,0,11.94,-11.94,0.06
Odisha,Cuttack,Narasinghpur,15,Jayamangal,0,0,10.91,2.25,0.01,0,13.17,-13.17,0
Odisha,Cuttack,Narasinghpur,16,Jodumu,0,0,22.48,0.76,0,0,23.24,-23.24,0.45
Odisha,Cuttack,Narasinghpur,17,Kakudia,0,0,9.19,7.58,0.08,0,16.85,-16.85,0
Odisha,Cuttack,Narasinghpur,18,Kamaladihi,0,2.8,13.78,0.11,0,0,13.89,-11.09,0.07
Odisha,Cuttack,Narasinghpur,19,Kanjiapada,0,0,6.97,1.7,0,0,8.67,-8.67,0
Odisha,Cuttack,Narasinghpur,20,Kanpur,0,3.34,32.77,12.77,0.14,0,45.68,-42.34,0.16
Odisha,Cuttack,Narasinghpur,21,Kathakhunta,0,0,4.39,0.11,0,0,4.5,-4.5,0.36
Odisha,Cuttack,Narasinghpur,22,Kokalaba,0,0,16.82,5.37,0.05,0,22.24,-22.24,0.39
Odisha,Cuttack,Narasinghpur,23,Nimasahi,0,0.8,19,6.97,0.05,0,26.02,-25.23,0.63
Odisha,Cuttack,Narasinghpur,24,Nizigargh,0,4.05,21.62,25.08,0.28,0,46.97,-42.92,0.59
Odisha,Cuttack,Narasinghpur,25,Nuapatna,0,2.1,14.05,1.65,0,0,15.7,-13.6,0.11
Odisha,Cuttack,Narasinghpur,26,Nukhapada,0,0.26,23.01,9.33,0.08,0,32.42,-32.16,0.64
Odisha,Cuttack,Narasinghpur,27,Olaba,0,1.16,7.25,5.35,0.06,0,12.65,-11.49,0.02
Odisha,Cuttack,Narasinghpur,28,Padamal,0,0,19.69,0.76,0,0,20.45,-20.45,0.3
Odisha,Cuttack,Narasinghpur,29,Paikabarabati,0,2.7,22.93,6.88,0.06,0,29.87,-27.17,0.61
Odisha,Cuttack,Narasinghpur,30,Paikapadapatana,0,0,4.3,0,0,0,4.3,-4.3,0
Odisha,Cuttack,Narasinghpur,31,Phulapada,0,0.97,9.24,6.57,0.07,0,15.87,-14.9,0
Odisha,Cuttack,Narasinghpur,32,Ranasinghpur,0,2.28,16.36,1.67,0.02,0,18.05,-15.77,0.25
Odisha,Cuttack,Narasinghpur,33,Regeda,0,0,23.09,16.42,0.18,0,39.69,-39.69,0.29
Odisha,Cuttack,Narasinghpur,34,Rusipada,0,0.94,13.23,1.89,0.02,0,15.15,-14.21,0.02
Odisha,Cuttack,Narasinghpur,35,Sagar,0,3.37,13.24,3.33,0.04,0,16.6,-13.24,0.01
Odisha,Cuttack,Narasinghpur,36,Saradhapur,0,0,41.08,8.12,0.09,0,49.29,-49.29,0.2
Odisha,Cuttack,Narasinghpur,37,Siaria,0,0,9.66,0.22,0,0,9.88,-9.88,0.06
Odisha,Cuttack,Narasinghpur,,Total,0,52.94,673.57,249.42,2.32,0,925.3,-872.36,9.84
Odisha,Cuttack,Narasinghpur,,Block Level Line Deptt.,0,0,39.65,41.41,0.3,0,81.37,-81.37,0.24
Odisha,Cuttack,Narasinghpur,,Po,0,960.92,0,NA,NA,27.82,27.82,933.1,NA
Odisha,Cuttack,Narasinghpur,,Grand Total,0,1013.86,713.22,290.83,2.62,27.82,1034.49,-20.63,10.08
Odisha,Cuttack,Narasinghpur,1,Alana,0,48.07,34.78,16.38,0,0,51.17,-3.1,0.8
Odisha,Cuttack,Narasinghpur,2,Anlo,0,0,2.68,0,0,0,2.68,-2.68,0.05
Odisha,Cuttack,Narasinghpur,3,Baharana,0,0,0.9,0.11,0,0,1.01,-1.01,0.05
Odisha,Cuttack,Niali,4,Bilasuni,0,13.46,9.07,6.09,0,0,15.16,-1.7,0.37
Odisha,Cuttack,Niali,5,Binisipur,0,2.28,4.49,0.98,0,0,5.47,-3.19,0.33
Odisha,Cuttack,Niali,6,Ekaberuan,0,0.03,0.74,0.76,0,0,1.5,-1.47,0
Odisha,Cuttack,Niali,7,Erancha,0,0,5.6,0,0,0,5.6,-5.6,0.25
Odisha,Cuttack,Niali,8,Jallarpur,0,0,2.64,0.11,0,0,2.75,-2.75,0.11
Odisha,Cuttack,Niali,9,Kapasi,0,0.15,1.12,0,0,0,1.12,-0.97,0.17
Odisha,Cuttack,Niali,10,Kasarada,0,6.22,7.54,0,0,0,7.54,-1.33,0.07
Odisha,Cuttack,Niali,11,Krushnaprasad,0,3.05,4.11,0.87,0,0,4.98,-1.93,0.18
Odisha,Cuttack,Niali,12,Madhab,0,6.48,8.17,0,0,0,8.17,-1.68,0.17
Odisha,Cuttack,Niali,13,Niali,0,15.67,15.65,0.81,0,0,16.45,-0.78,0.09
Odisha,Cuttack,Niali,14,Nivarana,0,1.59,3.35,0.43,0,0,3.79,-2.2,0.37
Odisha,Cuttack,Niali,15,Nuagoan,0,0.57,1.05,1.36,0,0,2.41,-1.84,0.22
Odisha,Cuttack,Niali,16,Pahanga,0,0,2,1.41,0,0,3.41,-3.41,0
Odisha,Cuttack,Niali,17,Pokharigoan,0,8.38,13.4,0.11,0,0,13.51,-5.13,0.05
Odisha,Cuttack,Niali,18,Raniola,0,2.41,3.64,0,0,0,3.64,-1.23,0.15
Odisha,Cuttack,Niali,19,Ratnapur,0,0,0.13,0,0,0,0.13,-0.13,0.12
Odisha,Cuttack,Niali,20,Sadhansa,0,1.09,3.21,0,0,0,3.21,-2.12,0.13
Odisha,Cuttack,Niali,21,Sagadailo,0,0.26,1.12,0,0,0,1.12,-0.86,0
Odisha,Cuttack,Niali,22,Sithalo,0,1.18,3.37,0,0,0,3.37,-2.19,0.32
Odisha,Cuttack,Niali,23,Tihuda,0,0,0.68,0,0,0,0.68,-0.68,0
Odisha,Cuttack,Niali,,Total,0,110.89,129.46,29.42,0,0,158.88,-47.99,3.98
Odisha,Cuttack,Niali,,Block Level Line Deptt.,0,0,37.77,31.84,0,0,69.61,-69.61,1.11
Odisha,Cuttack,Niali,,Po,-2.37,138.79,0,NA,NA,23.72,23.72,115.07,NA
Odisha,Cuttack,Niali,,Grand Total,-2.37,249.69,167.23,61.26,0,23.72,252.21,-2.53,5.09
Odisha,Cuttack,Niali,1,Asureswar,0,2.12,7.25,1.33,0,0,8.58,-6.46,0.15
Odisha,Cuttack,Niali,2,Babujanga,0,1.02,2.33,0,0,0,2.33,-1.32,0.1
Odisha,Cuttack,Niali,3,Badakhira,0,0.94,9.62,0.09,0,0,9.71,-8.76,0.18
Odisha,Cuttack,Nischintakoili,4,Balipada,0,1.52,4.09,0,0,0,4.09,-2.56,0.03
Odisha,Cuttack,Nischintakoili,5,Bandhakatia,0,11.17,15.57,0,0,0,15.57,-4.4,1.06
Odisha,Cuttack,Nischintakoili,6,Bandhupur,0,1.54,2.34,0,0,0,2.34,-0.8,0.44
Odisha,Cuttack,Nischintakoili,7,Barado,0,0,2.06,6.15,0,0,8.21,-8.21,0.02
Odisha,Cuttack,Nischintakoili,8,Buhalo,0,2.61,5.43,0,0,0,5.43,-2.82,0.03
Odisha,Cuttack,Nischintakoili,9,Daudapur,0,68.24,76.09,43.8,0,0,119.89,-51.65,0.23
Odisha,Cuttack,Nischintakoili,10,Fugola,0,1.53,2.93,0,0,0,2.93,-1.4,0.18
Odisha,Cuttack,Nischintakoili,11,Isani-Berhampur,0,0.47,2.22,0,0,0,2.22,-1.75,0.02
Odisha,Cuttack,Nischintakoili,12,Jairampur,0,0.87,3.53,0,0,0,3.53,-2.66,0
Odisha,Cuttack,Nischintakoili,13,Jamara,0,15.59,24.95,0,0,0,24.95,-9.36,0.51
Odisha,Cuttack,Nischintakoili,14,Janardanpur,0,0.13,1.58,0,0,0,1.58,-1.44,0
Odisha,Cuttack,Nischintakoili,15,Jhedeswarpur,0,1.6,4.95,3.71,0,0,8.66,-7.06,0.06
Odisha,Cuttack,Nischintakoili,16,Jiginipur,0,2.27,9.48,2.19,0,0,11.67,-9.4,0.71
Odisha,Cuttack,Nischintakoili,17,Kalamishiri,0,1.87,4.21,0,0,0,4.21,-2.34,0.08
Odisha,Cuttack,Nischintakoili,18,Katarpada,0,1.36,2.04,2.82,0,0,4.85,-3.5,0.03
Odisha,Cuttack,Nischintakoili,19,Katikata,0,4.08,8.44,0.52,0,0,8.96,-4.88,0.11
Odisha,Cuttack,Nischintakoili,20,Kendupatna,0,3.91,6.93,3.26,0,0,10.19,-6.28,0.25
Odisha,Cuttack,Nischintakoili,21,Kentala,0,2.47,10.94,1.43,0,0,12.36,-9.89,0.76
Odisha,Cuttack,Nischintakoili,22,Kerilo,0,20.43,19.57,9.28,0,0,28.85,-8.42,0.2
Odisha,Cuttack,Nischintakoili,23,Kolanapur,0,1.02,1.54,0,0,0,1.54,-0.52,0.11
Odisha,Cuttack,Nischintakoili,24,Mahammadpur,0,0.52,7.3,0,0,0,7.3,-6.78,0.12
Odisha,Cuttack,Nischintakoili,25,Manijanga,0,1.22,4.1,0,0,0,4.1,-2.88,0.01
Odisha,Cuttack,Nischintakoili,26,Manpur,0,1.21,3.19,0,0,0,3.19,-1.98,0
Odisha,Cuttack,Nischintakoili,27,Nagashpur,0,14.12,11.36,8.11,0,0,19.47,-5.35,1.33
Odisha,Cuttack,Nischintakoili,28,Narendrapur,0,7.11,19.11,2.97,0,0,22.07,-14.96,0.12
Odisha,Cuttack,Nischintakoili,29,Natakai,0,2.56,3.43,0,0,0,3.43,-0.86,0
Odisha,Cuttack,Nischintakoili,30,Nemalo,0,2.28,7.08,0,0,0,7.08,-4.8,0.3
Odisha,Cuttack,Nischintakoili,31,Nischintakoili,0,0.39,1.71,0.11,0,0,1.82,-1.43,0.16
Odisha,Cuttack,Nischintakoili,32,Orati,0,11.93,18.55,4.35,0,0,22.89,-10.96,0.5
Odisha,Cuttack,Nischintakoili,33,Palada,0,1.38,5.54,0,0,0,5.54,-4.15,0.16
Odisha,Cuttack,Nischintakoili,34,Ramakrushnapur,0,3.48,4.99,0,0,0,4.99,-1.52,0.01
Odisha,Cuttack,Nischintakoili,35,Santapur,0,1.95,2.9,0,0,0,2.9,-0.95,0.23
Odisha,Cuttack,Nischintakoili,36,Sarapada,0,4.02,7.88,1.46,0,0,9.35,-5.33,1.15
Odisha,Cuttack,Nischintakoili,37,Sirlo,0,0.05,5.16,0,0,0,5.16,-5.12,0.1
Odisha,Cuttack,Nischintakoili,38,Sukarpada,0,3.77,5.82,1.3,0,0,7.12,-3.35,0.01
Odisha,Cuttack,Nischintakoili,39,Tarota,0,16.18,9.13,9.23,0,0,18.36,-2.18,0.01
Odisha,Cuttack,Nischintakoili,40,Tilakana,0,2.06,5.72,0,0,0,5.72,-3.66,0.25
Odisha,Cuttack,Nischintakoili,41,Uttarkul,0,0.09,4.71,0,0,0,4.71,-4.62,0.12
Odisha,Cuttack,Nischintakoili,,Total,0,221.11,355.74,102.12,0,0,457.86,-236.75,9.86
Odisha,Cuttack,Nischintakoili,,Block Level Line Deptt.,0,0,2.11,1.99,0.05,0,4.15,-4.15,0
Odisha,Cuttack,Nischintakoili,,Po,0,278.7,0,NA,NA,35.59,35.59,243.11,NA
Odisha,Cuttack,Nischintakoili,,Grand Total,0,499.81,357.85,104.11,0.05,35.59,497.6,2.21,9.86
Odisha,Cuttack,Nischintakoili,1,Bahugram,0,6.51,6.79,0.12,0,0,6.91,-0.4,0.2
Odisha,Cuttack,Nischintakoili,2,Balisahi,0,0,4.74,0.11,0,0,4.85,-4.85,0.11
Odisha,Cuttack,Nischintakoili,3,Barigol,0,2.91,2.66,0.1,0,0,2.76,0.15,0.04
Odisha,Cuttack,Salepur,4,Bhimdaspur,0,9.09,11.97,0,0,0,11.97,-2.88,0.03
Odisha,Cuttack,Salepur,5,Champati,0,0,0.92,0,0,0,0.92,-0.92,0
Odisha,Cuttack,Salepur,6,Chandradeipur,0,1.78,2.12,0,0,0,2.12,-0.34,0
Odisha,Cuttack,Salepur,7,Chhanipur,0,5.14,6.66,3,0.23,0,9.89,-4.75,0.03
Odisha,Cuttack,Salepur,8,Gopinathpur,0,1.01,1.42,0,0,0,1.42,-0.4,0
Odisha,Cuttack,Salepur,9,Gujarpur,0,1.15,4.06,0,0,0,4.06,-2.91,0
Odisha,Cuttack,Salepur,10,Katarapa,0,5.48,5.24,0.24,0,0,5.48,0,0
Odisha,Cuttack,Salepur,11,Madhyakachha,0,11.81,12.39,0,0,0,12.39,-0.58,0.96
Odisha,Cuttack,Salepur,12,Mahajanpur,0,0,0.24,0,0,0,0.24,-0.24,0
Odisha,Cuttack,Salepur,13,Malasasna,0,16.43,14.27,0.98,0,0,15.24,1.19,0
Odisha,Cuttack,Salepur,14,Mirzapur,0,0,27.75,0,0,0,27.75,-27.75,0.19
Odisha,Cuttack,Salepur,15,Mohan,0,0,0.85,0,0,0,0.85,-0.85,0
Odisha,Cuttack,Salepur,16,Mutarifa,0,0,2.77,0,0,0,2.77,-2.77,0
Odisha,Cuttack,Salepur,17,Naiguan,0,3.36,4.14,0,0,0,4.14,-0.78,0.68
Odisha,Cuttack,Salepur,18,Nandola,0,9,8.92,4.12,0.16,0,13.19,-4.19,0.6
Odisha,Cuttack,Salepur,19,Naranda,0,0.98,6.37,0,0,0,6.37,-5.39,0.07
Odisha,Cuttack,Salepur,20,Odasingh,0,0.1,4.3,1.14,0,0,5.44,-5.34,0.01
Odisha,Cuttack,Salepur,21,Paschimakacha,0,0,4.84,1.31,0,0,6.16,-6.16,0.06
Odisha,Cuttack,Salepur,22,Pikol,0,0.17,9.87,0.1,0,0,9.97,-9.8,0
Odisha,Cuttack,Salepur,23,Purunahat,0,9.61,8.27,2.34,0.09,0,10.71,-1.11,0.18
Odisha,Cuttack,Salepur,24,Raisunguda,0,6.41,6.3,0.1,0,0,6.41,0,0
Odisha,Cuttack,Salepur,25,Ramakrushnapur,0,10.45,10.45,0.51,0,0,10.96,-0.51,0.01
Odisha,Cuttack,Salepur,26,Rameswar,0,14.53,15.34,2.47,0.3,0,18.1,-3.58,0.05
Odisha,Cuttack,Salepur,27,Ratilo,0,0,10.39,0,0,0,10.39,-10.39,0.14
Odisha,Cuttack,Salepur,28,Satyabhamapur,0,1.67,3.21,2.09,0.23,0,5.53,-3.85,0.03
Odisha,Cuttack,Salepur,29,Sidho,0,2.11,2.55,0,0,0,2.55,-0.44,0
Odisha,Cuttack,Salepur,30,Sisua,0,6.8,5.84,0.96,0,0,6.8,0,0
Odisha,Cuttack,Salepur,31,Souri,0,11.15,11.15,0,0,0,11.15,0,0.37
Odisha,Cuttack,Salepur,32,Sudhakhanda,0,0,18.58,0,0,0,18.58,-18.58,0.13
Odisha,Cuttack,Salepur,33,Tarito,0,0.12,10.8,3.82,0,0,14.62,-14.5,0
Odisha,Cuttack,Salepur,34,Tentola,0,6.49,6.38,0.38,0,0,6.75,-0.26,0.11
Odisha,Cuttack,Salepur,35,Trilochanpur,0,0,0.9,0,0,0,0.9,-0.9,0
Odisha,Cuttack,Salepur,,Total,0,144.26,253.45,23.88,1,0,278.33,-134.08,4
Odisha,Cuttack,Salepur,,Block Level Line Deptt.,0,0,9.9,11.37,0.19,0,21.47,-21.47,0.05
Odisha,Cuttack,Salepur,,Po,0,178.95,0,NA,NA,25.59,25.59,153.36,NA
Odisha,Cuttack,Salepur,,Grand Total,0,323.21,263.35,35.25,1.19,25.59,325.39,-2.19,4.05
Odisha,Cuttack,Salepur,1,Agrahat,0,0,7.99,0.75,0,0,8.73,-8.73,0
Odisha,Cuttack,Salepur,2,Badasamantarapur,0,0,4.31,0,0,0,4.31,-4.31,0.03
Odisha,Cuttack,Salepur,3,Banipada,0,0.23,8.99,6.16,0,0,15.15,-14.93,0
Odisha,Cuttack,Tangi Choudwar,4,Berhampur,0,0.1,8.96,0,0,0,8.96,-8.85,0
Odisha,Cuttack,Tangi Choudwar,5,Bhatimunda,0,0.01,0.9,0,0,0,0.9,-0.89,0
Odisha,Cuttack,Tangi Choudwar,6,Garudagoan,0,0.03,10.28,1.72,0,0,12,-11.97,0.17
Odisha,Cuttack,Tangi Choudwar,7,Govindpur,0,0,1.99,0,0,0,1.99,-1.99,0.37
Odisha,Cuttack,Tangi Choudwar,8,Harianta,0,0.03,0.72,0.96,0,0,1.69,-1.65,0
Odisha,Cuttack,Tangi Choudwar,9,Indranipatna,0,0,4.93,0,0,0,4.93,-4.93,0
Odisha,Cuttack,Tangi Choudwar,10,Jaripada,0,0,1.33,0,0,0,1.33,-1.33,0.08
Odisha,Cuttack,Tangi Choudwar,11,Kakhadi,0,0.02,4.61,4.61,0,0,9.22,-9.19,0.03
Odisha,Cuttack,Tangi Choudwar,12,Kanheipur,0,0.07,7.48,0,0,0,7.48,-7.41,0
Odisha,Cuttack,Tangi Choudwar,13,Karanji,0,0,13.12,4.22,0,0,17.35,-17.35,0.07
Odisha,Cuttack,Tangi Choudwar,14,Kayalpada,0,0.02,18.48,0,0,0,18.48,-18.46,0.01
Odisha,Cuttack,Tangi Choudwar,15,Kotasahi,0,0.13,3.53,0,0,0,3.53,-3.4,0.03
Odisha,Cuttack,Tangi Choudwar,16,Magura Dhanamandala,0,0.06,6.45,0,0,0,6.45,-6.4,0.13
Odisha,Cuttack,Tangi Choudwar,17,Mahisalanda,0,0.11,2.99,2.9,0,0,5.89,-5.78,0
Odisha,Cuttack,Tangi Choudwar,18,Mangarajpur,0,0.05,6.76,0,0,0,6.76,-6.71,0.05
Odisha,Cuttack,Tangi Choudwar,19,Nakhara,0,0.05,8.28,0,0,0,8.28,-8.23,0
Odisha,Cuttack,Tangi Choudwar,20,Napanga,0,0.03,3.7,0,0,0,3.7,-3.67,0
Odisha,Cuttack,Tangi Choudwar,21,Salagoan,0,0.01,4.05,4.35,0,0,8.4,-8.39,0
Odisha,Cuttack,Tangi Choudwar,22,Sankarpur,0,0.03,4.48,0.41,0,0,4.89,-4.86,0
Odisha,Cuttack,Tangi Choudwar,23,Sofo,0,0,4.86,0,0,0,4.86,-4.86,0.04
Odisha,Cuttack,Tangi Choudwar,24,Uchhapada,0,0.01,3.65,0,0,0,3.65,-3.63,0.06
Odisha,Cuttack,Tangi Choudwar,,Total,0,1,142.85,26.08,0,0,168.93,-167.93,1.06
Odisha,Cuttack,Tangi Choudwar,,Block Level Line Deptt.,0,0,3.43,1.38,0,0,4.81,-4.81,0.06
Odisha,Cuttack,Tangi Choudwar,,Po,-3.04,193.81,0,NA,NA,25.14,25.14,168.67,NA
Odisha,Cuttack,Tangi Choudwar,,Grand Total,-3.04,194.81,146.28,27.46,0,25.14,198.88,-4.07,1.12
Odisha,Cuttack,Tangi Choudwar,1,Achalkota,0,0,15.32,0,0,0,15.32,-15.32,0.25
Odisha,Cuttack,Tangi Choudwar,2,Badanauput,0,0.04,4.58,0,0,0,4.58,-4.55,0
Odisha,Cuttack,Tangi Choudwar,3,Baliput,0,0,4.64,0,0,0,4.64,-4.64,0.08
Odisha,Cuttack,Tigiria,4,Bhiruda,0,0,3.29,0,0,0,3.29,-3.29,0.38
Odisha,Cuttack,Tigiria,5,Bhogada,0,0,2.68,0,0,0,2.68,-2.68,0
Odisha,Cuttack,Tigiria,6,Bindhanima,0,0.05,4.79,0,0,0,4.79,-4.74,0
Odisha,Cuttack,Tigiria,7,Gadadharpur,0,0,9.5,1.01,0,0,10.51,-10.51,0.23
Odisha,Cuttack,Tigiria,8,Hatanala,0,0.21,7.77,0,0,0,7.77,-7.56,0.02
Odisha,Cuttack,Tigiria,9,Jemadeipur,0,0,7.71,2.5,0,0,10.21,-10.21,0
Odisha,Cuttack,Tigiria,10,Nizigargh,0,1.22,4.28,0.89,0,0,5.17,-3.95,0.01
Odisha,Cuttack,Tigiria,11,Nuapatna,0,0,3.88,1.8,0,0,5.68,-5.68,0.15
Odisha,Cuttack,Tigiria,12,Panchagaon,0,0,2.62,0,0,0,2.62,-2.62,0.09
Odisha,Cuttack,Tigiria,13,Puruna Tigiria,0,0,5.38,0,0,0,5.38,-5.38,0.11
Odisha,Cuttack,Tigiria,14,Sompada,0,0,7.37,9.39,0,0,16.76,-16.76,0.14
Odisha,Cuttack,Tigiria,,Total,0,1.52,83.8,15.59,0,0,99.39,-97.87,1.45
Odisha,Cuttack,Tigiria,,Block Level Line Deptt.,0,0,81.85,21.13,0,0,102.98,-102.98,0.27
Odisha,Cuttack,Tigiria,,Po,0,0,81.85,33.75,0.15,0,115.75,-115.75,3.07
Odisha,Cuttack,Tigiria,,Grand Total,0,177.27,165.65,49.34,0.15,14.48,229.62,-52.35,4.52
Odisha,JAGATSINGHAPUR  ,Tigiria,1,Adhanga,-0.36,-0.36,0.91,0,0,0,0.91,-1.27,0
Odisha,JAGATSINGHAPUR  ,Tigiria,2,Alabol,-2.14,-2.14,0.27,0,0,0,0.27,-2.41,0
Odisha,JAGATSINGHAPUR  ,Balikuda,3,Alaver,-4.44,-4.28,0.99,0,0,0,0.99,-5.27,0
Odisha,JAGATSINGHAPUR  ,Balikuda,4,Ambasal,0,0,0.53,0,0,0,0.53,-0.53,0
Odisha,JAGATSINGHAPUR  ,Balikuda,5,Anantapur,0,0,0.42,0,0,0,0.42,-0.42,0.01
Odisha,JAGATSINGHAPUR  ,Balikuda,6,Apandara,1.99,1.99,1.06,4.16,0.05,0,5.27,-3.28,0.02
Odisha,JAGATSINGHAPUR  ,Balikuda,7,Arilo,0,0,0.49,0,0,0,0.49,-0.49,0
Odisha,JAGATSINGHAPUR  ,Balikuda,8,Badagaon,3.32,3.32,0.82,0,0,0,0.82,2.5,0
Odisha,JAGATSINGHAPUR  ,Balikuda,9,Baharana,-0.83,-0.83,0.9,0,0,0,0.9,-1.73,0
Odisha,JAGATSINGHAPUR  ,Balikuda,10,Balikuda,-0.6,-0.45,0.63,0,0,0,0.63,-1.08,0
Odisha,JAGATSINGHAPUR  ,Balikuda,11,Baramundali,-0.36,-0.36,0.59,0,0,0,0.59,-0.95,0
Odisha,JAGATSINGHAPUR  ,Balikuda,12,Borikina,0,0,0.88,0,0,0,0.88,-0.88,0
Odisha,JAGATSINGHAPUR  ,Balikuda,13,Garama,-2.37,-2.37,0.33,0,0,0,0.33,-2.7,0.06
Odisha,JAGATSINGHAPUR  ,Balikuda,14,Ichhapur,0.04,0.04,0.8,0,0,0,0.8,-0.76,0.08
Odisha,JAGATSINGHAPUR  ,Balikuda,15,Kalio,1.22,1.22,0.59,0,0,0,0.59,0.63,0
Odisha,JAGATSINGHAPUR  ,Balikuda,16,Khalagaon,0,0,0.79,0,0,0,0.79,-0.79,0
Odisha,JAGATSINGHAPUR  ,Balikuda,17,Krushnadaspur,-0.04,-0.04,0.35,0,0,0,0.35,-0.39,0
Odisha,JAGATSINGHAPUR  ,Balikuda,18,Kusupur,-4.36,-4.36,0.89,4.17,0.05,0,5.11,-9.47,0.02
Odisha,JAGATSINGHAPUR  ,Balikuda,19,Machhagaon,0,0,0.45,0,0,0,0.45,-0.45,0
Odisha,JAGATSINGHAPUR  ,Balikuda,20,Marichpur,0,0,0.64,0,0,0,0.64,-0.64,0
Odisha,JAGATSINGHAPUR  ,Balikuda,21,Mulugaon,5.43,5.43,0.78,2.03,0.02,0,2.83,2.6,0
Odisha,JAGATSINGHAPUR  ,Balikuda,22,Nagapur,1.5,1.5,0.27,0,0,0,0.27,1.23,0
Odisha,JAGATSINGHAPUR  ,Balikuda,23,Naharana,-0.18,-0.18,0.72,0,0,0,0.72,-0.9,0.01
Odisha,JAGATSINGHAPUR  ,Balikuda,24,Osakana,9.68,9.68,0.87,0,0,0,0.87,8.81,0
Odisha,JAGATSINGHAPUR  ,Balikuda,25,Rahan,1.66,1.66,0.17,0,0,0,0.17,1.49,0
Odisha,JAGATSINGHAPUR  ,Balikuda,26,Sangrampur,-2.79,-2.79,0.18,0,0,0,0.18,-2.97,0
Odisha,JAGATSINGHAPUR  ,Balikuda,27,Tandikula,2.49,2.49,0.35,0,0,0,0.35,2.14,0
Odisha,JAGATSINGHAPUR  ,Balikuda,28,Tarasahi,0.12,0.12,0.31,0,0,0,0.31,-0.19,0.04
Odisha,JAGATSINGHAPUR  ,Balikuda,29,Thailo,-3.13,-3.13,0.42,0,0,0,0.42,-3.55,0
Odisha,JAGATSINGHAPUR  ,Balikuda,30,Titira,0.22,0.22,0.91,0,0,0,0.91,-0.7,0
Odisha,JAGATSINGHAPUR  ,Balikuda,,Total,6.07,6.38,18.3,10.36,0.12,0,28.78,-22.4,0.23
Odisha,JAGATSINGHAPUR  ,Balikuda,,Block Level Line Deptt.,-26.57,-26.57,236.17,31.88,0.31,0,268.36,-294.93,6.25
Odisha,JAGATSINGHAPUR  ,Balikuda,,Po,-1.85,307.96,0,NA,NA,21.05,21.05,286.91,NA
Odisha,JAGATSINGHAPUR  ,Balikuda,,Grand Total,-22.35,287.77,254.47,42.24,0.43,21.05,318.19,-30.42,6.48
Odisha,JAGATSINGHAPUR  ,Balikuda,1,Adhang Majurai,0.06,4.99,7.96,0,0,0,7.96,-2.98,0.1
Odisha,JAGATSINGHAPUR  ,Biridi,2,Adhanga-Garh,-0.03,0.64,1.56,0.05,0,0,1.61,-0.96,0
Odisha,JAGATSINGHAPUR  ,Biridi,3,Alando,0,1.83,1.11,1.07,0.05,0,2.23,-0.41,0
Odisha,JAGATSINGHAPUR  ,Biridi,4,Arana,-0.01,2.93,2.51,0.4,0,0,2.92,0.01,0
Odisha,JAGATSINGHAPUR  ,Biridi,5,Bada-Khandeita,-0.36,1.52,1.8,0.24,0,0,2.05,-0.53,0
Odisha,JAGATSINGHAPUR  ,Biridi,6,Bagalpur,0.44,2.62,2.29,0.1,0,0,2.39,0.23,0
Odisha,JAGATSINGHAPUR  ,Biridi,7,Baredia,0.2,0.92,0.07,0.55,0.02,0,0.65,0.27,0.5
Odisha,JAGATSINGHAPUR  ,Biridi,8,Basandara,-0.08,1.49,0.46,0.95,0.05,0,1.46,0.03,0
Odisha,JAGATSINGHAPUR  ,Biridi,9,Batimira,-0.02,0.26,0.14,0.22,0,0,0.36,-0.09,0.09
Odisha,JAGATSINGHAPUR  ,Biridi,10,Budhapada,-0.1,2.18,1.64,1.05,0,0,2.68,-0.5,0
Odisha,JAGATSINGHAPUR  ,Biridi,11,Daradagram,0.51,1.42,0.96,0,0,0,0.96,0.47,0
Odisha,JAGATSINGHAPUR  ,Biridi,12,Gopinathpur,-0.01,-0.01,0.26,0,0,0,0.26,-0.27,0.03
Odisha,JAGATSINGHAPUR  ,Biridi,13,Hajipur,0.59,1.02,0.8,0,0,0,0.8,0.23,0.02
Odisha,JAGATSINGHAPUR  ,Biridi,14,Kulakaijanga,-0.01,0.34,0.83,0,0,0,0.84,-0.5,0
Odisha,JAGATSINGHAPUR  ,Biridi,15,Manguli,0.41,0.41,0.56,0,0,0,0.56,-0.16,0.01
Odisha,JAGATSINGHAPUR  ,Biridi,16,Puran,-1.03,2.8,4.07,0.49,0,0,4.55,-1.75,0
Odisha,JAGATSINGHAPUR  ,Biridi,17,Sadheisasan,0.67,0.78,0.19,0,0,0,0.19,0.58,0.17
Odisha,JAGATSINGHAPUR  ,Biridi,18,Sankhapur,-0.06,1.73,1.56,0.1,0,0,1.66,0.07,0
Odisha,JAGATSINGHAPUR  ,Biridi,19,Sivapur,0,0.88,1.02,0.99,0.01,0,2.03,-1.15,0
Odisha,JAGATSINGHAPUR  ,Biridi,20,Ukundara,-0.01,0.76,0.83,0.1,0,0,0.93,-0.17,0.01
Odisha,JAGATSINGHAPUR  ,Biridi,21,Uttarsasan,-0.12,15.51,18.09,0,0,0,18.08,-2.57,0.14
Odisha,JAGATSINGHAPUR  ,Biridi,,Total,1.04,45.01,48.72,6.32,0.13,0,55.17,-10.16,1.08
Odisha,JAGATSINGHAPUR  ,Biridi,,Block Level Line Deptt.,-0.07,-0.07,34.11,1.42,0,0,35.53,-35.6,0.56
Odisha,JAGATSINGHAPUR  ,Biridi,,Po,4.62,65.26,0,NA,NA,9.67,9.67,55.59,NA
Odisha,JAGATSINGHAPUR  ,Biridi,,Grand Total,5.6,110.2,82.83,7.74,0.13,9.67,100.37,9.83,1.64
Odisha,JAGATSINGHAPUR  ,Biridi,1,Ambiki,0.27,8.68,1.29,8.41,0,0,9.7,-1.01,0
Odisha,JAGATSINGHAPUR  ,Erasama,2,Baleipur,2.04,2.04,2.17,0,0,0,2.17,-0.13,0.19
Odisha,JAGATSINGHAPUR  ,Erasama,3,Balitutha,0.51,0.51,2.37,0,0,0,2.37,-1.86,0.01
Odisha,JAGATSINGHAPUR  ,Erasama,4,Bamadeipur,1.22,1.22,12.19,0,0,0,12.19,-10.97,0.09
Odisha,JAGATSINGHAPUR  ,Erasama,5,Bhitarandhari,-0.4,-0.4,4.18,0,0,0,4.18,-4.58,0.02
Odisha,JAGATSINGHAPUR  ,Erasama,6,Chatua,0.28,3.28,5.15,3,0,0,8.15,-4.87,0.2
Odisha,JAGATSINGHAPUR  ,Erasama,7,Dhinkia,0,0,5.2,2.08,0.1,0,7.38,-7.38,0
Odisha,JAGATSINGHAPUR  ,Erasama,8,Ersama,0.09,0.09,1.35,0,0,0,1.35,-1.26,0.08
Odisha,JAGATSINGHAPUR  ,Erasama,9,Gadabisunpur,1.31,31.08,8.13,28.97,0.16,0,37.26,-6.19,0.69
Odisha,JAGATSINGHAPUR  ,Erasama,10,Gadaharishpur,0.64,0.64,25.01,1.88,0,0,26.89,-26.25,1.51
Odisha,JAGATSINGHAPUR  ,Erasama,11,Gadakujanga,0.08,0.08,5.18,0,0,0,5.18,-5.1,0.06
Odisha,JAGATSINGHAPUR  ,Erasama,12,Goda,0.04,5.04,24.06,5,0,0,29.06,-24.02,0.42
Odisha,JAGATSINGHAPUR  ,Erasama,13,Janakdeipur,-3.18,-3.18,7.42,3.1,0,0,10.52,-13.71,0.34
Odisha,JAGATSINGHAPUR  ,Erasama,14,Japa,3.34,3.34,0.96,0,0,0,0.96,2.38,0
Odisha,JAGATSINGHAPUR  ,Erasama,15,Jirailo,-2.39,-2.39,2.14,0,0,0,2.14,-4.54,0
Odisha,JAGATSINGHAPUR  ,Erasama,16,Krushnachandrapur,0.79,0.79,12.21,11.47,0.4,0,24.07,-23.28,0.35
Odisha,JAGATSINGHAPUR  ,Erasama,17,Kunjakothi,7.35,7.35,7.54,0,0,0,7.54,-0.18,0.12
Odisha,JAGATSINGHAPUR  ,Erasama,18,Nardia,-4.88,-4.88,3.25,0,0,0,3.25,-8.13,0.35
Odisha,JAGATSINGHAPUR  ,Erasama,19,Nuadihi,2.75,2.75,2.92,0,0,0,2.92,-0.17,0.06
Odisha,JAGATSINGHAPUR  ,Erasama,20,Nuagaon,4.94,4.94,6.06,0,0,0,6.06,-1.12,0.02
Odisha,JAGATSINGHAPUR  ,Erasama,21,Padmapur,1.7,3.45,10.8,2,0,0,12.79,-9.34,0.83
Odisha,JAGATSINGHAPUR  ,Erasama,22,Paida,-0.43,-0.43,4.81,1.8,0,0,6.61,-7.04,0.18
Odisha,JAGATSINGHAPUR  ,Erasama,23,Pallikanta,0.27,0.27,1.57,0,0,0,1.57,-1.3,0
Odisha,JAGATSINGHAPUR  ,Erasama,24,Pokhariapada,0.47,0.47,2.37,0,0,0,2.37,-1.9,0.11
Odisha,JAGATSINGHAPUR  ,Erasama,25,Somepur,0.86,0.86,9.09,5.32,0.81,0,15.22,-14.36,0.05
Odisha,JAGATSINGHAPUR  ,Erasama,,Total,17.67,65.59,167.41,73.03,1.47,0,241.91,-176.32,5.68
Odisha,JAGATSINGHAPUR  ,Erasama,,Block Level Line Deptt.,-28.38,-28.38,96.38,44.79,1.15,0,142.32,-170.7,2.36
Odisha,JAGATSINGHAPUR  ,Erasama,,Po,1,343.8,0,NA,NA,23.6,23.6,320.2,NA
Odisha,JAGATSINGHAPUR  ,Erasama,,Grand Total,-9.71,381.01,263.79,117.82,2.62,23.6,407.83,-26.82,8.04
Odisha,JAGATSINGHAPUR  ,Erasama,1,Alasudha,0,0,1.95,0,0,0,1.95,-1.95,0.05
Odisha,JAGATSINGHAPUR  ,Jagatsinghpur,2,Alipingal,0.98,1.22,4.56,7.26,0,0,11.82,-10.6,0.02
Odisha,JAGATSINGHAPUR  ,Jagatsinghpur,3,Anla,0.37,0.91,4.77,0.2,0,0,4.97,-4.07,0.05
Odisha,JAGATSINGHAPUR  ,Jagatsinghpur,4,Ayara,1.89,2.05,1.13,0.02,0,0,1.15,0.9,0
Odisha,JAGATSINGHAPUR  ,Jagatsinghpur,5,Balarampur,0.52,0.52,3.23,0,0,0,3.23,-2.72,0
Odisha,JAGATSINGHAPUR  ,Jagatsinghpur,6,Jahanpur,1.79,10.71,3.54,8.17,0,0,11.71,-1,0
Odisha,JAGATSINGHAPUR  ,Jagatsinghpur,7,Jankoti,-5.46,-5.46,2.65,0,0,0,2.65,-8.11,0
Odisha,JAGATSINGHAPUR  ,Jagatsinghpur,8,Josobantapur,0.59,1.6,5.45,5.32,0,0,10.77,-9.17,0.1
Odisha,JAGATSINGHAPUR  ,Jagatsinghpur,9,Kaduapada,0.74,1.17,1.77,1.78,0,0,3.55,-2.38,0.07
Odisha,JAGATSINGHAPUR  ,Jagatsinghpur,10,Kantillo,-1.38,4.85,4.35,4.31,0,0,8.65,-3.8,0.03
Odisha,JAGATSINGHAPUR  ,Jagatsinghpur,11,Khairanga,1.67,4.79,6.44,5.53,0,0,11.97,-7.18,0
Odisha,JAGATSINGHAPUR  ,Jagatsinghpur,12,Madhusudanpur Sasan,-0.8,-0.8,2.38,2.31,0,0,4.69,-5.49,0
Odisha,JAGATSINGHAPUR  ,Jagatsinghpur,13,Mandasahi,-0.01,0.81,5.71,0.1,0,0,5.81,-5,0
Odisha,JAGATSINGHAPUR  ,Jagatsinghpur,14,Mudupur,0.19,0.19,0.97,4.75,0,0,5.72,-5.53,0.03
Odisha,JAGATSINGHAPUR  ,Jagatsinghpur,15,Odiso,0.08,20.55,3.24,19.89,0,0,23.13,-2.58,0.05
Odisha,JAGATSINGHAPUR  ,Jagatsinghpur,16,Palasol,0.1,0.23,1.36,2.38,0,0,3.74,-3.51,0.02
Odisha,JAGATSINGHAPUR  ,Jagatsinghpur,17,Palli,1.75,2.46,6.07,1.06,0,0,7.12,-4.67,0.02
Odisha,JAGATSINGHAPUR  ,Jagatsinghpur,18,Patasara,0.38,8.63,3.84,7.01,0,0,10.85,-2.22,0.03
Odisha,JAGATSINGHAPUR  ,Jagatsinghpur,19,Patenigaon,-0.62,1.87,8.47,0.96,0,0,9.43,-7.57,0.23
Odisha,JAGATSINGHAPUR  ,Jagatsinghpur,20,Piteipur,1.04,1.04,2.78,3.96,0,0,6.74,-5.7,0
Odisha,JAGATSINGHAPUR  ,Jagatsinghpur,21,Punanga,-0.48,0.42,2.77,3.69,0,0,6.47,-6.05,0
Odisha,JAGATSINGHAPUR  ,Jagatsinghpur,22,Rambadeipur,0.67,7.5,3.59,4.89,0,0,8.48,-0.98,0.08
Odisha,JAGATSINGHAPUR  ,Jagatsinghpur,23,Sabhamul,1.26,2.06,4.33,0.11,0,0,4.44,-2.38,0.01
Odisha,JAGATSINGHAPUR  ,Jagatsinghpur,24,Salijanga,-2.35,-0.71,10.73,5.01,0,0,15.74,-16.46,0.27
Odisha,JAGATSINGHAPUR  ,Jagatsinghpur,25,Samanga,0.03,2.48,1.71,1.78,0,0,3.5,-1.02,0
Odisha,JAGATSINGHAPUR  ,Jagatsinghpur,26,Sampur,-0.3,3.52,7.17,2.68,0,0,9.85,-6.33,0.14
Odisha,JAGATSINGHAPUR  ,Jagatsinghpur,27,Singarpur,0.29,1.08,2.85,0,0,0,2.85,-1.77,0
Odisha,JAGATSINGHAPUR  ,Jagatsinghpur,28,Taradapada,-1.01,-1.01,0.73,0,0,0,0.73,-1.75,0
Odisha,JAGATSINGHAPUR  ,Jagatsinghpur,29,Tartanga,-0.29,10.05,6.82,7.06,0,0,13.88,-3.83,0.07
Odisha,JAGATSINGHAPUR  ,Jagatsinghpur,30,Thumba Andeisahi,0.45,0.85,6.41,6.1,0,0,12.51,-11.66,0.07
Odisha,JAGATSINGHAPUR  ,Jagatsinghpur,,Total,2.1,83.57,121.77,106.34,0,0,228.11,-144.54,1.36
Odisha,JAGATSINGHAPUR  ,Jagatsinghpur,,Block Level Line Deptt.,0,0,0.63,0,0,0,0.63,-0.63,0.02
Odisha,JAGATSINGHAPUR  ,Jagatsinghpur,,Po,19.43,185.92,0,NA,NA,16.15,16.15,169.77,NA
Odisha,JAGATSINGHAPUR  ,Jagatsinghpur,,Grand Total,21.53,269.49,122.4,106.34,0,16.15,244.89,24.6,1.38
Odisha,JAGATSINGHAPUR  ,Jagatsinghpur,1,Agapal,0,0,4.59,0.1,0,0,4.69,-4.69,0.08
Odisha,JAGATSINGHAPUR  ,Kujang,2,Badabalikani,0.15,0.15,3.53,1.41,0,0,4.94,-4.78,0.09
Odisha,JAGATSINGHAPUR  ,Kujang,3,Bagadia,0.7,0.7,10.43,0,0,0,10.43,-9.73,0.45
Odisha,JAGATSINGHAPUR  ,Kujang,4,Bagoi,1.06,1.06,1.03,0,0,0,1.03,0.03,0
Odisha,JAGATSINGHAPUR  ,Kujang,5,Balia,0.44,0.44,7.49,0.1,0,0,7.59,-7.16,0.02
Odisha,JAGATSINGHAPUR  ,Kujang,6,Banito,-0.07,-0.07,1.82,1.47,0,0,3.3,-3.36,0.02
Odisha,JAGATSINGHAPUR  ,Kujang,7,Bhutumundei,-1.92,-1.92,1.49,0,0,0,1.49,-3.41,0
Odisha,JAGATSINGHAPUR  ,Kujang,8,Biswali,5.47,5.47,0.87,0,0,0,0.87,4.59,0
Odisha,JAGATSINGHAPUR  ,Kujang,9,Fatepur,1.09,1.09,3.2,1.55,0,0,4.74,-3.65,0.1
Odisha,JAGATSINGHAPUR  ,Kujang,10,Gandakipur,0.29,0.61,4.57,0.47,0,0,5.03,-4.43,0.05
Odisha,JAGATSINGHAPUR  ,Kujang,11,Garei,-0.54,-0.54,1.9,0,0,0,1.9,-2.44,0.03
Odisha,JAGATSINGHAPUR  ,Kujang,12,Gopiakuda,0.02,0.02,6.85,7.03,0,0,13.88,-13.86,0.19
Odisha,JAGATSINGHAPUR  ,Kujang,13,Gorada,1.34,1.34,1.49,1.44,0,0,2.93,-1.58,0.16
Odisha,JAGATSINGHAPUR  ,Kujang,14,Hansura,0.76,0.76,3.75,10.94,0,0,14.69,-13.92,0.02
Odisha,JAGATSINGHAPUR  ,Kujang,15,Kathakot,0.25,0.25,0.49,0,0,0,0.49,-0.24,0
Odisha,JAGATSINGHAPUR  ,Kujang,16,Kothi,-0.45,-0.45,4.05,0,0,0,4.05,-4.5,0.1
Odisha,JAGATSINGHAPUR  ,Kujang,17,Kujanga,-0.05,-0.05,1.8,0,0,0,1.8,-1.85,0.01
Odisha,JAGATSINGHAPUR  ,Kujang,18,Mallasahi,-0.03,0.33,3.07,0.2,0,0,3.27,-2.94,0
Odisha,JAGATSINGHAPUR  ,Kujang,19,Mangarajpur,3.01,3.01,5.18,0,0,0,5.18,-2.18,0.19
Odisha,JAGATSINGHAPUR  ,Kujang,20,Nuagarh,0.31,0.31,3.3,1.96,0,0,5.26,-4.95,0
Odisha,JAGATSINGHAPUR  ,Kujang,21,Pandua,1.03,1.03,7.49,8.28,0,0,15.77,-14.74,0.06
Odisha,JAGATSINGHAPUR  ,Kujang,22,Pankapal,-0.01,-0.01,8.81,0.83,0,0,9.65,-9.65,0.05
Odisha,JAGATSINGHAPUR  ,Kujang,23,Paradipgarh,0.13,0.13,2.96,4.46,0,0,7.43,-7.3,0.03
Odisha,JAGATSINGHAPUR  ,Kujang,24,Patapur,0.48,0.48,7.44,2.6,0,0,10.04,-9.56,0.02
Odisha,JAGATSINGHAPUR  ,Kujang,25,Potanai,1.54,1.54,3.1,0,0,0,3.1,-1.56,0.01
Odisha,JAGATSINGHAPUR  ,Kujang,26,Sailo,-0.02,1.27,13.93,0,0,0,13.93,-12.67,0.37
Odisha,JAGATSINGHAPUR  ,Kujang,27,Talapada,0.01,0.01,2.93,0,0,0,2.93,-2.92,0.03
Odisha,JAGATSINGHAPUR  ,Kujang,28,Zillanasi,2.59,2.59,3.13,0,0,0,3.13,-0.54,0.02
Odisha,JAGATSINGHAPUR  ,Kujang,,Total,17.6,19.56,120.71,42.83,0,0,163.54,-143.98,2.1
Odisha,JAGATSINGHAPUR  ,Kujang,,Block Level Line Deptt.,-13.94,-13.94,35.09,21.01,0,0,56.1,-70.04,1.26
Odisha,JAGATSINGHAPUR  ,Kujang,,Po,-8.71,199.94,0,NA,NA,18.72,18.72,181.22,NA
Odisha,JAGATSINGHAPUR  ,Kujang,,Grand Total,-5.05,205.56,155.8,63.84,0,18.72,238.36,-32.8,3.36
Odisha,JAGATSINGHAPUR  ,Kujang,1,Alana,-4.56,-4.56,9.06,3.42,0,0,12.48,-17.03,0.03
Odisha,JAGATSINGHAPUR  ,Naugaon,2,Bachhalo,-0.35,-0.35,1.43,0,0,0,1.43,-1.78,0
Odisha,JAGATSINGHAPUR  ,Naugaon,3,Bansa,-1.88,-1.88,3.76,2.39,0,0,6.15,-8.03,0
Odisha,JAGATSINGHAPUR  ,Naugaon,4,Dabar,-0.25,-0.25,3.58,0.16,0,0,3.74,-3.99,0
Odisha,JAGATSINGHAPUR  ,Naugaon,5,Deriki,-0.15,-0.15,1.25,0,0,0,1.25,-1.4,0
Odisha,JAGATSINGHAPUR  ,Naugaon,6,Gajarajpur,-0.11,-0.11,3.45,0.16,0,0,3.61,-3.72,0
Odisha,JAGATSINGHAPUR  ,Naugaon,7,Galadhari,-0.21,-0.21,1.43,2.14,0,0,3.57,-3.79,0.02
Odisha,JAGATSINGHAPUR  ,Naugaon,8,Ghodanso,-0.35,-0.35,4.89,3.48,0,0,8.38,-8.73,0
Odisha,JAGATSINGHAPUR  ,Naugaon,9,Jamugan,-0.04,-0.04,6,3.16,0,0,9.16,-9.2,0.01
Odisha,JAGATSINGHAPUR  ,Naugaon,10,Korua,-0.59,-0.59,3.2,0.4,0,0,3.6,-4.19,0.04
Odisha,JAGATSINGHAPUR  ,Naugaon,11,Naugan,-0.1,-0.1,2,1.12,0,0,3.12,-3.22,0
Odisha,JAGATSINGHAPUR  ,Naugaon,12,Nuagan,-1.45,-1.45,2.19,0,0,0,2.19,-3.64,0
Odisha,JAGATSINGHAPUR  ,Naugaon,13,Oskana,-0.58,-0.58,2.6,0,0,0,2.6,-3.17,0.03
Odisha,JAGATSINGHAPUR  ,Naugaon,14,Rohia,-0.3,-0.3,8.76,0.19,0,0,8.96,-9.26,0
Odisha,JAGATSINGHAPUR  ,Naugaon,15,Sikhar,-0.22,-0.22,6.45,0,0,0,6.45,-6.66,0.08
Odisha,JAGATSINGHAPUR  ,Naugaon,16,Tiruna,-0.27,-0.27,9.75,0.58,0,0,10.33,-10.6,0.05
Odisha,JAGATSINGHAPUR  ,Naugaon,,Total,-11.39,-11.39,69.81,17.2,0,0,87,-98.39,0.27
Odisha,JAGATSINGHAPUR  ,Naugaon,,Block Level Line Deptt.,-1.55,-1.55,4.26,3.84,0,0,8.11,-9.66,0.06
Odisha,JAGATSINGHAPUR  ,Naugaon,,Po,0,95.32,0,NA,NA,6.68,6.68,88.64,NA
Odisha,JAGATSINGHAPUR  ,Naugaon,,Grand Total,-12.94,82.38,74.07,21.04,0,6.68,101.79,-19.41,0.33
Odisha,JAGATSINGHAPUR  ,Naugaon,1,Adheikul,-0.74,-0.74,0.54,2.02,0,0,2.56,-3.3,0
Odisha,JAGATSINGHAPUR  ,Raghunathpur,2,Baragol,0,0.34,0.88,0.72,0,0,1.59,-1.25,0.06
Odisha,JAGATSINGHAPUR  ,Raghunathpur,3,Bidyadharpur,-0.83,-0.83,0.37,0,0,0,0.37,-1.2,0
Odisha,JAGATSINGHAPUR  ,Raghunathpur,4,Chhapada,-3.58,-3.58,1.21,0,0,0,1.21,-4.79,0.04
Odisha,JAGATSINGHAPUR  ,Raghunathpur,5,Chikinia,-2.13,-2,0.29,0.43,0,0,0.72,-2.72,0
Odisha,JAGATSINGHAPUR  ,Raghunathpur,6,Dharadharpur,0.66,0.66,0.67,0,0,0,0.67,-0.01,0
Odisha,JAGATSINGHAPUR  ,Raghunathpur,7,Eradanga,-0.9,-0.9,0.1,0,0,0,0.1,-1,0
Odisha,JAGATSINGHAPUR  ,Raghunathpur,8,Gualipur,2.46,2.52,1.32,0,0,0,1.32,1.2,0.01
Odisha,JAGATSINGHAPUR  ,Raghunathpur,9,Jagannathpur,1.67,1.79,0.85,0.17,0,0,1.02,0.77,0.02
Odisha,JAGATSINGHAPUR  ,Raghunathpur,10,Jaisol,0.4,0.4,0.48,0,0,0,0.48,-0.08,0
Odisha,JAGATSINGHAPUR  ,Raghunathpur,11,Puruna Basanta,1.62,1.62,0.48,1.91,0,0,2.39,-0.77,0
Odisha,JAGATSINGHAPUR  ,Raghunathpur,12,Puruna Odapada,1.12,1.17,0.59,0.28,0,0,0.87,0.3,0.01
Odisha,JAGATSINGHAPUR  ,Raghunathpur,13,Radhanga,-0.32,-0.32,0.63,0.25,0,0,0.87,-1.2,0.01
Odisha,JAGATSINGHAPUR  ,Raghunathpur,14,Raghunathpur,-1.35,-1.35,0.47,0.14,0,0,0.61,-1.96,0.02
Odisha,JAGATSINGHAPUR  ,Raghunathpur,15,Redhua,-1.06,0.73,2.34,0.55,0,0,2.9,-2.17,0.14
Odisha,JAGATSINGHAPUR  ,Raghunathpur,16,Sadeipur,-4.02,-3.97,0.57,0,0,0,0.57,-4.54,0.01
Odisha,JAGATSINGHAPUR  ,Raghunathpur,17,Tanra,0.91,0.91,0.56,1.35,0,0,1.9,-0.99,0
Odisha,JAGATSINGHAPUR  ,Raghunathpur,18,Tarapur,0.58,0.81,1.83,0,0,0,1.83,-1.03,0
Odisha,JAGATSINGHAPUR  ,Raghunathpur,19,Tarikund,0.67,0.76,0.37,0,0,0,0.37,0.39,0.05
Odisha,JAGATSINGHAPUR  ,Raghunathpur,,Total,-4.82,-1.98,14.55,7.83,0,0,22.37,-24.35,0.37
Odisha,JAGATSINGHAPUR  ,Raghunathpur,,Block Level Line Deptt.,-4.37,-4.37,65.39,0.03,0,0,65.43,-69.8,1.2
Odisha,JAGATSINGHAPUR  ,Raghunathpur,,Po,-55.74,42.32,0,NA,NA,7.42,7.42,34.9,NA
Odisha,JAGATSINGHAPUR  ,Raghunathpur,,Grand Total,-64.93,35.97,79.94,7.86,0,7.42,95.22,-59.25,1.57
Odisha,JAGATSINGHAPUR  ,Raghunathpur,1,Amberi,0.87,0.87,0.38,0,0,0,0.38,0.49,0
Odisha,JAGATSINGHAPUR  ,Tirtol,2,Biritol,-1.11,1.64,7.44,2.58,0.01,0,10.03,-8.38,0.01
Odisha,JAGATSINGHAPUR  ,Tirtol,3,Bishunpur,-0.42,-0.42,1.31,0,0,0,1.31,-1.73,0
Odisha,JAGATSINGHAPUR  ,Tirtol,4,Bodhei,2.38,2.38,0.8,0.09,0,0,0.89,1.5,0.02
Odisha,JAGATSINGHAPUR  ,Tirtol,5,Dainlo,-0.05,-0.05,0.66,0,0,0,0.66,-0.71,0
Odisha,JAGATSINGHAPUR  ,Tirtol,6,Garam,4.92,4.92,10.21,7.96,1.1,0,19.27,-14.35,0.2
Odisha,JAGATSINGHAPUR  ,Tirtol,7,Gobindapur,-0.63,-0.63,5.92,0,0,0,5.92,-6.55,0.03
Odisha,JAGATSINGHAPUR  ,Tirtol,8,Gopalapur,-3.53,-1.07,5.37,2.42,0.08,0,7.87,-8.94,0.01
Odisha,JAGATSINGHAPUR  ,Tirtol,9,Gopalpur(S),3.89,16.63,5.33,13.09,0.66,0,19.08,-2.45,0.12
Odisha,JAGATSINGHAPUR  ,Tirtol,10,Ibrisingh,0.01,0.01,0.5,1.63,0.22,0,2.35,-2.34,0.03
Odisha,JAGATSINGHAPUR  ,Tirtol,11,Jadatira,-0.09,-0.09,1.38,3.84,0.49,0,5.71,-5.81,0
Odisha,JAGATSINGHAPUR  ,Tirtol,12,Jagannathapur,-1.89,-1.89,0.77,0,0,0,0.77,-2.66,0
Odisha,JAGATSINGHAPUR  ,Tirtol,13,Kanakpur,1.09,1.21,0.23,0.56,0.01,0,0.79,0.42,0
Odisha,JAGATSINGHAPUR  ,Tirtol,14,Kanimul,3.88,3.88,1.27,1.7,0.25,0,3.22,0.66,0
Odisha,JAGATSINGHAPUR  ,Tirtol,15,Katara,5.01,5.01,2.02,0,0,0,2.02,2.99,0.24
Odisha,JAGATSINGHAPUR  ,Tirtol,16,Kolar,-8.32,-8,6.21,5.17,0.78,0,12.16,-20.16,0.01
Odisha,JAGATSINGHAPUR  ,Tirtol,17,Kosti Mallikapur,-2.47,-1.54,7.52,4.11,0.68,0,12.32,-13.85,0
Odisha,JAGATSINGHAPUR  ,Tirtol,18,Krushnanandapur,-0.62,-0.62,1.51,6.12,0.82,0,8.45,-9.06,0
Odisha,JAGATSINGHAPUR  ,Tirtol,19,Manijanga,-0.01,0.53,3.1,4,0.56,0,7.66,-7.13,0
Odisha,JAGATSINGHAPUR  ,Tirtol,20,Mulisingh,7.5,9.84,7.22,5.31,0.55,0,13.08,-3.24,0.01
Odisha,JAGATSINGHAPUR  ,Tirtol,21,Patilo,1.5,1.5,8.02,4.14,0.41,0,12.58,-11.07,0.22
Odisha,JAGATSINGHAPUR  ,Tirtol,22,Pippalmadhab,0,0,1.72,3.59,0.47,0,5.79,-5.79,0
Odisha,JAGATSINGHAPUR  ,Tirtol,23,Poragadei,1.92,1.92,2.71,1.09,0.14,0,3.94,-2.02,0
Odisha,JAGATSINGHAPUR  ,Tirtol,24,Samantarapur,-0.1,3.42,4.21,5.13,0.48,0,9.82,-6.39,0.01
Odisha,JAGATSINGHAPUR  ,Tirtol,25,Sanra,-0.66,1.87,0.58,2.53,0,0,3.12,-1.25,0
Odisha,JAGATSINGHAPUR  ,Tirtol,26,Tarjanga,-0.08,0.03,1.01,0.22,0,0,1.23,-1.2,0.05
Odisha,JAGATSINGHAPUR  ,Tirtol,27,Tentulipada,0,0,0.25,0.25,0,0,0.5,-0.5,0
Odisha,JAGATSINGHAPUR  ,Tirtol,28,Tirtol,0.45,0.45,0.51,0.09,0,0,0.6,-0.14,0.03
Odisha,JAGATSINGHAPUR  ,Tirtol,29,Tulanga,7.16,16.12,3.78,5.31,0.04,0,9.12,7,0
Odisha,JAGATSINGHAPUR  ,Tirtol,,Total,20.59,57.95,91.93,80.93,7.77,0,180.62,-122.68,0.99
Odisha,JAGATSINGHAPUR  ,Tirtol,,Block Level Line Deptt.,4.04,4.04,57.64,3.82,0.35,0,61.81,-57.77,0.8
Odisha,JAGATSINGHAPUR  ,Tirtol,,Po,-2.43,226.56,0,NA,NA,17.92,17.92,208.64,NA
Odisha,JAGATSINGHAPUR  ,Tirtol,,Grand Total,22.2,288.55,149.57,84.75,8.12,17.92,260.35,28.19,1.79
Odisha,Kendrapara,Tirtol,1,Aradanga,0,0,11.28,1.73,0,0,13.01,-13.01,0.14
Odisha,Kendrapara,Aul,2,Aragal,0,0,9.04,0,0,0,9.04,-9.04,0.12
Odisha,Kendrapara,Aul,3,Arehikana,0,0,13.29,1.95,0,0,15.24,-15.24,0.53
Odisha,Kendrapara,Aul,4,Atala,0,1.98,12.21,2.45,0,0,14.66,-12.68,0.67
Odisha,Kendrapara,Aul,5,Badambila,0,0,22.36,5.49,0,0,27.84,-27.84,0.5
Odisha,Kendrapara,Aul,6,Balakati,0,0,19.09,0,0,0,19.09,-19.09,0.18
Odisha,Kendrapara,Aul,7,Batipada,0,0,11.54,0,0,0,11.54,-11.54,0.4
Odisha,Kendrapara,Aul,8,Bhuin Pur,0,1.52,11.88,1.12,0,0,13,-11.48,0.61
Odisha,Kendrapara,Aul,9,Chandia Gadi,0,0,4.74,4.75,0,0,9.5,-9.5,0.97
Odisha,Kendrapara,Aul,10,Dasipur,0,0,10.55,0,0,0,10.55,-10.55,0.06
Odisha,Kendrapara,Aul,11,Demal,0,0,11.13,0,0,0,11.13,-11.13,0.08
Odisha,Kendrapara,Aul,12,Desahi,0,0,10.63,2.68,0,0,13.31,-13.31,0.25
Odisha,Kendrapara,Aul,13,Dimiripala,0,0,17.1,0,0,0,17.1,-17.1,0.27
Odisha,Kendrapara,Aul,14,Ekmania,0,0,6.64,1.78,0,0,8.42,-8.42,0.04
Odisha,Kendrapara,Aul,15,Gobindpur,0,2.27,12.35,3.83,0,0,16.18,-13.91,0.44
Odisha,Kendrapara,Aul,16,Juania,0,0,18.59,6.54,0,0,25.13,-25.13,0.82
Odisha,Kendrapara,Aul,17,Kalash Pur,0,0,8.25,0,0,0,8.25,-8.25,0.33
Odisha,Kendrapara,Aul,18,Ketuapala,0,0,3.94,0.95,0,0,4.89,-4.89,0
Odisha,Kendrapara,Aul,19,Kolidiha,0,5.28,10.35,8.93,0,0,19.28,-14,0.01
Odisha,Kendrapara,Aul,20,Mahu,0,0,8.58,0,0,0,8.58,-8.58,0.08
Odisha,Kendrapara,Aul,21,Manikapatana,0,0,13.79,0,0,0,13.79,-13.79,0.31
Odisha,Kendrapara,Aul,22,Mendha Pur,0,4.98,42.61,2.79,0,0,45.39,-40.41,0.47
Odisha,Kendrapara,Aul,23,Narendra Pur,0,0,33.18,0,0,0,33.18,-33.18,0.57
Odisha,Kendrapara,Aul,24,Niala,0,0,24.43,7.42,0,0,31.85,-31.85,0.43
Odisha,Kendrapara,Aul,25,Nuapada,0,0,8.29,0.1,0,0,8.4,-8.4,0.39
Odisha,Kendrapara,Aul,26,Padanipala,0,1.71,6.29,18.06,0,0,24.36,-22.64,0.08
Odisha,Kendrapara,Aul,27,Palimi,0,0,2.31,2.87,0,0,5.18,-5.18,0
Odisha,Kendrapara,Aul,28,Patra Pur,0,2.46,25.29,0.51,0,0,25.8,-23.34,0
Odisha,Kendrapara,Aul,29,Petapada,0,0,8.49,0,0,0,8.49,-8.49,0.17
Odisha,Kendrapara,Aul,30,Sahira,0,0,5.59,0,0,0,5.59,-5.59,0.49
Odisha,Kendrapara,Aul,31,Sanamanga,0,4.62,16.19,4.29,0,0,20.48,-15.87,0.17
Odisha,Kendrapara,Aul,32,Sansidha,0,0,15.65,0,0,0,15.65,-15.65,0.11
Odisha,Kendrapara,Aul,33,Singiri,0,0.55,17.55,0.54,0,0,18.09,-17.54,1.3
Odisha,Kendrapara,Aul,34,Tunga,0,0,11.63,7.81,0,0,19.45,-19.45,0.09
Odisha,Kendrapara,Aul,,Total,0,25.37,464.86,86.57,0,0,551.43,-526.06,11.09
Odisha,Kendrapara,Aul,,Block Level Line Deptt.,0,0,12.52,33.82,0,0,46.35,-46.35,0.73
Odisha,Kendrapara,Aul,,Po,0,570.74,0,NA,NA,33.32,33.32,537.42,NA
Odisha,Kendrapara,Aul,,Grand Total,0,596.11,477.38,120.39,0,33.32,631.1,-34.99,11.82
Odisha,Kendrapara,Aul,1,Balia,0,1.38,8.24,1.69,0.01,0,9.94,-8.55,0.02
Odisha,Kendrapara,Derabish,2,Barimul,0,23.92,22.01,11.31,0.12,0,33.44,-9.51,0.03
Odisha,Kendrapara,Derabish,3,Basupur,0,6.83,16.47,7.3,0.07,0,23.84,-17.01,0.14
Odisha,Kendrapara,Derabish,4,Benipur,0,0.1,5.51,3.42,0,0,8.93,-8.83,0.03
Odisha,Kendrapara,Derabish,5,Chandol,0,0.9,10.8,2.32,0,0,13.12,-12.21,0.21
Odisha,Kendrapara,Derabish,6,Chatrachakoda,0,6.23,6.25,5.15,0,0,11.41,-5.18,0.14
Odisha,Kendrapara,Derabish,7,Chhoti,0,10.16,15.93,9.28,0.03,0,25.25,-15.09,0.12
Odisha,Kendrapara,Derabish,8,Danpur,0,12.31,4.83,12.07,0.01,0,16.92,-4.61,0.03
Odisha,Kendrapara,Derabish,9,Endara,0,4.69,7.64,8.66,0.04,0,16.33,-11.65,0
Odisha,Kendrapara,Derabish,10,Golarhat,0,23.22,10.35,13.7,0.13,0,24.17,-0.95,0.09
Odisha,Kendrapara,Derabish,11,Gualsing,0,14.39,5.34,13.7,0.07,0,19.1,-4.71,0
Odisha,Kendrapara,Derabish,12,Harianka,0,3.3,8.63,8.1,0.03,0,16.76,-13.46,0.06
Odisha,Kendrapara,Derabish,13,Indalo,0,25.72,18.18,18.03,0.08,0,36.29,-10.57,0
Odisha,Kendrapara,Derabish,14,Janara Barimula,0,8.25,5.46,9.19,0.06,0,14.71,-6.45,0
Odisha,Kendrapara,Derabish,15,Kaupada,0,3.49,6.78,5.66,0.02,0,12.46,-8.97,0.07
Odisha,Kendrapara,Derabish,16,Khamola,0,13.14,7.4,8.77,0.03,0,16.2,-3.06,0.17
Odisha,Kendrapara,Derabish,17,Kurujanga,0,5.19,7.66,12.23,0.04,0,19.94,-14.75,0.15
Odisha,Kendrapara,Derabish,18,Kusiapal,0,11.01,10.56,13.6,0.05,0,24.21,-13.21,0.07
Odisha,Kendrapara,Derabish,19,L.N.Pur,0,0.17,11.19,2.62,0,0,13.81,-13.64,0.01
Odisha,Kendrapara,Derabish,20,Mangalpur,0,4.18,8.18,7.13,0,0,15.31,-11.13,0.01
Odisha,Kendrapara,Derabish,21,Mukundapur,0,6.24,5.83,12.58,0.09,0,18.5,-12.26,0.15
Odisha,Kendrapara,Derabish,22,Nahanga,0,2.21,8.07,4.51,0.01,0,12.59,-10.38,0.03
Odisha,Kendrapara,Derabish,23,Narasinghpur,0,9.79,10.75,11.81,0.05,0,22.61,-12.82,0.13
Odisha,Kendrapara,Derabish,24,Palei,0,1.8,2.11,2.4,0.01,0,4.52,-2.72,0.05
Odisha,Kendrapara,Derabish,25,R.K.Sahi,0,15.2,9.25,12.95,0.09,0,22.29,-7.1,0.01
Odisha,Kendrapara,Derabish,26,Raghudeipur,0,2.25,12.78,8.95,0,0,21.73,-19.49,0.01
Odisha,Kendrapara,Derabish,,Total,0,216.06,246.19,227.12,1.06,0,474.37,-258.32,1.73
Odisha,Kendrapara,Derabish,,Block Level Line Deptt.,0,0,11.84,12.61,0.03,0.56,25.05,-25.05,0.23
Odisha,Kendrapara,Derabish,,Po,0,294.12,0,NA,NA,27.89,27.89,266.23,NA
Odisha,Kendrapara,Derabish,,Grand Total,0,510.18,258.03,239.73,1.09,28.45,527.31,-17.14,1.96
Odisha,Kendrapara,Derabish,1,Badabetara,0,13.79,10.19,12.26,0,0,22.44,-8.66,0.01
Odisha,Kendrapara,Garadapur,2,Bangalapur,0,0,2,4.23,0,0,6.22,-6.22,0.01
Odisha,Kendrapara,Garadapur,3,Bantala,0,3.65,6.46,4.59,0,0,11.05,-7.41,0.14
Odisha,Kendrapara,Garadapur,4,Bedari,0,2.4,8.42,6.47,0,0,14.88,-12.48,0.16
Odisha,Kendrapara,Garadapur,5,Bhagabanpur,0,7.35,4.44,11.46,0,0,15.91,-8.56,0
Odisha,Kendrapara,Garadapur,6,Garadpur,0,10.17,6.65,8.21,0,0,14.87,-4.7,0.02
Odisha,Kendrapara,Garadapur,7,Kalabuda,0,5.34,7.53,7.32,0,0,14.85,-9.51,0.32
Odisha,Kendrapara,Garadapur,8,Madhusasana,0,0,2.56,0.03,0,0,2.59,-2.59,0.15
Odisha,Kendrapara,Garadapur,9,Nadiabarei,0,7.9,4.11,9.34,0,0,13.45,-5.55,0.01
Odisha,Kendrapara,Garadapur,10,Padmapur,0,2.4,3.36,5.26,0,0,8.62,-6.22,0
Odisha,Kendrapara,Garadapur,11,Pakhada,0,0,3.81,8.99,0,0,12.8,-12.8,0.06
Odisha,Kendrapara,Garadapur,12,Palasudha,0,0,1.82,3.55,0,0,5.37,-5.37,0.01
Odisha,Kendrapara,Garadapur,13,Patkura,0,7.27,7.3,12.45,0,0,19.75,-12.48,0.63
Odisha,Kendrapara,Garadapur,14,Ramachandra Pur,0,3.44,3.19,6.98,0,0,10.17,-6.72,0.21
Odisha,Kendrapara,Garadapur,15,Sanaadhanga,0,2.99,5.74,4.78,0,0,10.52,-7.53,0.13
Odisha,Kendrapara,Garadapur,16,Talakusuma,0,6.04,11.92,6.4,0,0,18.33,-12.29,0.15
Odisha,Kendrapara,Garadapur,17,Tikanpur,0,4.1,3.43,9.05,0,0,12.48,-8.38,0.46
Odisha,Kendrapara,Garadapur,18,Tyendakuda,0,7.41,3.62,9.97,0,0,13.59,-6.17,0.16
Odisha,Kendrapara,Garadapur,,Total,0,84.26,96.55,131.34,0,0,227.89,-143.63,2.63
Odisha,Kendrapara,Garadapur,,Block Level Line Deptt.,-0.11,-0.11,39.96,59.35,0.06,1.04,100.41,-100.52,3.65
Odisha,Kendrapara,Garadapur,,Po,0,171.43,0,NA,NA,20.93,20.93,150.5,NA
Odisha,Kendrapara,Garadapur,,Grand Total,-0.11,255.58,136.51,190.69,0.06,21.97,349.23,-93.65,6.28
Odisha,Kendrapara,Garadapur,1,Ayaba,0,0,9.91,0,0,0,9.91,-9.91,0.03
Odisha,Kendrapara,Kendrapada,2,Bagada,0,0.4,9.98,0,0,0,9.98,-9.58,0.12
Odisha,Kendrapara,Kendrapada,3,Baro,0,0.86,19.58,2.84,0,0,22.42,-21.56,0.33
Odisha,Kendrapara,Kendrapada,4,Bhagabatpur,0,13.27,6.53,10.28,0,0,16.81,-3.54,0.08
Odisha,Kendrapara,Kendrapada,5,Bharatpur,0,14.02,7.95,13.61,0,0,21.57,-7.55,0
Odisha,Kendrapara,Kendrapada,6,Chakroda,0,8.54,8.06,7.15,0,0,15.21,-6.67,0
Odisha,Kendrapara,Kendrapada,7,Chandanpur,0,17.67,19.53,9.88,0,0,29.41,-11.75,0.08
Odisha,Kendrapara,Kendrapada,8,Charigaon,0,39.25,14.05,30.32,0,0,44.37,-5.12,0.16
Odisha,Kendrapara,Kendrapada,9,Dhola,0,5.34,4.08,6.07,0,0,10.14,-4.8,0.09
Odisha,Kendrapara,Kendrapada,10,Dhumat,0,6.19,7.89,5.05,0,0,12.94,-6.75,0.09
Odisha,Kendrapara,Kendrapada,11,Gangapada,0,0.74,7.44,11.89,0.07,0,19.39,-18.65,0.03
Odisha,Kendrapara,Kendrapada,12,Ghagara,0,14.27,10.56,10.94,0,0,21.51,-7.24,0.02
Odisha,Kendrapara,Kendrapada,13,Gulnagar,0,3.27,2.98,4.62,0,0,7.6,-4.33,0.07
Odisha,Kendrapara,Kendrapada,14,Indupur,0,4.54,8.67,9.24,0,0,17.9,-13.36,0.04
Odisha,Kendrapara,Kendrapada,15,Jamdhar,0,6.66,14.29,8.08,0.05,0,22.42,-15.76,0.03
Odisha,Kendrapara,Kendrapada,16,Kalapada,0,1.14,3.02,5.13,0,0,8.14,-7.01,0.02
Odisha,Kendrapara,Kendrapada,17,Kansar,0,9.7,11.75,8.37,0,0,20.12,-10.42,0
Odisha,Kendrapara,Kendrapada,18,Kapaleswar,0,16.84,7.38,13.62,0,0,21,-4.15,0.07
Odisha,Kendrapara,Kendrapada,19,Keshpur,0,0,7.08,0,0,0,7.08,-7.08,0
Odisha,Kendrapara,Kendrapada,20,Koro,0,0.78,8.02,0.18,0,0,8.2,-7.42,0.17
Odisha,Kendrapara,Kendrapada,21,Kutaranga,0,13.15,6.24,8.54,0,0,14.79,-1.64,0.22
Odisha,Kendrapara,Kendrapada,22,Nikirei,0,4.9,25.05,6.11,0.02,0,31.18,-26.28,0.27
Odisha,Kendrapara,Kendrapada,23,Ostapur,0,13.04,8.79,10.73,0,0,19.52,-6.48,0.02
Odisha,Kendrapara,Kendrapada,24,Palasingha,0,3.94,16.78,4.27,0,0,21.05,-17.11,0.35
Odisha,Kendrapara,Kendrapada,25,Purusottampur,0,0,3.9,0.56,0,0,4.47,-4.47,0.02
Odisha,Kendrapara,Kendrapada,26,Sanamantia,0,3.09,17.49,2.7,0,0,20.19,-17.1,0.27
Odisha,Kendrapara,Kendrapada,27,Shyamsundarpur,0,3.65,11.86,8.92,0,0,20.78,-17.13,0.09
Odisha,Kendrapara,Kendrapada,,Total,0,205.24,278.88,199.08,0.14,0,478.1,-272.86,2.67
Odisha,Kendrapara,Kendrapada,,Block Level Line Deptt.,0,0,13.01,60.57,0,0.08,73.66,-73.66,1.21
Odisha,Kendrapara,Kendrapada,,Po,0,329.05,0,NA,NA,22.08,22.08,306.97,NA
Odisha,Kendrapara,Kendrapada,,Grand Total,0,534.29,291.89,259.65,0.14,22.16,573.84,-39.55,3.88
Odisha,Kendrapara,Kendrapada,1,Alaeilo,0,17.32,15.25,5.43,0.06,0,20.73,-3.41,0.29
Odisha,Kendrapara,Mahakalapada,2,Ameipal,0,11.81,11.07,0.73,0,0,11.81,0,0.16
Odisha,Kendrapara,Mahakalapada,3,Badakula,0,20.1,18.04,4.28,0,0,22.33,-2.23,0.19
Odisha,Kendrapara,Mahakalapada,4,Badhi,0,19.66,18.94,2.22,0.02,0,21.18,-1.52,0
Odisha,Kendrapara,Mahakalapada,5,Balipala,0,21.07,21.46,3.14,0.04,0,24.63,-3.57,0.09
Odisha,Kendrapara,Mahakalapada,6,Baradanga,0,24.8,24.8,0,0,0,24.8,0,1.42
Odisha,Kendrapara,Mahakalapada,7,Barakandha,0,17.03,16.93,0.1,0,0,17.03,0,3.19
Odisha,Kendrapara,Mahakalapada,8,Batighar,0,5.84,5.95,0.62,0.01,0,6.57,-0.74,0.41
Odisha,Kendrapara,Mahakalapada,9,Baulakani,0,16.4,16.4,0,0,0,16.4,0,1.05
Odisha,Kendrapara,Mahakalapada,10,Bijayanagar,0,12.2,12.43,1.9,0.02,0,14.35,-2.15,2.63
Odisha,Kendrapara,Mahakalapada,11,Deulapada,0,18.17,18.27,1.14,0,0,19.4,-1.23,0.24
Odisha,Kendrapara,Mahakalapada,12,Gadaromita,0,4.88,4.69,0,0,0,4.69,0.19,0.16
Odisha,Kendrapara,Mahakalapada,13,Gagua,0,21.84,24.7,0,0,0,24.7,-2.86,3.54
Odisha,Kendrapara,Mahakalapada,14,Jadupur,0,5.72,5.71,0.11,0,0,5.81,-0.09,0.33
Odisha,Kendrapara,Mahakalapada,15,Jamboo,0,31.65,25.5,17.75,0.18,0,43.43,-11.77,1.83
Odisha,Kendrapara,Mahakalapada,16,Jayachandrapur,0,6.53,6.48,0,0,0,6.48,0.05,0.07
Odisha,Kendrapara,Mahakalapada,17,Kansar And Kansar Bada Dandua,0,27.43,26.72,0.67,0.04,0,27.43,0,0.22
Odisha,Kendrapara,Mahakalapada,18,Karnja,0,10.51,10.51,0,0,0,10.51,0,0.04
Odisha,Kendrapara,Mahakalapada,19,Kharinasi,0,14.72,14.51,2.87,0.03,0,17.41,-2.69,3.03
Odisha,Kendrapara,Mahakalapada,20,Khurusia,0,5.39,5.54,0,0,0,5.54,-0.15,0.03
Odisha,Kendrapara,Mahakalapada,21,Lanjura,0,18.93,19.37,2.95,0.03,0,22.36,-3.43,2.84
Odisha,Kendrapara,Mahakalapada,22,Mahakalapada,0,19.52,19.52,0,0,0,19.52,0,0.71
Odisha,Kendrapara,Mahakalapada,23,Mangal Pur,0,8.72,10.03,0.21,0,0,10.24,-1.52,0.4
Odisha,Kendrapara,Mahakalapada,24,Patalipanka,0,11.63,11.46,0,0,0,11.46,0.18,1.32
Odisha,Kendrapara,Mahakalapada,25,Petchhela,0,26.57,23.99,10.61,0.08,0,34.68,-8.11,0.66
Odisha,Kendrapara,Mahakalapada,26,Rajagada,0,10.9,11.34,3.03,0.04,0,14.41,-3.51,0.82
Odisha,Kendrapara,Mahakalapada,27,Ramnagar,0,18.08,17.97,0,0,0,17.97,0.11,0.21
Odisha,Kendrapara,Mahakalapada,28,Suniti,0,19.79,19.7,0.11,0,0,19.8,-0.01,0.07
Odisha,Kendrapara,Mahakalapada,29,Teragaon,0,14.59,14.46,0.13,0,0,14.59,0,3.32
Odisha,Kendrapara,Mahakalapada,30,Tikarapangaa,0,7.25,7.74,3.65,0,0,11.38,-4.13,0.01
Odisha,Kendrapara,Mahakalapada,31,Tikhirii,0,15.67,14.92,0.82,0.01,0,15.75,-0.08,3.26
Odisha,Kendrapara,Mahakalapada,,Total,0,484.73,474.4,62.46,0.55,0,537.41,-52.68,32.51
Odisha,Kendrapara,Mahakalapada,,Block Level Line Deptt.,-0.34,-0.34,38.16,35.65,0,0.7,74.51,-74.85,7.76
Odisha,Kendrapara,Mahakalapada,,Po,0,81.26,0,NA,NA,25.34,25.34,55.92,NA
Odisha,Kendrapara,Mahakalapada,,Grand Total,-0.34,565.65,512.56,98.11,0.55,26.04,637.26,-71.61,40.27
Odisha,Kendrapara,Mahakalapada,1,Aitipur,0,0,4.98,3.68,0.05,0,8.71,-8.71,0
Odisha,Kendrapara,Marsaghai,2,Akhuadakhini,0,0.29,10.07,0.03,0,0,10.1,-9.81,0.11
Odisha,Kendrapara,Marsaghai,3,Angulai,0,3.59,11.84,4.23,0.05,0,16.11,-12.52,0.15
Odisha,Kendrapara,Marsaghai,4,Antei,0,1.33,4,0.34,0.01,0,4.34,-3.01,0.08
Odisha,Kendrapara,Marsaghai,5,Bachharai,0,0.6,18.46,0.65,0,0,19.11,-18.51,0.08
Odisha,Kendrapara,Marsaghai,6,Bandhakata,0,2.57,8.09,1.8,0,0,9.89,-7.32,0.01
Odisha,Kendrapara,Marsaghai,7,Batira,0,0,2.57,0.09,0,0,2.66,-2.66,0.1
Odisha,Kendrapara,Marsaghai,8,Beruhan,0,2.64,10.46,3.89,0.03,0,14.37,-11.73,0.05
Odisha,Kendrapara,Marsaghai,9,Dasipur,0,0.95,8.5,0,0,0,8.5,-7.55,0.01
Odisha,Kendrapara,Marsaghai,10,Dumuka,0,1.15,7.59,1.83,0.01,0,9.43,-8.27,0.05
Odisha,Kendrapara,Marsaghai,11,Garajanga,0,0.82,18.79,0.82,0.01,0,19.62,-18.8,0.28
Odisha,Kendrapara,Marsaghai,12,Hindulia,0,3.16,5.2,3.07,0,0,8.28,-5.11,0.04
Odisha,Kendrapara,Marsaghai,13,Jalapoka,0,4.12,1.54,3.47,0.05,0,5.06,-0.94,0
Odisha,Kendrapara,Marsaghai,14,Jamapara,0,0,1.86,0.09,0,0,1.95,-1.95,0
Odisha,Kendrapara,Marsaghai,15,Karilopatana,0,0.41,2.95,1.52,0,0,4.46,-4.05,0
Odisha,Kendrapara,Marsaghai,16,Kuhudi,0,0.74,12.57,0.27,0,0,12.84,-12.1,0.16
Odisha,Kendrapara,Marsaghai,17,Mangarajpur,0,0,17.93,0.09,0,0,18.02,-18.02,1.43
Odisha,Kendrapara,Marsaghai,18,Manikunda,0,4.11,6.71,3.69,0.07,0,10.48,-6.36,0.03
Odisha,Kendrapara,Marsaghai,19,Marsaghai,0,0.86,14.56,0,0,0,14.56,-13.69,0.03
Odisha,Kendrapara,Marsaghai,20,Mehendinagar,0,2.84,2.31,2.53,0,0,4.85,-2.01,0.01
Odisha,Kendrapara,Marsaghai,21,Parakula,0,0.27,26.22,0.09,0,0,26.3,-26.03,0.13
Odisha,Kendrapara,Marsaghai,22,Raghabpur,0,0.93,2.06,0,0,0,2.06,-1.13,0.02
Odisha,Kendrapara,Marsaghai,23,Silipur,0,0.52,10.34,0,0,0,10.34,-9.82,0.08
Odisha,Kendrapara,Marsaghai,24,Talasanga,0,6.21,15.44,5.92,0.07,0,21.42,-15.22,0.05
Odisha,Kendrapara,Marsaghai,,Total,0,38.13,225.01,38.09,0.34,0,263.45,-225.32,2.89
Odisha,Kendrapara,Marsaghai,,Block Level Line Deptt.,0,0,20.16,22.33,0.07,0.2,42.76,-42.76,2.1
Odisha,Kendrapara,Marsaghai,,Po,0,265.01,0,NA,NA,21.26,21.26,243.75,NA
Odisha,Kendrapara,Marsaghai,,Grand Total,0,303.14,245.17,60.42,0.41,21.46,327.47,-24.33,4.99
Odisha,Kendrapara,Marsaghai,1,Alpua,0,14.16,10.41,5.44,0.05,0,15.9,-1.74,0.47
Odisha,Kendrapara,Pattamundai,2,Amrutamanohi,0,9.35,10.36,3.15,0.03,0,13.53,-4.18,0.23
Odisha,Kendrapara,Pattamundai,3,Andara,0,5.34,7.38,1.89,0.02,0,9.28,-3.95,0.16
Odisha,Kendrapara,Pattamundai,4,Aradapalli,0,1.09,5.11,5.3,0,0,10.41,-9.32,0.03
Odisha,Kendrapara,Pattamundai,5,Bachara,0,3.12,2.56,1.11,0,0,3.67,-0.56,0
Odisha,Kendrapara,Pattamundai,6,Badamohanpur,0,7.4,10.03,1.99,0,0,12.02,-4.62,0.39
Odisha,Kendrapara,Pattamundai,7,Badamulabasant,0,1.33,15.12,4.76,0,0,19.88,-18.55,0.05
Odisha,Kendrapara,Pattamundai,8,Badapada,0,12.48,12.33,4.88,0.03,0,17.24,-4.77,0.26
Odisha,Kendrapara,Pattamundai,9,Balabhadrapur,0,9.14,6.14,4.42,0,0,10.56,-1.42,0.1
Odisha,Kendrapara,Pattamundai,10,Balipatna,0,12.84,6.83,8.51,0.09,0,15.44,-2.59,0.09
Odisha,Kendrapara,Pattamundai,11,Baluria,0,9.85,8.98,7.4,0,0,16.38,-6.52,0.04
Odisha,Kendrapara,Pattamundai,12,Bilikana,0,20.05,21.36,0.16,0,0,21.53,-1.48,0.33
Odisha,Kendrapara,Pattamundai,13,Chanda Nagar,0,4.86,8.91,1.24,0,0,10.15,-5.29,0.7
Odisha,Kendrapara,Pattamundai,14,Damarpur,0,2.65,2.68,0.85,0,0,3.53,-0.88,0.05
Odisha,Kendrapara,Pattamundai,15,Dihapada,0,10.71,15.92,4.95,0,0,20.87,-10.16,0.55
Odisha,Kendrapara,Pattamundai,16,Dihudipur,0,5.85,8,0,0,0,8,-2.15,0.05
Odisha,Kendrapara,Pattamundai,17,Dosia,0,19.27,10.59,9.59,0.07,0,20.25,-0.99,0.21
Odisha,Kendrapara,Pattamundai,18,Gangarampur,0,16.67,13.09,16.73,0.14,0,29.96,-13.3,0.37
Odisha,Kendrapara,Pattamundai,19,Kakharuni,0,4.58,6.18,2,0.13,0,8.32,-3.73,0.16
Odisha,Kendrapara,Pattamundai,20,Khadianta,0,2.78,4.53,2.34,0,0,6.87,-4.09,0.07
Odisha,Kendrapara,Pattamundai,21,Khanta,0,20.24,18.82,6.73,0.04,0,25.6,-5.35,0.31
Odisha,Kendrapara,Pattamundai,22,Narasinghpur,0,9.07,13.17,1.94,0,0,15.11,-6.04,0.17
Odisha,Kendrapara,Pattamundai,23,Nilakanthapur,0,7.54,9.59,3.29,0.07,0,12.96,-5.41,0.01
Odisha,Kendrapara,Pattamundai,24,Oupada,0,6.12,10.32,3.44,0,0,13.76,-7.64,0.55
Odisha,Kendrapara,Pattamundai,25,Penthapal,0,26.55,18.24,14.13,0.04,0,32.41,-5.86,0.83
Odisha,Kendrapara,Pattamundai,26,Sanjaria,0,19.93,20.68,4.15,0,0,24.83,-4.9,0.41
Odisha,Kendrapara,Pattamundai,27,Sansarfal,0,20.49,13.85,9.88,0.11,0,23.85,-3.36,0.02
Odisha,Kendrapara,Pattamundai,28,Sasan,0,7.91,9.04,1.05,0,0,10.09,-2.18,0.02
Odisha,Kendrapara,Pattamundai,29,Singhagaon,0,1.39,2.34,0,0,0,2.34,-0.95,0
Odisha,Kendrapara,Pattamundai,30,Srirampur,0,6.87,9.87,0,0,0,9.87,-3,0.2
Odisha,Kendrapara,Pattamundai,31,Taradipal,0,16.91,7.57,15.62,0.14,0,23.33,-6.42,0.6
Odisha,Kendrapara,Pattamundai,,Total,0,316.52,319.99,146.96,0.97,0,467.92,-151.4,7.43
Odisha,Kendrapara,Pattamundai,,Block Level Line Deptt.,0,0,7.97,11.95,0.01,0.8,20.72,-20.72,1.15
Odisha,Kendrapara,Pattamundai,,Po,0,179.15,0,NA,NA,25.31,25.31,153.84,NA
Odisha,Kendrapara,Pattamundai,,Grand Total,0,495.67,327.96,158.91,0.98,26.11,513.95,-18.28,8.58
Odisha,Kendrapara,Pattamundai,1,Abdulpur,0,0,12.29,0,0,0,12.29,-12.29,0.19
Odisha,Kendrapara,Rajkanika,2,Akhulipada,0,0.74,17.86,2.58,0,0,20.44,-19.7,0.23
Odisha,Kendrapara,Rajkanika,3,Baghabuda,0,1.07,18.63,0,0,0,18.63,-17.56,0.01
Odisha,Kendrapara,Rajkanika,4,Balrampur,0,0,16.34,2.26,0,0,18.6,-18.6,0.11
Odisha,Kendrapara,Rajkanika,5,Baradia,0,12.48,33.81,14.5,0,0,48.32,-35.84,0.04
Odisha,Kendrapara,Rajkanika,6,Baraha Domanda,0,0,15.64,0,0,0,15.64,-15.64,0.21
Odisha,Kendrapara,Rajkanika,7,Baruna,0,4.8,9.13,1.67,0,0,10.8,-5.99,0.04
Odisha,Kendrapara,Rajkanika,8,Barunadiha,0,0.7,11.9,0.25,0,0,12.14,-11.44,0.18
Odisha,Kendrapara,Rajkanika,9,Charapada,0,2.1,35.31,0.87,0,0,36.17,-34.08,0
Odisha,Kendrapara,Rajkanika,10,Deaulatara,0,5,13.09,4.81,0,0,17.9,-12.9,0
Odisha,Kendrapara,Rajkanika,11,Hatasahi,0,0,12.15,3.52,0,0,15.68,-15.68,0
Odisha,Kendrapara,Rajkanika,12,Jagulai Pada,0,1.25,25.16,0.18,0,0,25.34,-24.09,0.23
Odisha,Kendrapara,Rajkanika,13,Jayanagar,0,0.16,40.49,0,0,0,40.49,-40.33,0
Odisha,Kendrapara,Rajkanika,14,Kanta Pada,0,0,15.47,0,0,0,15.47,-15.47,0.3
Odisha,Kendrapara,Rajkanika,15,Katana Bania,0,0.79,34.02,0.08,0,0,34.1,-33.31,0.24
Odisha,Kendrapara,Rajkanika,16,Koilipur,0,5.62,23.03,3.21,0,0,26.24,-20.62,0.44
Odisha,Kendrapara,Rajkanika,17,Koranda,0,0,30.21,0,0,0,30.21,-30.21,0.29
Odisha,Kendrapara,Rajkanika,18,Nahuni,0,0,21.6,0,0,0,21.6,-21.6,0.84
Odisha,Kendrapara,Rajkanika,19,Namatara,0,0,7.84,0,0,0,7.84,-7.84,0.19
Odisha,Kendrapara,Rajkanika,20,Olaver,0,5.9,10.4,7.96,0,0,18.35,-12.45,0.36
Odisha,Kendrapara,Rajkanika,21,Padhanapada,0,0,21.51,4.79,0,0,26.3,-26.3,0.08
Odisha,Kendrapara,Rajkanika,22,Panasa Ganda,0,0,14.11,4.56,0,0,18.66,-18.66,0.14
Odisha,Kendrapara,Rajkanika,23,Parinuapada Habalganda,0,1.52,12.98,0.17,0,0,13.15,-11.63,0.15
Odisha,Kendrapara,Rajkanika,24,Pegarapada,0,0.68,13.1,0,0,0,13.1,-12.42,0
Odisha,Kendrapara,Rajkanika,25,Sihopada,0,0.07,14.61,0,0,0,14.61,-14.55,0.38
Odisha,Kendrapara,Rajkanika,26,Siko,0,2.7,47.4,0,0,0,47.4,-44.7,0.2
Odisha,Kendrapara,Rajkanika,27,Taras,0,0.58,15.92,0.17,0,0,16.09,-15.51,0.42
Odisha,Kendrapara,Rajkanika,28,Trilokyapur,0,0.38,30.61,0,0,0,30.61,-30.22,0.24
Odisha,Kendrapara,Rajkanika,29,Varigada,0,13.27,34.33,7.9,0,0,42.24,-28.97,0.06
Odisha,Kendrapara,Rajkanika,,Total,0,59.8,608.94,59.47,0,0,668.41,-608.61,5.56
Odisha,Kendrapara,Rajkanika,,Block Level Line Deptt.,0,0,33.44,49.21,0,1.6,84.24,-84.24,2.03
Odisha,Kendrapara,Rajkanika,,Po,0,657.78,0,NA,NA,32.05,32.05,625.73,NA
Odisha,Kendrapara,Rajkanika,,Grand Total,0,717.58,642.38,108.68,0,33.65,784.7,-67.12,7.59
Odisha,Kendrapara,Rajkanika,1,Baghamari,0,9.32,32.24,7.1,0.04,0,39.39,-30.07,0.04
Odisha,Kendrapara,Rajnagar,2,Balisahipatana,0,7.96,15.34,11.53,0.08,0,26.95,-19,0.28
Odisha,Kendrapara,Rajnagar,3,Bandhapada,0,0.43,21.67,0.42,0,0,22.09,-21.66,1.26
Odisha,Kendrapara,Rajnagar,4,Belpal,0,0,8.87,8.28,0.09,0,17.24,-17.24,0.01
Odisha,Kendrapara,Rajnagar,5,Bhitargarh,0,3.4,26.34,25.3,0.1,0,51.73,-48.33,0.08
Odisha,Kendrapara,Rajnagar,6,Brahmana Sahi,0,5.33,20.73,2.48,0,0,23.21,-17.88,0
Odisha,Kendrapara,Rajnagar,7,Chandi Baunsamula,0,7.68,33.31,6.4,0.05,0,39.76,-32.08,0.18
Odisha,Kendrapara,Rajnagar,8,Dangamala,0,24.2,31.32,11.72,0.18,0,43.22,-19.02,0.14
Odisha,Kendrapara,Rajnagar,9,Dera,0,3.76,21.06,3.01,0,0,24.07,-20.3,0.11
Odisha,Kendrapara,Rajnagar,10,Ghadiamal,0,4.11,23.98,18.93,0.22,0,43.13,-39.02,0
Odisha,Kendrapara,Rajnagar,11,Gupti,0,0.56,32.32,0.34,0,0,32.66,-32.11,0.58
Odisha,Kendrapara,Rajnagar,12,Hatina,0,10.6,22.55,22.76,0.15,0,45.46,-34.86,0.37
Odisha,Kendrapara,Rajnagar,13,Iswarpur,0,0,34.75,0,0,0,34.75,-34.75,0.05
Odisha,Kendrapara,Rajnagar,14,Kandira,0,0,21.11,2.64,0.03,0,23.77,-23.77,0.17
Odisha,Kendrapara,Rajnagar,15,Keradagarh,0,3.2,15.26,8.4,0.06,0,23.72,-20.52,0
Odisha,Kendrapara,Rajnagar,16,Keruapal,0,16.4,35.77,4.53,0.02,0,40.32,-23.93,0.56
Odisha,Kendrapara,Rajnagar,17,Khamarsahi,0,2.14,17.65,2.72,0.03,0,20.41,-18.26,0.28
Odisha,Kendrapara,Rajnagar,18,Koili Pur,0,17.18,26.21,16.27,0.12,0,42.6,-25.42,0.17
Odisha,Kendrapara,Rajnagar,19,Krushannagar,0,5.12,21.24,7.71,0.08,0,29.03,-23.91,0.05
Odisha,Kendrapara,Rajnagar,20,Kurunti,0,16.72,38.35,12.63,0.04,0,51.01,-34.29,0.39
Odisha,Kendrapara,Rajnagar,21,Mahisasura,0,4.39,18.43,14.61,0.16,0,33.21,-28.82,0.03
Odisha,Kendrapara,Rajnagar,22,Mahulia,0,20.18,25.74,14.73,0,0,40.48,-20.3,0.03
Odisha,Kendrapara,Rajnagar,23,Ostia,0,8.93,29.9,7.23,0,0,37.13,-28.2,1.31
Odisha,Kendrapara,Rajnagar,24,Rajnagar,0,0.27,12.2,7.63,0.05,0,19.87,-19.61,0.27
Odisha,Kendrapara,Rajnagar,25,Rajpur,0,4.49,18.3,4.91,0,0,23.21,-18.72,0
Odisha,Kendrapara,Rajnagar,26,Rangani,0,9.07,32.79,4.38,0.05,0,37.23,-28.15,0.82
Odisha,Kendrapara,Rajnagar,27,Sanbada Gopalpur,0,17.65,19.97,14.04,0,0,34,-16.35,0.37
Odisha,Kendrapara,Rajnagar,28,Satabhaya (Bagapatia),0,5.05,17,4.44,0.06,0,21.49,-16.45,0.39
Odisha,Kendrapara,Rajnagar,29,Talachua,0,2.28,23.88,1.93,0.02,0,25.83,-23.55,0.81
Odisha,Kendrapara,Rajnagar,,Total,0,210.4,698.29,247.05,1.63,0,946.97,-736.57,8.77
Odisha,Kendrapara,Rajnagar,,Block Level Line Deptt.,0,0,19.53,64.14,0.05,0,83.73,-83.73,0.35
Odisha,Kendrapara,Rajnagar,,Po,0,777.1,0,NA,NA,31.67,31.67,745.43,NA
Odisha,Kendrapara,Rajnagar,,Grand Total,0,987.5,717.82,311.19,1.68,31.67,1062.37,-74.87,9.12
Odisha,Khordha    ,Rajnagar,1,Bainchua,0.17,3.31,3.06,0.44,0,0,3.5,-0.2,0
Odisha,Khordha    ,Balianta,2,Balianta,0.04,3.15,2.24,4.2,0.05,0,6.49,-3.34,0
Odisha,Khordha    ,Balianta,3,Bentapur,0.02,1.87,1.75,0.11,0,0,1.85,0.02,0.02
Odisha,Khordha    ,Balianta,4,Benupur,0.24,3.72,2.86,0.6,0.01,0,3.47,0.24,0
Odisha,Khordha    ,Balianta,5,Bhingarpur,0.47,0.74,0.31,0.86,0,0,1.17,-0.43,0
Odisha,Khordha    ,Balianta,6,Jagannathpur,0.38,3.69,2.03,2.39,0.03,0,4.45,-0.76,0.01
Odisha,Khordha    ,Balianta,7,Jayadeb,-1.6,1.52,2.96,0.13,0,0,3.09,-1.57,0.05
Odisha,Khordha    ,Balianta,8,Jhintisasan,0.26,1.81,1.57,0.11,0,0,1.68,0.14,0.15
Odisha,Khordha    ,Balianta,9,Kakarudrapur,0.13,1.89,1.44,0.41,0.01,0,1.85,0.03,0.11
Odisha,Khordha    ,Balianta,10,Prataprudrapur,0.25,2.64,2.03,0.47,0,0,2.51,0.13,0
Odisha,Khordha    ,Balianta,11,Pratapsasan,0.07,4.03,4.11,0.11,0,0,4.22,-0.19,0.02
Odisha,Khordha    ,Balianta,12,Puranpradhan,-0.39,4.89,3.77,2.92,0,0,6.69,-1.8,0
Odisha,Khordha    ,Balianta,13,Purohitpur,0,0.8,0.67,0.29,0,0,0.96,-0.15,0.04
Odisha,Khordha    ,Balianta,14,Sarakana,0.33,2.28,2.51,1.67,0.02,0,4.2,-1.91,0.01
Odisha,Khordha    ,Balianta,15,Satyabhamapur,0.23,1.78,1.69,0,0,0,1.69,0.09,0
Odisha,Khordha    ,Balianta,16,Umadeibrahmapur,-0.1,1.79,1.55,0.31,0.03,0,1.89,-0.1,0
Odisha,Khordha    ,Balianta,,Total,0.51,39.93,34.56,15,0.14,0,49.7,-9.78,0.41
Odisha,Khordha    ,Balianta,,Block Level Line Deptt.,-5.09,-5.09,7.35,5.58,0.01,0.18,13.12,-18.21,1.1
Odisha,Khordha    ,Balianta,,Po,7.48,40.17,0,NA,NA,15.85,15.85,24.32,NA
Odisha,Khordha    ,Balianta,,Grand Total,2.9,75.02,41.91,20.58,0.15,16.03,78.67,-3.67,1.51
Odisha,Khordha    ,Balianta,1,Alisisasan,0,1.81,2.13,0,0,0,2.13,-0.32,0.05
Odisha,Khordha    ,Balipatna,2,Amanakuda,-0.52,6.85,7.42,0.58,0.01,0,8.01,-1.15,0.14
Odisha,Khordha    ,Balipatna,3,Athantara,0,1,0.92,0.11,0,0,1.03,-0.03,0
Odisha,Khordha    ,Balipatna,4,Bhakarsahi,0.53,5.67,5.04,1.22,0.01,0,6.27,-0.6,0.08
Odisha,Khordha    ,Balipatna,5,Bhapur,0.02,0.97,0.95,0,0,0,0.95,0.02,0
Odisha,Khordha    ,Balipatna,6,Dhaulidharpur,-3.5,-0.67,2.86,2.13,0,0,4.99,-5.66,0.05
Odisha,Khordha    ,Balipatna,7,Garedipanchan,0.03,2.5,2.41,3,0.01,0,5.41,-2.91,0
Odisha,Khordha    ,Balipatna,8,Guapur,-0.36,2.17,2.09,0.99,0.01,0,3.08,-0.91,0.02
Odisha,Khordha    ,Balipatna,9,Kuranjipur,-0.25,5.22,5.19,1.08,0.01,0,6.28,-1.06,0.03
Odisha,Khordha    ,Balipatna,10,Majhihara,0,4.76,4.92,0,0,0,4.92,-0.17,0.02
Odisha,Khordha    ,Balipatna,11,Marthapur,-0.04,3.61,4.15,0.1,0,0,4.26,-0.65,0.09
Odisha,Khordha    ,Balipatna,12,Mukundadaspur,0,1.54,1.4,0.18,0,0,1.58,-0.04,0
Odisha,Khordha    ,Balipatna,13,Nariso,-0.15,1.21,1.91,2.01,0.02,0,3.95,-2.74,0.02
Odisha,Khordha    ,Balipatna,14,Pampalo,0.17,2.57,2.68,3.44,0.03,0,6.15,-3.58,0.01
Odisha,Khordha    ,Balipatna,15,Rajas,-1.48,2.59,3.99,3.05,0.02,0,7.07,-4.47,0
Odisha,Khordha    ,Balipatna,16,Sumanasasan,-2.17,-0.36,1.72,0.19,0,0,1.91,-2.27,0
Odisha,Khordha    ,Balipatna,17,Turintira,-3.82,1.52,4.55,3.82,0,0,8.37,-6.84,0.06
Odisha,Khordha    ,Balipatna,,Total,-11.55,42.96,54.34,21.89,0.12,0,76.35,-33.39,0.59
Odisha,Khordha    ,Balipatna,,Block Level Line Deptt.,3.89,3.89,18.1,18.21,0.27,0.29,36.87,-32.98,1.27
Odisha,Khordha    ,Balipatna,,Po,12.45,61.33,0,NA,NA,16.37,16.37,44.96,NA
Odisha,Khordha    ,Balipatna,,Grand Total,4.78,108.18,72.44,40.1,0.39,16.66,129.59,-21.41,1.86
Odisha,Khordha    ,Balipatna,1,Ayatpur,0,9.03,5.69,3.3,0.04,0,9.03,0,0.27
Odisha,Khordha    ,Banapur,2,Bhabanipur,0,6.07,5.97,0.09,0,0,6.06,0.01,0.01
Odisha,Khordha    ,Banapur,3,Bheteswar,0.21,4.01,3.44,0.35,0,0,3.8,0.21,0.01
Odisha,Khordha    ,Banapur,4,Bishnudiha,0.79,5.89,3.22,2.29,0,0,5.51,0.38,0.04
Odisha,Khordha    ,Banapur,5,Damiabarbara,1.87,17.92,13.93,2.09,0.02,0,16.05,1.87,0.18
Odisha,Khordha    ,Banapur,6,Deogaon,-0.16,3.64,3.8,0,0,0,3.8,-0.16,0.02
Odisha,Khordha    ,Banapur,7,Galua,-0.92,5.64,6.47,0.06,0,0,6.53,-0.89,0
Odisha,Khordha    ,Banapur,8,Gambharimunda,-2.02,1.53,3.43,0,0,0,3.43,-1.9,0.05
Odisha,Khordha    ,Banapur,9,Kulei,-2.44,2.26,4.73,0,0,0,4.73,-2.47,0.08
Odisha,Khordha    ,Banapur,10,Kumaranga Sasan,0.1,3.72,3.19,0.51,0,0,3.7,0.03,0.07
Odisha,Khordha    ,Banapur,11,Moramori,0,12.72,12.49,0.11,0,0,12.59,0.12,0.14
Odisha,Khordha    ,Banapur,12,Nachuni,-1.25,11.6,12.46,0.16,0,0,12.62,-1.01,0.14
Odisha,Khordha    ,Banapur,13,Nandapur,1.97,5.44,3.62,2.06,0.01,0,5.7,-0.26,0
Odisha,Khordha    ,Banapur,14,Narendrapur,0.03,4.45,4.03,0.3,0,0,4.33,0.12,0.01
Odisha,Khordha    ,Banapur,15,Niladriprasad,0.41,11.78,11.37,0,0,0,11.37,0.41,0.27
Odisha,Khordha    ,Banapur,16,Torasingh,0,1.28,1.27,0,0,0,1.27,0.01,0
Odisha,Khordha    ,Banapur,17,Tumuraput Sasan,-0.39,7.32,5.67,2.01,0.02,0,7.7,-0.38,0.03
Odisha,Khordha    ,Banapur,,Total,-1.8,114.3,104.79,13.32,0.1,0,118.21,-3.91,1.32
Odisha,Khordha    ,Banapur,,Block Level Line Deptt.,-14.24,-14.24,278.6,89.82,0.05,3.77,372.24,-386.48,0.45
Odisha,Khordha    ,Banapur,,Po,-10.7,44.23,0,NA,NA,18.67,18.67,25.56,NA
Odisha,Khordha    ,Banapur,,Grand Total,-26.74,144.29,383.39,103.14,0.15,22.44,509.12,-364.83,1.77
Odisha,Khordha    ,Banapur,1,Badaberana,0,8.63,8.19,0.44,0,0,8.63,0,0.02
Odisha,Khordha    ,Begunia,2,Baghamari,0,22.43,22.43,0,0,0,22.43,0,0.25
Odisha,Khordha    ,Begunia,3,Begunia,0,8,8,0,0,0,8,0,0.04
Odisha,Khordha    ,Begunia,4,Botalama,0,17.06,16.96,0,0,0,16.96,0.1,0.29
Odisha,Khordha    ,Begunia,5,Deuli,0,17.13,17.09,0,0,0,17.09,0.04,0.09
Odisha,Khordha    ,Begunia,6,Dingar,0,8.38,8.41,0,0,0,8.41,-0.03,0.01
Odisha,Khordha    ,Begunia,7,Durgapur,0,18.86,18.75,0.26,0,0,19.02,-0.16,0.01
Odisha,Khordha    ,Begunia,8,Gadamanitri,0,18.04,17.52,0,0,0,17.52,0.52,0.04
Odisha,Khordha    ,Begunia,9,Govindpur,0,4.65,4.65,0,0,0,4.65,0,0
Odisha,Khordha    ,Begunia,10,Haja,0,20.55,20.24,0.28,0,0,20.52,0.03,0.07
Odisha,Khordha    ,Begunia,11,Hirapur,0,16.09,15.77,0,0,0,15.77,0.33,0.4
Odisha,Khordha    ,Begunia,12,Kantabad,0,18.95,18.86,0.09,0,0,18.95,0,0.04
Odisha,Khordha    ,Begunia,13,Kunjuri,-0.95,11.67,12.12,0.5,0,0,12.62,-0.95,0
Odisha,Khordha    ,Begunia,14,Pangarsingh,0,14.79,14.75,0,0,0,14.75,0.04,0.05
Odisha,Khordha    ,Begunia,15,Podadiha,0,32.56,32.62,0,0,0,32.62,-0.07,0.14
Odisha,Khordha    ,Begunia,16,Radhakantapur,0,5.17,5.07,0.09,0,0,5.17,0,0.02
Odisha,Khordha    ,Begunia,17,Routapada,0,9.6,9.43,0.17,0,0,9.6,0,0.06
Odisha,Khordha    ,Begunia,18,Sagadabhanga,0,30.7,11.81,18.94,0,0,30.75,-0.05,0.05
Odisha,Khordha    ,Begunia,19,Sarua,0,14.13,14.2,0.26,0,0,14.45,-0.33,0.1
Odisha,Khordha    ,Begunia,20,Siko,0,26.68,13.98,12.59,0,0,26.57,0.11,0.04
Odisha,Khordha    ,Begunia,21,Simore,0,18.41,19.25,0,0,0,19.25,-0.84,0.03
Odisha,Khordha    ,Begunia,,Total,-0.94,342.47,310.1,33.63,0,0,343.74,-1.26,1.74
Odisha,Khordha    ,Begunia,,Block Level Line Deptt.,5.46,5.46,91.41,73.83,0.24,1.65,167.12,-161.66,0.87
Odisha,Khordha    ,Begunia,,Po,-6.15,64.73,0,NA,NA,19.45,19.45,45.28,NA
Odisha,Khordha    ,Begunia,,Grand Total,-1.64,412.67,401.51,107.46,0.24,21.1,530.31,-117.64,2.61
Odisha,Khordha    ,Begunia,1,Andharua,0,0.17,0.4,0,0,0,0.4,-0.24,0
Odisha,Khordha    ,Bhubaneswar,2,Barimunda,0.97,3.95,1.57,1.24,0,0,2.82,1.13,0.07
Odisha,Khordha    ,Bhubaneswar,3,Basuaghai,0.06,0.43,0.15,0.27,0,0,0.43,0.01,0
Odisha,Khordha    ,Bhubaneswar,4,Chandaka,0.03,0.03,0.13,1.33,0.01,0,1.48,-1.44,0
Odisha,Khordha    ,Bhubaneswar,5,Dadha,-0.01,0.42,2.85,0,0,0,2.85,-2.43,0
Odisha,Khordha    ,Bhubaneswar,6,Daruthenga,0.33,0.43,0.41,0.1,0,0,0.51,-0.07,0
Odisha,Khordha    ,Bhubaneswar,7,Dhauli,0.03,0.13,0.15,0.1,0,0,0.26,-0.12,0
Odisha,Khordha    ,Bhubaneswar,8,Itipur,0.05,0.1,0.08,0,0,0,0.08,0.02,0
Odisha,Khordha    ,Bhubaneswar,9,Kalarahanga,0,0.03,0.67,1.07,0.01,0,1.75,-1.72,0
Odisha,Khordha    ,Bhubaneswar,10,Kalyanpur,0.22,2.62,2.63,4.24,0.05,0,6.92,-4.3,0.01
Odisha,Khordha    ,Bhubaneswar,11,Kantabada,0.02,0.2,0.38,0,0,0,0.38,-0.17,0
Odisha,Khordha    ,Bhubaneswar,12,Lingipur,0,0,0.44,0,0,0,0.44,-0.44,0
Odisha,Khordha    ,Bhubaneswar,13,Mendhasala,0.41,1.29,0.24,0.81,0,0,1.05,0.24,0
Odisha,Khordha    ,Bhubaneswar,14,Nanput,0.04,0.55,0.14,0.36,0,0,0.51,0.04,0
Odisha,Khordha    ,Bhubaneswar,15,Paikarapur,0.05,4.14,0.65,3.4,0.03,0,4.08,0.05,0
Odisha,Khordha    ,Bhubaneswar,16,Patrapada,0.07,0.57,0.09,0.73,0,0,0.82,-0.25,0
Odisha,Khordha    ,Bhubaneswar,17,Raghunathpur,0.04,0.04,0.21,0,0,0,0.21,-0.16,0
Odisha,Khordha    ,Bhubaneswar,18,Sisupala,1.08,1.1,0.11,0,0,0,0.11,0.99,0
Odisha,Khordha    ,Bhubaneswar,19,Tamando,0.75,0.77,0.02,0,0,0,0.02,0.75,0.01
Odisha,Khordha    ,Bhubaneswar,20,Tikarpada,0.42,0.49,0.1,1.75,0,0,1.85,-1.35,0
Odisha,Khordha    ,Bhubaneswar,,Total,4.57,17.48,11.42,15.41,0.11,0,26.93,-9.45,0.09
Odisha,Khordha    ,Bhubaneswar,,Block Level Line Deptt.,8.21,8.21,11.46,22.45,0,0.33,34.24,-26.03,0.31
Odisha,Khordha    ,Bhubaneswar,,Po,-23.59,-6.43,0,NA,NA,1.7,1.7,-8.13,NA
Odisha,Khordha    ,Bhubaneswar,,Grand Total,-10.81,19.27,22.88,37.86,0.11,2.03,62.87,-43.61,0.4
Odisha,Khordha    ,Bhubaneswar,1,Arikma,0,12.24,10.34,1.88,0.02,0,12.24,-0.01,0
Odisha,Khordha    ,Bolagarh,2,Asaraladal,0,2.45,2.34,0.11,0,0,2.45,0,0
Odisha,Khordha    ,Bolagarh,3,Badakumari,-0.03,12.85,9.78,2.96,0,0,12.75,0.1,0.19
Odisha,Khordha    ,Bolagarh,4,Bankoi Desh,-0.11,7.83,7.73,0.21,0,0,7.94,-0.11,0
Odisha,Khordha    ,Bolagarh,5,Bolagarh,5,7.82,2.28,0.49,0,0,2.78,5.04,0.05
Odisha,Khordha    ,Bolagarh,6,Dabardhuapatana,0,18.08,17.56,0.56,0,0,18.12,-0.04,0.02
Odisha,Khordha    ,Bolagarh,7,Daleisahi,-0.14,14.47,14.06,0.53,0.01,0,14.61,-0.14,0
Odisha,Khordha    ,Bolagarh,8,Dhalapathar,1,6.22,5.02,0.2,0,0,5.22,1,0.03
Odisha,Khordha    ,Bolagarh,9,Fasioda,0.9,21.11,19.99,1.01,0.01,0,21.01,0.1,0.1
Odisha,Khordha    ,Bolagarh,10,Gediapali,0.97,2.24,0.92,0.35,0,0,1.27,0.97,0
Odisha,Khordha    ,Bolagarh,11,Gopalpur,-0.09,15.11,13.34,1.77,0.04,0,15.14,-0.02,0.03
Odisha,Khordha    ,Bolagarh,12,Kadaba,-0.04,14.38,11.44,3.32,0.01,0,14.76,-0.38,0
Odisha,Khordha    ,Bolagarh,13,Kalanga,-0.08,21.82,17.07,4.86,0,0,21.93,-0.11,0.05
Odisha,Khordha    ,Bolagarh,14,Khanguria,-4.03,26.46,30.06,0.42,0,0,30.49,-4.03,0.06
Odisha,Khordha    ,Bolagarh,15,Manibandha,-0.05,13.81,9.73,4.12,0,0,13.85,-0.04,0.01
Odisha,Khordha    ,Bolagarh,16,Patapursasan,0,10.35,9.05,1.22,0.02,0,10.29,0.06,0.06
Odisha,Khordha    ,Bolagarh,17,Pichukuli,-0.09,5.72,3.55,2.25,0,0,5.81,-0.09,0
Odisha,Khordha    ,Bolagarh,18,Sagar Gaon,0,19.15,18.45,0.7,0,0,19.14,0.01,0.05
Odisha,Khordha    ,Bolagarh,19,Sanapadar,-1,11.74,10.7,2.04,0,0,12.74,-1,0
Odisha,Khordha    ,Bolagarh,,Total,2.2,243.86,213.43,29.02,0.1,0,242.55,1.32,0.65
Odisha,Khordha    ,Bolagarh,,Block Level Line Deptt.,-13.79,-13.79,49.82,57.51,0.46,0.79,108.58,-122.37,0.08
Odisha,Khordha    ,Bolagarh,,Po,28.63,102.69,0,NA,NA,19.59,19.59,83.1,NA
Odisha,Khordha    ,Bolagarh,,Grand Total,17.04,332.76,263.25,86.53,0.56,20.38,370.72,-37.95,0.73
Odisha,Khordha    ,Bolagarh,1,Ankula,-0.25,14.69,10.74,4.15,0,0,14.9,-0.21,0.18
Odisha,Khordha    ,Chilika,2,Atharabatia,0,9.87,6.68,3.19,0,0,9.87,0,0.09
Odisha,Khordha    ,Chilika,3,Badakul,0.85,14.58,11.11,2.61,0,0,13.73,0.86,0
Odisha,Khordha    ,Chilika,4,Baulabandha,0.98,5.22,3.28,0.96,0,0,4.24,0.98,0.01
Odisha,Khordha    ,Chilika,5,Biribadi,0.08,5.21,4.15,0.98,0.01,0,5.14,0.08,0
Odisha,Khordha    ,Chilika,6,Chandeswar,-0.18,8.87,6.12,2.94,0.03,0,9.1,-0.23,0.06
Odisha,Khordha    ,Chilika,7,Dungamal(Ct),0,10.42,7.51,2.96,0,0,10.48,-0.06,0.25
Odisha,Khordha    ,Chilika,8,Haripur,0.26,18.5,9.77,8.53,0,0,18.3,0.2,0.05
Odisha,Khordha    ,Chilika,9,Hatabardiha,-0.66,3.94,4.4,0.21,0,0,4.6,-0.66,0.02
Odisha,Khordha    ,Chilika,10,Jaripada,0.53,9.42,8.9,0.06,0,0,8.96,0.46,0.03
Odisha,Khordha    ,Chilika,11,Kalakaleswar,0.39,10.43,8.66,1.38,0,0,10.04,0.39,0.04
Odisha,Khordha    ,Chilika,12,Kumandalpatna,2.07,7.12,5.05,0,0,0,5.05,2.07,0.2
Odisha,Khordha    ,Chilika,13,Mansinghpur,0,7.79,7.24,0.57,0,0,7.81,-0.03,0
Odisha,Khordha    ,Chilika,14,Nimikheta,-0.38,5.84,5.31,2.46,0.01,0,7.78,-1.94,0.15
Odisha,Khordha    ,Chilika,15,Sana Nairi,0.03,6.44,3.78,2.63,0,0,6.4,0.03,0.07
Odisha,Khordha    ,Chilika,16,Singheswar,1.97,18.6,13.33,3.3,0,0,16.63,1.97,0.05
Odisha,Khordha    ,Chilika,17,Soran,0.23,14.05,13.52,0.77,0,0,14.29,-0.24,0.27
Odisha,Khordha    ,Chilika,,Total,5.91,170.98,129.56,37.7,0.06,0,167.31,3.66,1.49
Odisha,Khordha    ,Chilika,,Block Level Line Deptt.,-2.82,-2.82,117.67,64.49,0.16,1.96,184.28,-187.1,0.67
Odisha,Khordha    ,Chilika,,Po,2.43,43.75,0,NA,NA,18.32,18.32,25.43,NA
Odisha,Khordha    ,Chilika,,Grand Total,5.53,211.91,247.23,102.19,0.22,20.28,369.91,-158.01,2.16
Odisha,Khordha    ,Chilika,1,Angarpada,0.52,2,1.41,0,0,0,1.41,0.59,0
Odisha,Khordha    ,Jatni,2,Benapanjari,-3.47,-1.36,0.96,0.6,0,0,1.56,-2.92,0
Odisha,Khordha    ,Jatni,3,Chanaghara,-3.33,-3.05,0.08,0.2,0,0,0.28,-3.33,0
Odisha,Khordha    ,Jatni,4,Chhatabar,-2.13,0.58,1.41,0.7,0,0,2.11,-1.53,0.01
Odisha,Khordha    ,Jatni,5,Gangapada,1.48,2.29,0.81,0,0,0,0.81,1.48,0
Odisha,Khordha    ,Jatni,6,Haripur,-0.99,1.83,1.42,1.11,0,0,2.53,-0.69,0
Odisha,Khordha    ,Jatni,7,Jamukoli,0.25,0.76,0.03,0.2,0,0,0.23,0.54,0
Odisha,Khordha    ,Jatni,8,Janla,1.55,2.79,1.13,0.1,0,0,1.23,1.55,0
Odisha,Khordha    ,Jatni,9,Kantia,0.46,1.8,1.34,0,0,0,1.34,0.46,0
Odisha,Khordha    ,Jatni,10,Madanpur,-0.34,0.51,0.72,0.08,0,0,0.79,-0.28,0
Odisha,Khordha    ,Jatni,11,Padanpur,-3.66,-2.8,0.65,0.31,0,0,0.96,-3.76,0
Odisha,Khordha    ,Jatni,12,Padhansahi,-0.18,0.08,0.17,0.1,0,0,0.27,-0.18,0
Odisha,Khordha    ,Jatni,13,Panchapalli,-5.61,-4.34,0.87,0.1,0,0,0.97,-5.31,0.05
Odisha,Khordha    ,Jatni,14,Taraboi,0,1.77,1.14,0.81,0,0,1.96,-0.19,0
Odisha,Khordha    ,Jatni,15,Tirimal,0,1.33,2.22,5.49,0.06,0,7.77,-6.44,0
Odisha,Khordha    ,Jatni,,Total,-15.45,4.18,14.35,9.8,0.06,0,24.2,-20.02,0.06
Odisha,Khordha    ,Jatni,,Block Level Line Deptt.,18.59,18.59,58.8,36.73,0.13,0.61,96.26,-77.67,0.28
Odisha,Khordha    ,Jatni,,Po,1.17,62.83,0,NA,NA,15.24,15.24,47.59,NA
Odisha,Khordha    ,Jatni,,Grand Total,4.31,85.61,73.15,46.53,0.19,15.85,135.7,-50.1,0.34
Odisha,Khordha    ,Jatni,1,Bajapur,1.78,8,4.82,1.39,0,0,6.22,1.78,0
Odisha,Khordha    ,Khordha,2,Bangida,0.08,2.34,2.26,1.26,0.02,0,3.54,-1.2,0
Odisha,Khordha    ,Khordha,3,Barasahi,0,4.02,3.61,0.41,0,0,4.02,0,0
Odisha,Khordha    ,Khordha,4,Brajamohanpur,0.1,5.94,4.54,1.31,0,0,5.85,0.1,0
Odisha,Khordha    ,Khordha,5,Dhauli Muhan,6.08,10.07,2.11,1.87,0,0,3.98,6.08,0
Odisha,Khordha    ,Khordha,6,Garh Haladia,0.28,16.88,14.07,2.53,0,0,16.6,0.28,0
Odisha,Khordha    ,Khordha,7,Godipada,0.18,5.61,5.5,0,0,0,5.5,0.11,0.05
Odisha,Khordha    ,Khordha,8,Golabai Sasan,-2.7,4.34,5.12,1.96,0,0,7.08,-2.74,0
Odisha,Khordha    ,Khordha,9,Jankia,1.51,5.6,3.89,0.81,0,0,4.7,0.9,0.01
Odisha,Khordha    ,Khordha,10,Kaipadar,0.31,11.22,7.41,3.51,0,0,10.91,0.31,0
Odisha,Khordha    ,Khordha,11,Kanpur,0.67,13.15,8.76,4.12,0.02,0,12.9,0.25,1.43
Odisha,Khordha    ,Khordha,12,Keranga,0.72,3.69,2.19,5.66,0.04,0,7.89,-4.19,0
Odisha,Khordha    ,Khordha,13,Kuradhamal,0.53,4.48,3.74,0.21,0,0,3.95,0.53,0
Odisha,Khordha    ,Khordha,14,Malipur,0.26,8,7.76,0,0,0,7.76,0.25,0.07
Odisha,Khordha    ,Khordha,15,Nalipada Arjunpur,-2.62,10.57,10.83,2.39,0,0,13.23,-2.66,0
Odisha,Khordha    ,Khordha,16,Nandapur,0,4.55,3.29,1.23,0.01,0,4.53,0.02,0
Odisha,Khordha    ,Khordha,17,Narangarh,1.2,3.36,0.87,1.29,0,0,2.16,1.2,0
Odisha,Khordha    ,Khordha,18,Nijigarh Tapanga,0.16,2.54,2.83,0.09,0,0,2.92,-0.38,0.01
Odisha,Khordha    ,Khordha,19,Orabarsingh,0.18,4.28,3.67,0.43,0,0,4.1,0.18,0
Odisha,Khordha    ,Khordha,20,Pallatotapada,0.91,4.53,3.34,0.29,0,0,3.62,0.91,0
Odisha,Khordha    ,Khordha,21,Pubusahi,0.01,8.47,5.98,2.82,0.03,0,8.84,-0.37,0
Odisha,Khordha    ,Khordha,22,Tangiapada,-4.52,3.91,7.23,1.59,0.01,0,8.82,-4.91,0
Odisha,Khordha    ,Khordha,,Total,5.11,145.58,113.82,35.16,0.13,0,149.12,-3.54,1.57
Odisha,Khordha    ,Khordha,,Block Level Line Deptt.,-32.52,-32.52,28.17,52.99,0.53,0.28,81.97,-114.49,0.44
Odisha,Khordha    ,Khordha,,Po,17.96,106.02,0,NA,NA,22.18,22.18,83.84,NA
Odisha,Khordha    ,Khordha,,Grand Total,-9.45,219.08,141.99,88.15,0.66,22.46,253.27,-34.19,2.01
Odisha,Khordha    ,Tangi,1,Achyutpur,0.28,11.98,11.51,0,0,0,11.51,0.47,0.14
Odisha,Khordha    ,Tangi,2,Badapari,0.16,5.94,5.49,0.28,0,0,5.77,0.16,0.03
Odisha,Khordha    ,Tangi,3,Badapokharia,0.01,4.53,4.47,0,0,0,4.47,0.06,0.03
Odisha,Khordha    ,Tangi,4,Balipatpur,0.41,3.21,2.8,1.35,0.02,0,4.17,-0.96,0
Odisha,Khordha    ,Tangi,5,Bhusundipur,0.01,0.18,0.17,0,0,0,0.17,0.01,0
Odisha,Khordha    ,Tangi,6,Chhanagiri,0.21,11.07,10.86,0,0,0,10.86,0.21,0.28
Odisha,Khordha    ,Tangi,7,Dia,0,5.02,5.02,0,0,0,5.02,0,0.04
Odisha,Khordha    ,Tangi,8,Kamaguru,0.01,2.33,2.3,0,0,0,2.3,0.03,0.03
Odisha,Khordha    ,Tangi,9,Kantalbai,0.01,18.79,18.78,0,0,0,18.78,0.01,0
Odisha,Khordha    ,Tangi,10,Kuhudi,0.19,2.11,0.96,0.96,0,0,1.92,0.19,0
Odisha,Khordha    ,Tangi,11,Kunjuri,0.17,7.85,6.88,0.77,0,0,7.65,0.2,0
Odisha,Khordha    ,Tangi,12,Lendo,-0.02,11.1,11.12,0.86,0,0,11.98,-0.89,0.05
Odisha,Khordha    ,Tangi,13,Mangalajodi,0,4.78,4.51,0.3,0,0,4.81,-0.03,0
Odisha,Khordha    ,Tangi,14,Nirakarpur,0.38,4.28,3.9,0.48,0.01,0,4.38,-0.11,0
Odisha,Khordha    ,Tangi,15,Nuagarh,0.25,15.81,15.5,0,0,0,15.5,0.3,0.05
Odisha,Khordha    ,Tangi,16,Olasingh,0.18,8.07,8.04,0,0,0,8.04,0.02,0
Odisha,Khordha    ,Tangi,17,Pariorada,0.73,0.9,0.17,0,0,0,0.17,0.73,0
Odisha,Khordha    ,Tangi,18,Ramachandrapur,0,12.4,12.32,0,0,0,12.32,0.09,0.11
Odisha,Khordha    ,Tangi,19,Rameswar,0.21,5.12,4.91,0,0,0,4.91,0.21,0.02
Odisha,Khordha    ,Tangi,20,Ratanpur,0.09,2.2,0.84,1.26,0.01,0,2.1,0.09,0
Odisha,Khordha    ,Tangi,21,Sanarautapada,0,18.46,6.7,11.62,0.13,0,18.46,0,0
Odisha,Khordha    ,Tangi,22,Sarapari,-0.01,4.74,4.75,0,0,0,4.75,-0.01,0
Odisha,Khordha    ,Tangi,23,Sundarpur,-0.08,2.81,2.42,0.46,0.01,0,2.89,-0.08,0
Odisha,Khordha    ,Tangi,24,Tangi,0.06,7.9,7.85,0,0,0,7.85,0.06,0.02
Odisha,Khordha    ,Tangi,25,Tankol,0,21.35,20.48,0.86,0.02,0,21.35,0,0.15
Odisha,Khordha    ,Tangi,26,Ujalagopinathpur,0,8.59,9.05,1.7,0.02,0,10.77,-2.17,0
Odisha,Khordha    ,Tangi,,Total,3.22,201.49,181.81,20.9,0.21,0,202.91,-1.42,0.95
Odisha,Khordha    ,Tangi,,Block Level Line Deptt.,-7.1,-7.1,100.93,53.13,0.16,1.19,155.41,-162.51,1.51
Odisha,Khordha    ,Tangi,,Po,4.31,86.79,0,NA,NA,21.49,21.49,65.3,NA
Odisha,Khordha    ,Tangi,,Grand Total,0.43,281.18,282.74,74.03,0.37,22.68,379.81,-98.64,2.46
Odisha,Nayagarh  ,Bhapur,1,Badasahara,0,37.56,31.28,6.19,0,0,37.48,0.08,2.09
Odisha,Nayagarh  ,Bhapur,2,Baghuapalli,0,13.05,13.05,0,0,0,13.05,0,2.32
Odisha,Nayagarh  ,Bhapur,3,Baigunia,0,14.33,12.8,1.54,0,0,14.33,0,0.3
Odisha,Nayagarh  ,Bhapur,4,Baunsabati,0,40.4,15.35,25.04,0,0,40.4,0,1.12
Odisha,Nayagarh  ,Bhapur,5,Bhagabanpur,0,26.75,14.16,12.46,0,0,26.62,0.13,0.53
Odisha,Nayagarh  ,Bhapur,6,Bhapur,0,32.5,32.55,0,0,0,32.55,-0.06,0.58
Odisha,Nayagarh  ,Bhapur,7,Bijipur,0,95.61,51.39,44.75,0,0,96.15,-0.54,0.03
Odisha,Nayagarh  ,Bhapur,8,Chakaradharprasad,0,22.42,21.65,0.6,0,0,22.25,0.18,1.6
Odisha,Nayagarh  ,Bhapur,9,Dhanchanagada,0,36.01,26.17,9.78,0,0,35.96,0.05,0.45
Odisha,Nayagarh  ,Bhapur,10,Fategarh,0,88.58,68.83,19.74,0,0,88.57,0.01,1.68
Odisha,Nayagarh  ,Bhapur,11,Golapakhari,0,33.01,31.03,3.18,0,0,34.21,-1.19,0.57
Odisha,Nayagarh  ,Bhapur,12,Kainfullia,0,6.33,6.07,0.27,0,0,6.35,-0.01,0.02
Odisha,Nayagarh  ,Bhapur,13,Karabara,0,58.99,46.31,13.65,0,0,59.96,-0.97,1.32
Odisha,Nayagarh  ,Bhapur,14,Kendupalli,0,25.43,10.82,14.61,0,0,25.43,0,0.17
Odisha,Nayagarh  ,Bhapur,15,Nimani,0,39.21,24.01,15.19,0,0,39.21,0,0.95
Odisha,Nayagarh  ,Bhapur,16,Padmabati,0,33.83,17.85,20.89,0,0,38.74,-4.91,0.56
Odisha,Nayagarh  ,Bhapur,17,Patharachakada,0,23.61,6.81,16.8,0,0,23.61,0,0.2
Odisha,Nayagarh  ,Bhapur,18,Rakama,0,19.46,12.73,6.73,0,0,19.46,0,0.17
Odisha,Nayagarh  ,Bhapur,19,Salapada,0,11.94,10.43,1.51,0,0,11.94,0,0.29
Odisha,Nayagarh  ,Bhapur,20,Sasana,0,73.66,40.57,33.08,0,0,73.66,0,0.35
Odisha,Nayagarh  ,Bhapur,,Total,0,732.69,493.91,246.02,0,0,739.92,-7.23,15.33
Odisha,Nayagarh  ,Bhapur,,Block Level Line Deptt.,0,0,178.76,355.67,0,0,534.44,-534.44,4.23
Odisha,Nayagarh  ,Bhapur,,Po,0,555.83,0,NA,NA,46.62,46.62,509.21,NA
Odisha,Nayagarh  ,Dasapalla,,Grand Total,0,1288.52,672.67,601.69,0,46.62,1320.98,-32.46,19.56
Odisha,Nayagarh  ,Dasapalla,1,Banigochha,0,9.3,8.58,0.51,0.01,0,9.1,0.2,0.21
Odisha,Nayagarh  ,Dasapalla,2,Bhogabadi,0,0.59,0.17,0.4,0.03,0,0.59,0,0
Odisha,Nayagarh  ,Dasapalla,3,Chadeyapalli,0,6.58,6.58,0,0,0,6.58,0,0.15
Odisha,Nayagarh  ,Dasapalla,4,Dihagaon,0,5.71,5.05,0.75,0,0,5.81,-0.1,0.04
Odisha,Nayagarh  ,Dasapalla,5,Duda,0,0.06,0.12,0,0,0,0.12,-0.07,0
Odisha,Nayagarh  ,Dasapalla,6,Gholahandi,0,8.05,8.05,0,0,0,8.05,0,0
Odisha,Nayagarh  ,Dasapalla,7,Ghugudipada,0,7.42,3.04,3.97,0.4,0,7.42,0,0.03
Odisha,Nayagarh  ,Dasapalla,8,Kalasakhaman,0,2.63,2.26,0.35,0.01,0,2.63,0,0
Odisha,Nayagarh  ,Dasapalla,9,Khamarasahi,0,6.56,4.35,2.09,0.12,0,6.56,0,0.01
Odisha,Nayagarh  ,Dasapalla,10,Kujamendhi,0,2.72,2.09,0.54,0.09,0,2.72,0,0
Odisha,Nayagarh  ,Dasapalla,11,Kulurukumpa,0,2.59,2.45,0.14,0,0,2.59,0,0.1
Odisha,Nayagarh  ,Dasapalla,12,Madhyakhanda,0,10.95,7.24,3.5,0.28,0,11.02,-0.07,0.04
Odisha,Nayagarh  ,Dasapalla,13,Nachhipur,0,2.03,2.03,0,0,0,2.03,0,0.06
Odisha,Nayagarh  ,Dasapalla,14,Nuagaon,0,5.26,5.19,0,0,0,5.19,0.07,0.07
Odisha,Nayagarh  ,Dasapalla,15,Pokharigochha,0,0.27,0.12,0.14,0,0,0.27,0,0
Odisha,Nayagarh  ,Dasapalla,16,Sariganda,0,4.78,3.04,1.64,0.1,0,4.78,0,0.04
Odisha,Nayagarh  ,Dasapalla,17,Simlisahi,0,2.75,2.07,0.74,0.03,0,2.84,-0.09,0
Odisha,Nayagarh  ,Dasapalla,18,Takara,0,1.83,1.83,0,0,0,1.83,0,0.05
Odisha,Nayagarh  ,Dasapalla,19,Tendabadi,0,1.34,1.34,0,0,0,1.34,0,0.01
Odisha,Nayagarh  ,Dasapalla,20,Tumandi,0,4.32,4.29,0,0,0,4.29,0.03,0.03
Odisha,Nayagarh  ,Dasapalla,,Total,0,85.75,69.92,14.77,1.09,0,85.77,-0.02,0.85
Odisha,Nayagarh  ,Dasapalla,,Block Level Line Deptt.,0,0,463.03,95.51,5.44,0,563.98,-563.98,3.62
Odisha,Nayagarh  ,Dasapalla,,Po,0,548.87,0,NA,NA,30.9,30.9,517.97,NA
Odisha,Nayagarh  ,Gania,,Grand Total,0,634.62,532.95,110.28,6.53,30.9,680.65,-46.03,4.47
Odisha,Nayagarh  ,Gania,1,Adakata,0,11.57,9.5,2.03,0,0,11.52,0.05,0.19
Odisha,Nayagarh  ,Gania,2,Badasilinga,0,5.62,5.38,0,0,0,5.38,0.24,0.06
Odisha,Nayagarh  ,Gania,3,Belpada Patna,0,6.39,5.97,0.42,0,0,6.39,0,0
Odisha,Nayagarh  ,Gania,4,Chhamundia,0,21.28,19.63,1.86,0,0,21.49,-0.21,0.12
Odisha,Nayagarh  ,Gania,5,Gania,0,2.35,2.35,0,0,0,2.35,0,0
Odisha,Nayagarh  ,Gania,6,Karadapada,0,5.56,5.17,0,0,0,5.17,0.4,0.14
Odisha,Nayagarh  ,Gania,7,Kishore Prasad,0,3.87,2.96,0.93,0,0,3.89,-0.02,0.06
Odisha,Nayagarh  ,Gania,8,Rasang,0,8.18,7.89,0.06,0,0,7.94,0.24,0.23
Odisha,Nayagarh  ,Gania,,Total,0,64.83,58.82,5.3,0,0,64.13,0.7,0.8
Odisha,Nayagarh  ,Gania,,Block Level Line Deptt.,0,0,41.44,36.2,0,0,77.64,-77.64,1.63
Odisha,Nayagarh  ,Gania,,Po,0,70.59,0,NA,NA,15.12,15.12,55.47,NA
Odisha,Nayagarh  ,Khandapara,,Grand Total,0,135.42,100.26,41.5,0,15.12,156.89,-21.47,2.43
Odisha,Nayagarh  ,Khandapara,1,Bada Banapur,0,0.01,0.01,0,0,0,0.01,0,0
Odisha,Nayagarh  ,Khandapara,2,Balabhadraprasad,0,80.46,51.3,29.58,0,0,80.88,-0.42,0.02
Odisha,Nayagarh  ,Khandapara,3,Banamalipur,0,7.15,7.03,0.12,0,0,7.15,0,0.13
Odisha,Nayagarh  ,Khandapara,4,Benagadia,0,34.4,18.1,16.31,0,0,34.4,0,0.21
Odisha,Nayagarh  ,Khandapara,5,Bodasa,0,10.91,7.79,3.39,0,0,11.18,-0.27,0.02
Odisha,Nayagarh  ,Khandapara,6,Gadia Sahi,0,7.36,5.68,1.68,0,0,7.36,0,0.35
Odisha,Nayagarh  ,Khandapara,7,Gunthuni,0,2.62,2.62,0,0,0,2.62,0,0
Odisha,Nayagarh  ,Khandapara,8,Jagannath Prasad,0,16,11.14,4.86,0,0,16,0,0.11
Odisha,Nayagarh  ,Khandapara,9,Jogiapalli,0,11.48,9.21,2.28,0,0,11.48,0,0.06
Odisha,Nayagarh  ,Khandapara,10,Kantilo,0,4.59,1.68,2.92,0,0,4.59,0,0.01
Odisha,Nayagarh  ,Khandapara,11,Khalisahi,0,3.74,3.74,0,0,0,3.74,0,0.08
Odisha,Nayagarh  ,Khandapara,12,Kiajhar,0,18.64,12.26,6.39,0,0,18.64,0,0.46
Odisha,Nayagarh  ,Khandapara,13,Koska,0,23.27,20.08,2.56,0,0,22.63,0.63,0.94
Odisha,Nayagarh  ,Khandapara,14,Kumbharpada,0,0.88,0.88,0,0,0,0.88,0,0.09
Odisha,Nayagarh  ,Khandapara,15,Mardarajpur,0,9.73,6.44,3.29,0,0,9.73,0,0
Odisha,Nayagarh  ,Khandapara,16,Ranichheli,0,14.01,12.39,1.58,0,0,13.97,0.05,0.91
Odisha,Nayagarh  ,Khandapara,17,Ranipada,0,19.54,12.39,7.2,0,0,19.58,-0.05,0.29
Odisha,Nayagarh  ,Khandapara,18,Rath. Dholamara,0,13.56,12.38,1.2,0,0,13.58,-0.02,0.26
Odisha,Nayagarh  ,Khandapara,19,Salajharia,0,0.02,0.02,0,0,0,0.02,0,0
Odisha,Nayagarh  ,Khandapara,20,Sidhamula,0,8.17,8.17,0,0,0,8.17,0,0.05
Odisha,Nayagarh  ,Khandapara,21,Sikharpur,0,0.24,0.24,0,0,0,0.24,0,0
Odisha,Nayagarh  ,Khandapara,22,Singhapada,0,0.38,0.38,0,0,0,0.38,0,0.14
Odisha,Nayagarh  ,Khandapara,,Total,0,287.18,203.91,83.33,0,0,287.25,-0.07,4.14
Odisha,Nayagarh  ,Khandapara,,Block Level Line Deptt.,0,0,235.13,97.79,0,0,332.92,-332.92,8.13
Odisha,Nayagarh  ,Khandapara,,Po,0,342.68,0,NA,NA,33.87,33.87,308.81,NA
Odisha,Nayagarh  ,Nayagarh,,Grand Total,0,629.86,439.04,181.12,0,33.87,654.04,-24.18,12.27
Odisha,Nayagarh  ,Nayagarh,1,Badapandusar,0,7.16,7.16,0,0,0,7.16,0,0.4
Odisha,Nayagarh  ,Nayagarh,2,Balugaon,0,13.1,12.92,0,0,0,12.92,0.18,0.2
Odisha,Nayagarh  ,Nayagarh,3,Baunsia Pada,0,3.04,2.01,1.03,0,0,3.04,0,0
Odisha,Nayagarh  ,Nayagarh,4,Bhatasahi,0,8.9,7.96,0.93,0,0,8.9,0,0.07
Odisha,Nayagarh  ,Nayagarh,5,Biruda,0,52.16,35.29,16.64,0.23,0,52.16,0,0.11
Odisha,Nayagarh  ,Nayagarh,6,Champatipur,0,3.12,3.12,0,0,0,3.12,0,0
Odisha,Nayagarh  ,Nayagarh,7,Chandibasta,0,10.64,10.43,0.21,0,0,10.64,0,0.18
Odisha,Nayagarh  ,Nayagarh,8,Gadadhar Prasad,0,18.46,17.58,0.83,0,0,18.4,0.06,0.07
Odisha,Nayagarh  ,Nayagarh,9,Gambharidihi,0,8.8,8.8,0,0,0,8.8,0,0.17
Odisha,Nayagarh  ,Nayagarh,10,Ghadual,0,2.94,2.94,0,0,0,2.94,0,0.65
Odisha,Nayagarh  ,Nayagarh,11,Ikiri,0,18.63,15.43,3.19,0,0,18.63,0,0.78
Odisha,Nayagarh  ,Nayagarh,12,Itamati,0,19.78,19.16,0.62,0,0,19.78,0,0.2
Odisha,Nayagarh  ,Nayagarh,13,Jemadeipur Patna,0,7.89,7.89,0,0,0,7.89,0,0.1
Odisha,Nayagarh  ,Nayagarh,14,Kalikaprasad,0,6.81,6.39,0.41,0,0,6.8,0.01,0.1
Odisha,Nayagarh  ,Nayagarh,15,Kendudhipi,0,14.04,13.63,0.41,0,0,14.04,0,0.07
Odisha,Nayagarh  ,Nayagarh,16,Khuntubandha,0,15.86,15.76,0.1,0,0,15.86,0,0.17
Odisha,Nayagarh  ,Nayagarh,17,Kirdas Pur,0,25.55,25.22,0.03,0.01,0,25.26,0.28,0.21
Odisha,Nayagarh  ,Nayagarh,18,Lathipada,0,21.12,20.58,0.41,0,0,20.99,0.12,0.42
Odisha,Nayagarh  ,Nayagarh,19,Laxmiprasad,0,8.93,8.62,0.31,0,0,8.93,0,0.41
Odisha,Nayagarh  ,Nayagarh,20,Lenkudi Pada,0,9.11,8.49,0.62,0,0,9.11,0,0.05
Odisha,Nayagarh  ,Nayagarh,21,Machhipada,0,2.39,2.39,0,0,0,2.39,0,0.08
Odisha,Nayagarh  ,Nayagarh,22,Muthagadia,0,15.98,15.88,0.1,0,0,15.98,0,0.09
Odisha,Nayagarh  ,Nayagarh,23,Nabaghanapur,0,5.58,4.96,0.62,0,0,5.58,0,0
Odisha,Nayagarh  ,Nayagarh,24,Nadiali,0,20.43,20.16,0.27,0,0,20.43,0,0.09
Odisha,Nayagarh  ,Nayagarh,25,Natugaon,0,14.84,14.23,0.62,0,0,14.84,0,0.15
Odisha,Nayagarh  ,Nayagarh,26,Notar,0,23.08,20.76,2.3,0.02,0,23.08,0,0.26
Odisha,Nayagarh  ,Nayagarh,27,Sarankul,0,5.52,5.32,0.21,0,0,5.52,0,0.03
Odisha,Nayagarh  ,Nayagarh,28,Sharadha Pur,0,11.44,8.89,2.58,0,0,11.46,-0.02,0.11
Odisha,Nayagarh  ,Nayagarh,29,Sinduria,0,6.92,5.68,1.24,0,0,6.92,0,0.08
Odisha,Nayagarh  ,Nayagarh,,Total,0,382.23,347.65,33.69,0.26,0,381.6,0.63,5.25
Odisha,Nayagarh  ,Nayagarh,,Block Level Line Deptt.,0,0,47.82,44.05,0.5,0,92.38,-92.38,0.92
Odisha,Nayagarh  ,Nayagarh,,Po,0,124.7,0,NA,NA,30.83,30.83,93.87,NA
Odisha,Nayagarh  ,Nuagaon,,Grand Total,0,506.93,395.47,77.74,0.76,30.83,504.81,2.12,6.17
Odisha,Nayagarh  ,Nuagaon,1,Badagotha,0,2.95,1.8,1.15,0,0,2.95,0,0
Odisha,Nayagarh  ,Nuagaon,2,Bahadajhola,0,14.19,12.74,1.49,0,0,14.23,-0.04,0.05
Odisha,Nayagarh  ,Nuagaon,3,Beruan Bari,0,20.11,13.11,6.84,0.04,0,19.99,0.12,0.03
Odisha,Nayagarh  ,Nuagaon,4,Chahali,0,0.2,0,0.2,0,0,0.2,0,0
Odisha,Nayagarh  ,Nuagaon,5,Dhenkena,0,0.5,0.2,0.3,0,0,0.5,0,0
Odisha,Nayagarh  ,Nuagaon,6,Durdura,0,9.28,9.01,0.26,0,0,9.27,0.01,0
Odisha,Nayagarh  ,Nuagaon,7,Gateri,0,7.98,7.27,0.73,0,0,8,-0.03,0
Odisha,Nayagarh  ,Nuagaon,8,Gumi,0,9.21,9.32,0,0,0,9.32,-0.11,0.03
Odisha,Nayagarh  ,Nuagaon,9,Haripura,0,8.44,5.63,2.81,0,0,8.44,0,0.12
Odisha,Nayagarh  ,Nuagaon,10,Jakeda,0,9.9,9.9,0,0,0,9.9,0,0.31
Odisha,Nayagarh  ,Nuagaon,11,Kaptapalli,0,16.76,15.66,0.82,0,0,16.47,0.29,0.16
Odisha,Nayagarh  ,Nuagaon,12,Khandugaon,0,0.27,0.17,0.1,0,0,0.27,0,0
Odisha,Nayagarh  ,Nuagaon,13,Korada,0,0.8,0.77,0,0,0,0.77,0.03,0.05
Odisha,Nayagarh  ,Nuagaon,14,Mahipura,0,6.46,4.98,1.34,0.02,0,6.34,0.12,0
Odisha,Nayagarh  ,Nuagaon,15,Maichheli,0,3.29,2.87,0.25,0,0,3.12,0.17,0.08
Odisha,Nayagarh  ,Nuagaon,16,Malisahi,0,0.03,0.03,0,0,0,0.03,0,0
Odisha,Nayagarh  ,Nuagaon,17,Nuagaon,0,15.63,13.51,2.09,0.03,0,15.63,0,0.08
Odisha,Nayagarh  ,Nuagaon,18,Paradhipi,0,5.86,4.98,0.86,0,0,5.83,0.03,0.09
Odisha,Nayagarh  ,Nuagaon,19,Sikrida,0,3.11,1.58,1.51,0,0,3.09,0.01,0
Odisha,Nayagarh  ,Nuagaon,20,Singarapalli,0,7.96,8.11,0,0,0,8.1,-0.14,0.02
Odisha,Nayagarh  ,Nuagaon,21,Sorada,0,27.4,26.33,1.06,0.01,0,27.4,0,0.26
Odisha,Nayagarh  ,Nuagaon,22,Udaypur,0,3.39,3.35,0,0,0,3.35,0.04,0.03
Odisha,Nayagarh  ,Nuagaon,,Total,0,173.7,151.31,21.8,0.1,0,173.22,0.49,1.31
Odisha,Nayagarh  ,Nuagaon,,Block Level Line Deptt.,0,0,418.27,142.72,0.26,0,561.25,-561.25,12.12
Odisha,Nayagarh  ,Nuagaon,,Po,4.04,516.8,0,NA,NA,36.99,36.99,479.81,NA
Odisha,Nayagarh  ,Odagaon,,Grand Total,4.04,690.5,569.58,164.52,0.36,36.99,771.46,-80.95,13.43
Odisha,Nayagarh  ,Odagaon,1,Angisingi,0,10.88,10.28,0.6,0,0,10.88,0,0.06
Odisha,Nayagarh  ,Odagaon,2,Arada,0,12.89,8.54,4.32,0.03,0,12.89,0,0.03
Odisha,Nayagarh  ,Odagaon,3,Badagorada,0,7.65,7.36,0.3,0,0,7.66,0,0.07
Odisha,Nayagarh  ,Odagaon,4,Banthapur,0,36.57,34.48,2.07,0.02,0,36.57,0,0.36
Odisha,Nayagarh  ,Odagaon,5,Barasahi,0,8.66,8.48,0.05,0,0,8.53,0.14,0.19
Odisha,Nayagarh  ,Odagaon,6,Bhadikila,0,8.94,6.93,1.85,0.16,0,8.94,0,0.09
Odisha,Nayagarh  ,Odagaon,7,Bhaliadihi,0,3.9,2.99,0.91,0,0,3.9,0,2.01
Odisha,Nayagarh  ,Odagaon,8,Dalak,0,0,0,0,0,0,0,0,0
Odisha,Nayagarh  ,Odagaon,9,Dimisar,0,3.84,3.74,0.1,0,0,3.84,0,0.1
Odisha,Nayagarh  ,Odagaon,10,Giridipalli,0,23.61,22.75,0.86,0,0,23.61,0,0.38
Odisha,Nayagarh  ,Odagaon,11,Godipada,0,8.99,8.07,0.95,0.01,0,9.03,-0.04,0.07
Odisha,Nayagarh  ,Odagaon,12,Godipalli,0,4.01,3.99,0,0,0,3.99,0.01,0.05
Odisha,Nayagarh  ,Odagaon,13,Golagaon,0,5.85,5.34,0.5,0,0,5.84,0.01,0.02
Odisha,Nayagarh  ,Odagaon,14,Gotisahi,0,3.84,3.84,0,0,0,3.84,0,0
Odisha,Nayagarh  ,Odagaon,15,Goudput,0,6.87,5.31,1.56,0,0,6.87,0,0.17
Odisha,Nayagarh  ,Odagaon,16,Haridabandh,0,12.33,12.28,0.05,0,0,12.33,0,0.16
Odisha,Nayagarh  ,Odagaon,17,Hariharpur,0,4.76,4.76,0,0,0,4.76,0,1
Odisha,Nayagarh  ,Odagaon,18,Kajalaipalli,0,2.91,2.86,0,0,0,2.86,0.06,0.06
Odisha,Nayagarh  ,Odagaon,19,Komanda,0,7.52,6.55,0.97,0.01,0,7.54,-0.02,0.13
Odisha,Nayagarh  ,Odagaon,20,Korapitha,0,4.26,4.23,0.1,0,0,4.33,-0.07,0.06
Odisha,Nayagarh  ,Odagaon,21,Kurala,0,17.12,13.58,3.18,0.4,0,17.17,-0.05,0.35
Odisha,Nayagarh  ,Odagaon,22,Magarbandha,0,20.09,19.19,0.9,0,0,20.09,0,0.11
Odisha,Nayagarh  ,Odagaon,23,Nandighor,0,22.84,22.55,0.29,0.01,0,22.84,0,0.42
Odisha,Nayagarh  ,Odagaon,24,Odagaon,0,0,0,0,0,0,0,0,0
Odisha,Nayagarh  ,Odagaon,25,P. Manpur,0,2.39,2.39,0,0,0,2.39,0,0.88
Odisha,Nayagarh  ,Odagaon,26,Panchumu,0,4.1,3.3,0.8,0,0,4.1,0,0.06
Odisha,Nayagarh  ,Odagaon,27,Panderipada,0,7.21,5.75,1.47,0,0,7.21,0,0.15
Odisha,Nayagarh  ,Odagaon,28,Pantikhari,0,4.17,4.12,0.03,0,0,4.15,0.02,0.02
Odisha,Nayagarh  ,Odagaon,29,Rabera,0,8.74,8.64,0.1,0,0,8.74,0,0.07
Odisha,Nayagarh  ,Odagaon,30,Rabigadia,0,5.85,4.61,1.07,0.19,0,5.87,-0.02,0
Odisha,Nayagarh  ,Odagaon,31,Rangani Patna,0,3.05,3.07,0,0,0,3.07,-0.02,0.11
Odisha,Nayagarh  ,Odagaon,32,Rohibanka,0,1.25,0.97,0.3,0,0,1.28,-0.02,0
Odisha,Nayagarh  ,Odagaon,33,Sakeri,0,12.32,10.7,1.56,0.09,0,12.35,-0.03,0
Odisha,Nayagarh  ,Odagaon,34,Saradhapur,0,10.57,10.42,0.15,0,0,10.57,0,0.14
Odisha,Nayagarh  ,Odagaon,35,Sarankul,0,4.51,4.51,0,0,0,4.51,0,0.13
Odisha,Nayagarh  ,Odagaon,36,Sikharpur,0,4.1,4.1,0,0,0,4.1,0,0.34
Odisha,Nayagarh  ,Odagaon,37,Solapata,0,5.72,5.62,0.1,0,0,5.72,0,0.24
Odisha,Nayagarh  ,Odagaon,38,Sunamuhin,0,15.39,14.66,0.69,0.04,0,15.39,0,0
Odisha,Nayagarh  ,Odagaon,,Total,0,327.69,300.93,25.86,0.96,0,327.75,-0.05,8.02
Odisha,Nayagarh  ,Odagaon,,Block Level Line Deptt.,0,0,58.67,100.03,6.61,0,165.31,-165.31,1.79
Odisha,Nayagarh  ,Odagaon,,Po,0,149.31,0,NA,NA,41.77,41.77,107.54,NA
Odisha,Nayagarh  ,Ranapur,,Grand Total,0,477,359.6,125.89,7.57,41.77,534.83,-57.82,9.81
Odisha,Nayagarh  ,Ranapur,1,Bajrakote,0,2.95,2.95,0,0,0,2.95,0,0.26
Odisha,Nayagarh  ,Ranapur,2,Balabhadrapur,0,13.77,13.36,0.41,0,0,13.77,0,0.08
Odisha,Nayagarh  ,Ranapur,3,Bandhamunda,0,12,10.53,1.44,0,0,11.97,0.03,0.17
Odisha,Nayagarh  ,Ranapur,4,Baunsagarh,0,13.84,13.15,0.67,0.03,0,13.86,-0.01,0.24
Odisha,Nayagarh  ,Ranapur,5,Brajarajpur,0,13.76,7.09,6.31,0.07,0,13.48,0.29,0.2
Odisha,Nayagarh  ,Ranapur,6,Brundabana Pur,0,8.19,8.1,0,0,0,8.1,0.09,0.13
Odisha,Nayagarh  ,Ranapur,7,Champagarh,0,5.9,5.79,0,0,0,5.79,0.1,0.82
Odisha,Nayagarh  ,Ranapur,8,Champapedi,0,4.55,4.59,0,0,0,4.59,-0.04,0.52
Odisha,Nayagarh  ,Ranapur,9,Chandpur,0,2.42,2.41,0,0,0,2.41,0.01,0.4
Odisha,Nayagarh  ,Ranapur,10,Damasahi,0,16.17,13.78,2.3,0.07,0,16.15,0.02,0.11
Odisha,Nayagarh  ,Ranapur,11,Darpanarayan Pur,0,11.21,10.17,1.04,0.02,0,11.23,-0.02,0.26
Odisha,Nayagarh  ,Ranapur,12,Gadabanikilo,0,6.56,6.56,0,0,0,6.56,0,0
Odisha,Nayagarh  ,Ranapur,13,Gopalpur,0,9.08,9.02,0,0,0,9.02,0.06,0.13
Odisha,Nayagarh  ,Ranapur,14,Gourangpur,0,12.62,12.63,0,0,0,12.63,0,0.54
Odisha,Nayagarh  ,Ranapur,15,Hansara,0,3.94,2.55,1.29,0.03,0,3.88,0.06,0.65
Odisha,Nayagarh  ,Ranapur,16,Jhadapada,0,5.74,5.45,0,0,0,5.45,0.29,0.26
Odisha,Nayagarh  ,Ranapur,17,Kandapada,0,5.19,5.11,0,0,0,5.11,0.09,0.08
Odisha,Nayagarh  ,Ranapur,18,Kandha Nayagarh,0,7.74,6.26,1.44,0.05,0,7.75,-0.01,0.05
Odisha,Nayagarh  ,Ranapur,19,Kasanda,0,23.66,23.68,0,0,0,23.68,-0.02,0.1
Odisha,Nayagarh  ,Ranapur,20,Kerendatangi,0,10.04,10.02,0,0,0,10.02,0.02,0.25
Odisha,Nayagarh  ,Ranapur,21,Khairpalli,0,1.9,1.87,0,0,0,1.87,0.03,0.02
Odisha,Nayagarh  ,Ranapur,22,Khatia,0,11.82,11.82,0,0,0,11.82,0,0.13
Odisha,Nayagarh  ,Ranapur,23,Kulasar,0,4.45,4.35,0,0,0,4.35,0.1,0
Odisha,Nayagarh  ,Ranapur,24,Lodhachua,0,9.88,9.85,0,0,0,9.85,0.03,0.09
Odisha,Nayagarh  ,Ranapur,25,Mahatpala,0,11.77,11.75,0,0,0,11.75,0.02,0.27
Odisha,Nayagarh  ,Ranapur,26,Majhiakhanda,0,5.69,5.45,0,0,0,5.45,0.23,0.14
Odisha,Nayagarh  ,Ranapur,27,Mayurjhalia,0,10.86,7.06,3.77,0.03,0,10.86,0,0.95
Odisha,Nayagarh  ,Ranapur,28,Narasinghpur,0,7.16,7.15,0,0,0,7.15,0.02,0.05
Odisha,Nayagarh  ,Ranapur,29,Narendrapur,0,5.16,5.12,0,0,0,5.12,0.04,0.9
Odisha,Nayagarh  ,Ranapur,30,Patia,0,11.36,11.35,0,0,0,11.35,0.01,0.33
Odisha,Nayagarh  ,Ranapur,31,Pimpal,0,5.62,5.52,0,0,0,5.52,0.1,0.04
Odisha,Nayagarh  ,Ranapur,32,Raipada,0,5.97,5.95,0,0,0,5.95,0.02,0.19
Odisha,Nayagarh  ,Ranapur,33,Raj-Jankia,0,10.62,9.12,1.45,0.04,0,10.61,0.01,0.65
Odisha,Nayagarh  ,Ranapur,34,Raj-Sunakhala,0,11.85,11.86,0,0,0,11.86,-0.01,0.57
Odisha,Nayagarh  ,Ranapur,35,Rankadeuli,0,6.02,6,0,0,0,6,0.02,0.16
Odisha,Nayagarh  ,Ranapur,36,Surukabadi,0,15.88,15.84,0.05,0.01,0,15.89,-0.01,0.06
Odisha,Nayagarh  ,Ranapur,37,Talakani,0,8.01,8.02,0,0,0,8.02,0,0.16
Odisha,Nayagarh  ,Ranapur,,Total,0,333.37,311.3,20.17,0.36,0,331.83,1.54,9.95
Odisha,Nayagarh  ,Ranapur,,Block Level Line Deptt.,0,0,85.56,96.03,1.21,0,182.81,-182.81,1.59
Odisha,Nayagarh  ,Ranapur,,Po,0,169.14,0,NA,NA,26.29,26.29,142.85,NA
Odisha,Nayagarh  ,Astaranga,,Grand Total,0,502.51,396.86,116.2,1.57,26.29,540.93,-38.42,11.54
Odisha,Puri ,Astaranga,1,Alangapur,0,4.09,3.68,0.41,0,0,4.1,-0.01,0.01
Odisha,Puri ,Astaranga,2,Alasahi,0,2.37,2.2,0.18,0,0,2.38,-0.01,0
Odisha,Puri ,Astaranga,3,Astarang,0,4.95,4.73,3.1,0,0,7.83,-2.88,0
Odisha,Puri ,Astaranga,4,Chhuriana,0,8.35,8.13,1.07,0,0,9.2,-0.85,0.03
Odisha,Puri ,Astaranga,5,Jhadaling,0,2.19,2.04,0.16,0,0,2.19,0,0
Odisha,Puri ,Astaranga,6,Kendrapati,0,3.78,3.95,0,0,0,3.95,-0.17,0.04
Odisha,Puri ,Astaranga,7,Korana,0,5.27,5.13,0.7,0,0,5.83,-0.56,0.01
Odisha,Puri ,Astaranga,8,Manduki (New),0,4.3,3.64,0.75,0,0,4.38,-0.08,0
Odisha,Puri ,Astaranga,9,Nagar,0,9.36,8.79,0.55,0,0,9.34,0.02,0.05
Odisha,Puri ,Astaranga,10,Naiguan,0,2.01,2.01,0,0,0,2.01,0,0
Odisha,Puri ,Astaranga,11,Nuagarh,0,3.37,3.33,0.04,0,0,3.37,0,0.02
Odisha,Puri ,Astaranga,12,Patalada,0,2.65,2.52,0.19,0,0,2.71,-0.07,0.01
Odisha,Puri ,Astaranga,13,Saripur,0,8.73,8.37,4.31,0,0,12.68,-3.95,0.06
Odisha,Puri ,Astaranga,14,Sisuo,0,9.74,9.78,2.83,0,0,12.6,-2.86,0.27
Odisha,Puri ,Astaranga,15,Talada,0,3.46,2.79,0.65,0,0,3.44,0.02,0.01
Odisha,Puri ,Astaranga,,Total,0,74.62,71.1,14.93,0,0,86.02,-11.4,0.52
Odisha,Puri ,Astaranga,,Block Level Line Deptt.,0,0,199.94,185.09,0,2.7,387.72,-387.72,4.58
Odisha,Puri ,Astaranga,,Po,0,34.31,0,NA,NA,18.55,18.55,15.76,NA
Odisha,Puri ,Brahmagiri,,Grand Total,0,108.93,271.04,200.02,0,21.25,492.29,-383.36,5.1
Odisha,Puri ,Brahmagiri,1,Ambapada,-0.05,18.29,18.26,0.14,0,0,18.4,-0.11,0.11
Odisha,Puri ,Brahmagiri,2,Badabenakudi,0,13.44,13.53,0,0,0,13.53,-0.09,0.05
Odisha,Puri ,Brahmagiri,3,Balikerapachhipala,0,12.97,11.31,1.73,0,0,13.04,-0.08,0.18
Odisha,Puri ,Brahmagiri,4,Bentapur,-0.02,29.13,29.65,0,0,0,29.65,-0.53,0.4
Odisha,Puri ,Brahmagiri,5,Bhubanpur,-0.14,31,29.12,2.05,0,0,31.17,-0.17,0.05
Odisha,Puri ,Brahmagiri,6,Brahmania,0,15.85,12.75,3.27,0,0,16.02,-0.17,0.02
Odisha,Puri ,Brahmagiri,7,Bramhagiri,0,19.29,18.56,0.87,0,0,19.43,-0.15,0.41
Odisha,Puri ,Brahmagiri,8,Chapamanika,0,10.47,10.5,0.32,0,0,10.83,-0.36,0.02
Odisha,Puri ,Brahmagiri,9,Dharani Kudi,0,27.09,27.64,0,0,0,27.64,-0.55,0.13
Odisha,Puri ,Brahmagiri,10,Dimirisena,-0.08,18.17,17.91,0.14,0,0,18.05,0.12,0.05
Odisha,Puri ,Brahmagiri,11,Gadarodanga,-0.01,12.3,12.7,0,0,0,12.7,-0.4,0
Odisha,Puri ,Brahmagiri,12,Ghatakudi,0,19.96,20,0.13,0,0,20.13,-0.17,0.14
Odisha,Puri ,Brahmagiri,13,Goruala,0,8.51,8.73,0,0,0,8.73,-0.23,0.07
Odisha,Puri ,Brahmagiri,14,Kadajit,0,16.46,12.88,3.59,0,0,16.47,-0.01,0
Odisha,Puri ,Brahmagiri,15,Kahalapada,0,8.99,9,0.37,0,0,9.37,-0.39,0.14
Odisha,Puri ,Brahmagiri,16,Kandagoda,0,24.7,24.81,0,0,0,24.81,-0.1,0.26
Odisha,Puri ,Brahmagiri,17,Kapileswar Pur,0,31.76,29.52,1.88,0,0,31.4,0.36,0.36
Odisha,Puri ,Brahmagiri,18,Kusubenti,-0.02,59.16,56.95,2.18,0,0,59.13,0.02,0.54
Odisha,Puri ,Brahmagiri,19,Manapada,0,20.68,20.73,0.03,0,0,20.77,-0.09,0.14
Odisha,Puri ,Brahmagiri,20,Niajapur,0,9.23,9.57,0,0,0,9.57,-0.34,0.03
Odisha,Puri ,Brahmagiri,21,Palanka,0,5.84,6,0,0,0,6,-0.16,0
Odisha,Puri ,Brahmagiri,22,Rahada Mala,-0.09,12.48,11.29,1.54,0,0,12.83,-0.35,0.18
Odisha,Puri ,Brahmagiri,23,Raybidhara,0,16.4,16.57,0.05,0,0,16.62,-0.22,0.21
Odisha,Puri ,Brahmagiri,24,Rebana Nuagaon,-0.02,22.35,22.55,0,0,0,22.55,-0.2,0.19
Odisha,Puri ,Brahmagiri,25,Talamala,0,17.94,18.08,0.1,0,0,18.18,-0.24,0.14
Odisha,Puri ,Brahmagiri,,Total,-0.44,482.43,468.62,18.39,0,0,487.01,-4.58,3.82
Odisha,Puri ,Brahmagiri,,Block Level Line Deptt.,-1.07,-1.07,127.23,67.78,0,4.91,199.92,-200.99,0.49
Odisha,Puri ,Brahmagiri,,Po,0,44.25,0,NA,NA,28.71,28.71,15.54,NA
Odisha,Puri ,Delanga,,Grand Total,-1.51,525.61,595.85,86.17,0,33.62,715.64,-190.03,4.31
Odisha,Puri ,Delanga,1,Abhayamukhi,0,1.35,1.22,0,0,0,1.22,0.13,0.09
Odisha,Puri ,Delanga,2,Arishal,0,5.5,6.08,3.03,0.52,0,9.64,-4.14,0.38
Odisha,Puri ,Delanga,3,Beraboi,0,0.58,0.57,0,0,0,0.57,0,0
Odisha,Puri ,Delanga,4,Chainpur,0,0,1.28,2.36,0.4,0,4.03,-4.03,0
Odisha,Puri ,Delanga,5,Delang Kothabara,0,2.79,2.53,1.79,0.28,0,4.61,-1.81,0.22
Odisha,Puri ,Delanga,6,Dhanakera,0,0.3,0.26,1.16,0.15,0,1.57,-1.26,0
Odisha,Puri ,Delanga,7,Gadamotari,0,1.15,0.26,0,0,0,0.26,0.89,0.01
Odisha,Puri ,Delanga,8,Ghanipur,0,0.31,0.14,0,0,0,0.14,0.17,0
Odisha,Puri ,Delanga,9,Gualipara,0,17.96,20.16,1.54,0.26,0,21.96,-4.01,0.52
Odisha,Puri ,Delanga,10,Gudiputa Matiapada,0,0.93,0.55,0,0,0,0.55,0.37,0.05
Odisha,Puri ,Delanga,11,Harirajpur,0,1.72,1.11,0,0,0,1.11,0.61,0.03
Odisha,Puri ,Delanga,12,Jenapur,0,4.29,6.5,10.87,1.66,0,19.02,-14.73,0.11
Odisha,Puri ,Delanga,13,Kalyan Pur,0,1.83,1.36,1.06,0.17,0,2.58,-0.75,0.02
Odisha,Puri ,Delanga,14,Khelaur,0,0,0.65,1.35,0.25,0,2.24,-2.24,0
Odisha,Puri ,Delanga,15,Muninda,0,1.38,1.48,0,0,0,1.48,-0.1,0.12
Odisha,Puri ,Delanga,16,Rench,0,0.49,0.88,0,0,0,0.88,-0.39,0
Odisha,Puri ,Delanga,17,Rengala,0,0.96,1.78,0,0,0,1.78,-0.83,0.04
Odisha,Puri ,Delanga,18,Sauria,0,2.39,3.07,0,0,0,3.07,-0.68,0.01
Odisha,Puri ,Delanga,19,Singhbramhapur,0,2.74,3.99,1.78,0.25,0,6.02,-3.28,0.05
Odisha,Puri ,Delanga,20,Sripurusottampur,0,1.91,2.99,0.21,0.05,0,3.24,-1.33,0.08
Odisha,Puri ,Delanga,21,Sujanpur,0,0,0.23,0,0,0,0.23,-0.23,0
Odisha,Puri ,Delanga,,Total,0,48.58,57.09,25.15,3.99,0,86.23,-37.65,1.73
Odisha,Puri ,Delanga,,Block Level Line Deptt.,-0.37,-0.37,518.41,250.93,0.51,5.3,775.16,-775.53,16.66
Odisha,Puri ,Delanga,,Po,0,298.75,0,NA,NA,24.13,24.13,274.62,NA
Odisha,Puri ,Gop,,Grand Total,-0.37,346.96,575.5,276.08,4.5,29.43,885.52,-538.56,18.39
Odisha,Puri ,Gop,1,Achyutapur,0,23.64,15.36,10.39,0,0,25.75,-2.11,0.11
Odisha,Puri ,Gop,2,Andaraichhapur,0,1.07,2.16,0.06,0,0,2.22,-1.15,0
Odisha,Puri ,Gop,3,Badagaon,0,0.47,1.16,3.04,0,0,4.2,-3.73,0.03
Odisha,Puri ,Gop,4,Badatara,0,2.03,2.77,1.16,0,0,3.93,-1.9,0.03
Odisha,Puri ,Gop,5,Banakhandi,0,0,1.2,1.46,0,0,2.66,-2.66,0
Odisha,Puri ,Gop,6,Bania Sahi,0,2.55,3.79,4.45,0,0,8.24,-5.69,0.25
Odisha,Puri ,Gop,7,Bantaligrama,0,0,0.83,1.16,0,0,1.99,-1.99,0
Odisha,Puri ,Gop,8,Baulanga,0,0.8,3.32,0.71,0,0,4.03,-3.23,0.06
Odisha,Puri ,Gop,9,Bedapur,0,0,1.15,0,0,0,1.15,-1.15,0.02
Odisha,Puri ,Gop,10,Biratunga,0,12.26,12.56,4.78,0,0,17.34,-5.08,0.88
Odisha,Puri ,Gop,11,Chhaitana,0,5.54,7.17,1.73,0,0,8.91,-3.37,0.26
Odisha,Puri ,Gop,12,Davara,0,0.58,0.83,0,0,0,0.83,-0.25,0.02
Odisha,Puri ,Gop,13,Destali,0,7.22,4.74,5.72,0,0,10.46,-3.24,0.28
Odisha,Puri ,Gop,14,Dhumala,0,0,2.08,0,0,0,2.08,-2.08,0.03
Odisha,Puri ,Gop,15,Erabanga,0,0,2.15,0.1,0,0,2.25,-2.25,0.02
Odisha,Puri ,Gop,16,Gadabhingura,0,3.38,4.33,1.91,0,0,6.24,-2.86,0.45
Odisha,Puri ,Gop,17,Ganeswarpur,0,5.81,7.66,0,0,0,7.66,-1.85,0.02
Odisha,Puri ,Gop,18,Gop,0,1.36,1.86,2.26,0,0,4.12,-2.76,0
Odisha,Puri ,Gop,19,Ishanpur,-0.04,0.67,1.35,0.39,0,0,1.74,-1.07,0
Odisha,Puri ,Gop,20,Itibhuan,0,0,4.24,0,0,0,4.24,-4.24,0.06
Odisha,Puri ,Gop,21,Jangalabori,0,3.5,2.97,1.7,0,0,4.66,-1.16,0.19
Odisha,Puri ,Gop,22,Kuanpada,0,0,1.44,0,0,0,1.44,-1.44,0.04
Odisha,Puri ,Gop,23,Mahalpada,0,6.22,7.36,0.92,0,0,8.28,-2.06,1.06
Odisha,Puri ,Gop,24,Nagapur,0,1.49,2.44,0,0,0,2.44,-0.95,0.07
Odisha,Puri ,Gop,25,Nuakholmara,0,0.79,1.21,0.7,0,0,1.91,-1.11,0
Odisha,Puri ,Gop,26,Payara,0,0.93,3.49,0,0,0,3.49,-2.56,0.18
Odisha,Puri ,Gop,27,Rahangagorada,0,11.3,12.99,0.6,0,0,13.58,-2.29,0.33
Odisha,Puri ,Gop,28,Simili,0,6.19,4.61,7.44,0,0,12.05,-5.86,0.08
Odisha,Puri ,Gop,29,Sorobha,0,4.66,5.21,2.14,0,0,7.35,-2.7,0.09
Odisha,Puri ,Gop,30,Sutana,0,3.33,4.55,0,0,0,4.55,-1.22,0.19
Odisha,Puri ,Gop,31,Tarakora,0,0,1.13,1.97,0,0,3.1,-3.1,0.01
Odisha,Puri ,Gop,,Total,-0.04,105.78,128.12,54.79,0,0,182.91,-77.13,4.78
Odisha,Puri ,Gop,,Block Level Line Deptt.,-4.91,-4.91,271.54,86.36,0,0,357.9,-362.81,10.5
Odisha,Puri ,Gop,,Po,0,305.9,0,NA,NA,40.69,40.69,265.21,NA
Odisha,Puri ,Kakat Pur,,Grand Total,-4.95,406.77,399.66,141.15,0,40.69,581.5,-174.73,15.28
Odisha,Puri ,Kakat Pur,1,Abadan,0,13.46,13.46,0,0,0,13.46,0,0.28
Odisha,Puri ,Kakat Pur,2,Banguri Gaon,0,11.3,11.3,0,0,0,11.3,0,0.19
Odisha,Puri ,Kakat Pur,3,Bhandaghar,0,6.58,5.51,1.07,0,0,6.58,0,0.11
Odisha,Puri ,Kakat Pur,4,Jaleswar Para,0,9.67,9.67,0,0,0,9.67,0,0.11
Odisha,Puri ,Kakat Pur,5,Kadua Nuagaon,0,14.17,14.17,0,0,0,14.17,0,0.15
Odisha,Puri ,Kakat Pur,6,Kakatpur,0,6.94,6.74,0.19,0,0,6.93,0.01,0.13
Odisha,Puri ,Kakat Pur,7,Kantapara,0,10.36,9.84,0.49,0,0,10.32,0.03,0.07
Odisha,Puri ,Kakat Pur,8,Katakana,0,23,19.1,3.9,0,0,23,0,0.27
Odisha,Puri ,Kakat Pur,9,Kundhei,0,8.3,8.1,0.19,0,0,8.3,0,0.62
Odisha,Puri ,Kakat Pur,10,Kurujanga,0,14.6,12.12,2.48,0,0,14.6,0,1.78
Odisha,Puri ,Kakat Pur,11,Lata Haran,0,24.67,23.43,1.14,0,0,24.57,0.1,0.99
Odisha,Puri ,Kakat Pur,12,Nashikeswar,0,5.12,5.06,0,0,0,5.06,0.05,0.2
Odisha,Puri ,Kakat Pur,13,Othaka,-0.02,8.61,8.39,0,0,0,8.39,0.21,0.06
Odisha,Puri ,Kakat Pur,14,Patasundar Pur,0,14.15,14.06,0.1,0,0,14.15,0,0.3
Odisha,Puri ,Kakat Pur,15,Suhagpur,0,15.22,12.23,2.96,0,0,15.19,0.03,0.36
Odisha,Puri ,Kakat Pur,16,Suhanpur,0,20.56,19.03,1.46,0,0,20.49,0.07,0.56
Odisha,Puri ,Kakat Pur,,Total,-0.02,206.71,192.21,13.99,0,0,206.2,0.51,6.17
Odisha,Puri ,Kakat Pur,,Block Level Line Deptt.,-0.02,-0.02,25.88,6.33,0,0,32.21,-32.23,1.1
Odisha,Puri ,Kakat Pur,,Po,0,30.19,0,NA,NA,18.65,18.65,11.54,NA
Odisha,Puri ,Kanas,,Grand Total,-0.05,236.88,218.09,20.32,0,18.65,257.06,-20.18,7.27
Odisha,Puri ,Kanas,1,Alibada,0,12.96,10.82,2.15,0.2,0,13.18,-0.22,0.08
Odisha,Puri ,Kanas,2,Andarsingh,0,10.29,6.96,13.46,1.56,0,21.97,-11.69,0.09
Odisha,Puri ,Kanas,3,Anlajodi,0,1.38,1.62,0,0,0,1.62,-0.24,0
Odisha,Puri ,Kanas,4,Badal,0,21.74,19.14,7.29,0.74,0,27.17,-5.42,0.05
Odisha,Puri ,Kanas,5,Badas,0,2.37,2.27,0.11,0,0,2.37,0,0
Odisha,Puri ,Kanas,6,Baku,0,13.77,10.67,4.61,0.19,0,15.47,-1.7,0.05
Odisha,Puri ,Kanas,7,Bijipur,0,6.96,7.26,1.54,0.16,0,8.96,-2,0.06
Odisha,Puri ,Kanas,8,Bindhan,0,6.34,6.34,0,0,0,6.34,0,0.02
Odisha,Puri ,Kanas,9,Chupuring,0,6.48,6.56,0,0,0,6.56,-0.08,0.2
Odisha,Puri ,Kanas,10,Deipur,0,5.86,6.1,4.28,0.34,0,10.73,-4.87,0
Odisha,Puri ,Kanas,11,Dibyasingh Pur,0,9.11,9.22,1.62,0.17,0,11,-1.9,0.11
Odisha,Puri ,Kanas,12,Dochhian,0,13.61,13.91,1.5,0.17,0,15.59,-1.98,0.18
Odisha,Puri ,Kanas,13,Dokanda,0,6.55,6.58,3.25,0.31,0,10.14,-3.6,0
Odisha,Puri ,Kanas,14,Gada Badaput,0,4.93,4.92,0,0,0,4.92,0.01,0.12
Odisha,Puri ,Kanas,15,Gadabalabhadrapur,0,11.49,11.49,0,0,0,11.49,0,0.02
Odisha,Puri ,Kanas,16,Gadakharada,0,11.56,10.79,0.62,0.1,0,11.51,0.05,0.11
Odisha,Puri ,Kanas,17,Gadasahi,0,17.4,8.99,9.34,0.93,0,19.26,-1.86,0.18
Odisha,Puri ,Kanas,18,Gadasanaputa,0,9.2,9.09,4.96,0.35,0,14.39,-5.2,0
Odisha,Puri ,Kanas,19,Gadisagoda,0,6.46,6.52,0,0,0,6.52,-0.06,0
Odisha,Puri ,Kanas,20,Gopinathpur,0,2.81,2.81,0,0,0,2.81,0,0.16
Odisha,Puri ,Kanas,21,Jamalgada,0,11.63,11.69,0,0,0,11.69,-0.06,0
Odisha,Puri ,Kanas,22,Kadua,0,12.17,10.83,1.9,0.09,0,12.82,-0.65,0
Odisha,Puri ,Kanas,23,Kanas,0,11.09,11.09,0,0,0,11.09,0,0.01
Odisha,Puri ,Kanas,24,Khandahata,0,3.36,5.24,12.21,0.89,0,18.35,-14.98,0
Odisha,Puri ,Kanas,25,Pandiakera,0,6.68,6.81,4.21,0.32,0,11.34,-4.66,0.15
Odisha,Puri ,Kanas,26,Sahupada,0,10.66,11.01,2.69,0.24,0,13.94,-3.28,0.17
Odisha,Puri ,Kanas,27,Serei,0,9.21,9.21,0,0,0,9.21,0,0.13
Odisha,Puri ,Kanas,28,Trilochan Pur,0,0.08,0.76,0,0,0,0.76,-0.68,0.01
Odisha,Puri ,Kanas,,Total,0,246.14,228.71,75.75,6.77,0,311.22,-65.08,1.91
Odisha,Puri ,Kanas,,Block Level Line Deptt.,0,103.79,0,NA,NA,28.79,28.79,75,NA
Odisha,Puri ,Kanas,,Po,0,349.93,268.2,104.55,6.86,29.17,408.76,-58.83,1.93
Odisha,Puri ,Krushnaprasad,,Grand Total,0,349.93,268.25,104.55,6.86,29.17,408.81,-58.88,0.46
Odisha,Puri ,Krushnaprasad,1,Alanda,0,9.35,9.29,2.52,0,0,11.8,-2.45,0.3
Odisha,Puri ,Krushnaprasad,2,Arakhakuda,0,9.49,10.44,2.19,0,0,12.63,-3.14,0.28
Odisha,Puri ,Krushnaprasad,3,Badaanla,0,6.62,5.81,4.54,0,0,10.35,-3.73,0.03
Odisha,Puri ,Krushnaprasad,4,Badajhada,0,8.61,8.88,2.75,0,0,11.63,-3.02,0.28
Odisha,Puri ,Krushnaprasad,5,Bajrakote,0,14.84,13.41,4.71,0,0,18.12,-3.28,0.12
Odisha,Puri ,Krushnaprasad,6,Bramha Pur,0,13.29,12.64,2.09,0,0,14.73,-1.44,0.47
Odisha,Puri ,Krushnaprasad,7,Budhibar,0,14.65,14.75,0,0,0,14.75,-0.09,0.42
Odisha,Puri ,Krushnaprasad,8,Gambhari,0,11.35,11.35,0,0,0,11.35,0,0.33
Odisha,Puri ,Krushnaprasad,9,Gomundia,0,16.62,16.34,0.58,0,0,16.92,-0.3,0.08
Odisha,Puri ,Krushnaprasad,10,Gopinathapur,0,22.62,22.57,0.15,0,0,22.72,-0.1,0.95
Odisha,Puri ,Krushnaprasad,11,Krushna Prassad,0,8.21,8.34,0,0,0,8.34,-0.14,0
Odisha,Puri ,Krushnaprasad,12,Maluda,0,21.42,21.53,1.46,0,0,22.99,-1.58,0.05
Odisha,Puri ,Krushnaprasad,13,Manika,0,0.64,0.76,0,0,0,0.76,-0.11,0.07
Odisha,Puri ,Krushnaprasad,14,Nuapada,0,17.09,17.46,1.4,0,0,18.86,-1.76,0.24
Odisha,Puri ,Krushnaprasad,15,Panasa Pada,0,20.87,21.09,0.99,0,0,22.07,-1.2,2.43
Odisha,Puri ,Krushnaprasad,16,Pirijipur,0,17.47,16.01,1.63,0,0,17.64,-0.17,0.45
Odisha,Puri ,Krushnaprasad,17,Ramalenka,0,4.93,4.93,0,0,0,4.93,0,0.15
Odisha,Puri ,Krushnaprasad,18,Satapada,0,18.66,18.77,1.87,0,0,20.64,-1.99,0.68
Odisha,Puri ,Krushnaprasad,19,Siala,0,14.88,14.6,2.77,0,0,17.37,-2.49,0.15
Odisha,Puri ,Krushnaprasad,20,Siandi,0,11.85,11.85,2.2,0,0,14.05,-2.2,0.19
Odisha,Puri ,Krushnaprasad,21,Titipa,0,2.87,2.91,0,0,0,2.91,-0.05,0.09
Odisha,Puri ,Krushnaprasad,,Total,0,266.33,263.71,31.85,0,0,295.56,-29.24,7.73
Odisha,Puri ,Krushnaprasad,,Block Level Line Deptt.,-33.24,-33.24,79.51,58.1,0,0,137.61,-170.85,0.69
Odisha,Puri ,Krushnaprasad,,Po,-1.8,80.67,0,NA,NA,26.68,26.68,53.99,NA
Odisha,Puri ,Nimapada,,Grand Total,-35.04,313.76,343.22,89.95,0,26.68,459.85,-146.1,8.42
Odisha,Puri ,Nimapada,1,Alanda,0,0,1.58,0,0,0,1.58,-1.58,0.06
Odisha,Puri ,Nimapada,2,Antuara,-0.16,6.02,5.22,2.54,0,0,7.76,-1.74,0.39
Odisha,Puri ,Nimapada,3,Arisandha,0,0,0.95,0,0,0,0.95,-0.95,0.02
Odisha,Puri ,Nimapada,4,Bada Siribila,0,0.03,2.24,0,0,0,2.24,-2.21,0.01
Odisha,Puri ,Nimapada,5,Badamachhapur,0,0.21,1.6,0,0,0,1.6,-1.39,0
Odisha,Puri ,Nimapada,6,Baharana,0,0.24,1.57,0,0,0,1.57,-1.33,0.07
Odisha,Puri ,Nimapada,7,Balanga,0,0,2.06,0,0,0,2.06,-2.06,0
Odisha,Puri ,Nimapada,8,Bamanala,-0.07,6.85,8.34,2.51,0,0,10.85,-4,0.14
Odisha,Puri ,Nimapada,9,Bhiligram,0,0,3.96,7.83,0,0,11.79,-11.79,0
Odisha,Puri ,Nimapada,10,Bhodar,0,3.72,3.52,1.72,0,0,5.24,-1.52,0.03
Odisha,Puri ,Nimapada,11,Bhogasalada,0,0.63,3,2.94,0,0,5.95,-5.32,0.01
Odisha,Puri ,Nimapada,12,Chanarapada,0,0,3.75,0,0,0,3.75,-3.75,0.05
Odisha,Puri ,Nimapada,13,Chanighanga,-0.03,0.1,1.36,4.81,0,0,6.17,-6.07,0
Odisha,Puri ,Nimapada,14,Denua,0,0,1.65,2.59,0,0,4.24,-4.24,0
Odisha,Puri ,Nimapada,15,Dhaleswar,0,0,1.32,0,0,0,1.32,-1.32,0.07
Odisha,Puri ,Nimapada,16,Dhanua,0,0,1.27,0,0,0,1.27,-1.27,0
Odisha,Puri ,Nimapada,17,Gadapadanpur,0,0,1.16,0,0,0,1.16,-1.16,0.01
Odisha,Puri ,Nimapada,18,Gopinathapur,0,0,1.39,0,0,0,1.39,-1.39,0
Odisha,Puri ,Nimapada,19,Haripur,0,0,1.41,0,0,0,1.41,-1.41,0
Odisha,Puri ,Nimapada,20,Kalapanchana,0,0,2.36,0,0,0,2.36,-2.36,0
Odisha,Puri ,Nimapada,21,Kothakusanga,-0.01,5.88,6.54,2.14,0,0,8.68,-2.79,0.03
Odisha,Puri ,Nimapada,22,Miteipur,0,1.85,3.02,3.6,0,0,6.62,-4.76,0.16
Odisha,Puri ,Nimapada,23,Nuasantha,0,0,1.13,0,0,0,1.13,-1.13,0.03
Odisha,Puri ,Nimapada,24,Ratilo,0,0,1.36,0,0,0,1.36,-1.36,0
Odisha,Puri ,Nimapada,25,Rencha,0,0,0.42,0,0,0,0.42,-0.42,0.1
Odisha,Puri ,Nimapada,26,Sagada,-0.01,-0.01,1.26,0,0,0,1.26,-1.27,0
Odisha,Puri ,Nimapada,27,Sainsa Sasana,0,0,0.68,0,0,0,0.68,-0.68,0.24
Odisha,Puri ,Nimapada,28,Salanga,0,0,1.25,0,0,0,1.25,-1.25,0.05
Odisha,Puri ,Nimapada,29,Tampala,0,0.29,0.78,0.17,0,0,0.96,-0.66,0.01
Odisha,Puri ,Nimapada,30,Terundia,0,0,0.95,0.66,0,0,1.61,-1.61,0
Odisha,Puri ,Nimapada,31,Tulashipur,0,0.56,2.21,0,0,0,2.21,-1.65,0.07
Odisha,Puri ,Nimapada,32,Uchhupur,0,0,1.89,0,0,0,1.89,-1.89,0
Odisha,Puri ,Nimapada,,Total,-0.28,26.4,71.19,31.52,0,0,102.71,-76.32,1.54
Odisha,Puri ,Nimapada,,Block Level Line Deptt.,-1.27,-1.27,242.71,20.73,0,0,263.44,-264.71,3.93
Odisha,Puri ,Nimapada,,Po,-5.42,322.26,0,NA,NA,37.1,37.1,285.16,NA
Odisha,Puri ,Pipili,,Grand Total,-6.97,347.39,313.9,52.25,0,37.1,403.25,-55.87,5.47
Odisha,Puri ,Pipili,1,Bharatipur,0,0,2.66,9.3,0.08,0,12.05,-12.05,0.07
Odisha,Puri ,Pipili,2,Birapurusotampur,0,0,2.87,8.27,0.06,0,11.19,-11.19,0
Odisha,Puri ,Pipili,3,Chandradeipur,-0.04,-0.04,1.84,0.81,0,0,2.65,-2.69,0.02
Odisha,Puri ,Pipili,4,Dandamukundapur,-0.14,-0.14,3.57,2.87,0,0,6.44,-6.58,0
Odisha,Puri ,Pipili,5,Durgadaspur,0,0,5.48,9.22,0.1,0,14.8,-14.8,0.08
Odisha,Puri ,Pipili,6,Gobindapur,0,0,1.03,0,0,0,1.03,-1.03,0
Odisha,Puri ,Pipili,7,Hatasahi,0,0.25,5.16,9.34,0.07,0,14.58,-14.32,0.02
Odisha,Puri ,Pipili,8,Jagannathpur,0,0.23,2.91,7.59,0.08,0,10.59,-10.35,0.05
Odisha,Puri ,Pipili,9,Jashuapur,0,0,2.8,3.6,0.04,0,6.44,-6.44,0.14
Odisha,Puri ,Pipili,10,Kanti,-0.03,-0.03,2.7,4.58,0.01,0,7.3,-7.33,0
Odisha,Puri ,Pipili,11,Kulasekharapatana,0,0,1.42,2.25,0.03,0,3.7,-3.7,0.02
Odisha,Puri ,Pipili,12,Laxminarayanpur,0,0,1.74,0,0,0,1.74,-1.74,0
Odisha,Puri ,Pipili,13,Mangalpur,0,0,2.56,2.15,0.02,0,4.74,-4.74,0
Odisha,Puri ,Pipili,14,Nuasashan,0,0,2.7,0,0,0,2.7,-2.7,0
Odisha,Puri ,Pipili,15,Orakala,-0.05,-0.05,3.37,0,0,0,3.37,-3.42,0
Odisha,Puri ,Pipili,16,Pamasara,-0.02,-0.02,2.09,0.47,0,0,2.56,-2.58,0
Odisha,Puri ,Pipili,17,Panidola,0,0,4.41,8.46,0.08,0,12.95,-12.95,0
Odisha,Puri ,Pipili,18,Poparanga,0,0.23,3.39,0.49,0,0,3.87,-3.65,0.05
Odisha,Puri ,Pipili,19,Pubasashan,-0.05,1.12,3.74,0,0,0,3.74,-2.62,0
Odisha,Puri ,Pipili,20,Rathapurusotampur,-0.05,-0.05,1.78,0,0,0,1.78,-1.83,0
Odisha,Puri ,Pipili,21,Rupadeipur,-0.05,0.41,4.91,9.54,0.05,0,14.5,-14.09,0.08
Odisha,Puri ,Pipili,22,Sahajapur,-0.02,-0.02,3.2,5.25,0.04,0,8.49,-8.51,0
Odisha,Puri ,Pipili,23,Sampur,0,0,2.83,8.81,0.09,0,11.73,-11.73,0
Odisha,Puri ,Pipili,24,Saraswatipur,-0.05,0.4,2.72,2.06,0,0,4.78,-4.38,0
Odisha,Puri ,Pipili,25,Teishipur,0,0,5.87,6.77,0.03,0,12.67,-12.67,0.11
Odisha,Puri ,Pipili,,Total,-0.49,2.3,77.76,101.84,0.79,0,180.39,-178.09,0.65
Odisha,Puri ,Pipili,,Block Level Line Deptt.,-0.11,-0.11,83.37,25.17,0.03,0.49,109.05,-109.16,0.61
Odisha,Puri ,Pipili,,Po,0,230.07,0,NA,NA,20.68,20.68,209.39,NA
Odisha,Puri ,Sadar,,Grand Total,-0.59,232.26,161.13,127.01,0.82,21.17,310.12,-77.86,1.26
Odisha,Puri ,Sadar,1,Bali Put,0,16.08,16.26,2.54,0,0,18.8,-2.72,0.74
Odisha,Puri ,Sadar,2,Baliguali,-0.01,7.68,7.73,0,0,0,7.73,-0.05,0
Odisha,Puri ,Sadar,3,Balipada,0,20.37,20.94,2.7,0,0,23.64,-3.27,0.15
Odisha,Puri ,Sadar,4,Basudebapur,0,8.91,9.23,0,0,0,9.23,-0.32,0
Odisha,Puri ,Sadar,5,Beladal,0,16.51,16.51,0,0,0,16.51,0,0.05
Odisha,Puri ,Sadar,6,Bhaili Pur,-0.01,20.29,17.54,12.17,0,0,29.72,-9.42,4.62
Odisha,Puri ,Sadar,7,Bijay Ramchandra Pur,0,4.2,6.26,0,0,0,6.26,-2.06,0
Odisha,Puri ,Sadar,8,Bira Harekrushna Pur,0,17.74,17.8,1.82,0,0,19.62,-1.88,0.14
Odisha,Puri ,Sadar,9,Birabalabhadra Pur,0,6.45,6.32,0,0,0,6.32,0.13,0.12
Odisha,Puri ,Sadar,10,Biranarsinghpur,0,11.25,11.25,0,0,0,11.25,0,0
Odisha,Puri ,Sadar,11,Birapratap Pur,0,8.2,7.96,3.43,0,0,11.39,-3.19,0.22
Odisha,Puri ,Sadar,12,Chalishibatia,0,24.47,24.7,4.52,0,0,29.22,-4.75,0
Odisha,Puri ,Sadar,13,Chandanpur,0,4.05,3.95,0,0,0,3.95,0.11,0.03
Odisha,Puri ,Sadar,14,Gadamrugasira,0,4.61,4.6,0,0,0,4.6,0.01,0.26
Odisha,Puri ,Sadar,15,Ganganarayanpur,0,9.45,9.45,0,0,0,9.45,0,0.11
Odisha,Puri ,Sadar,16,Gopinath Pur,0,2.68,2.81,0,0,0,2.81,-0.13,0
Odisha,Puri ,Sadar,17,Goudakera,0,8.96,8.96,0,0,0,8.96,0,1.27
Odisha,Puri ,Sadar,18,Hantuka,0,24.95,11.21,13.74,0,0,24.95,0,4.51
Odisha,Puri ,Sadar,19,Jamarsuan,0,8.05,8.21,0.99,0,0,9.2,-1.15,0.09
Odisha,Puri ,Sadar,20,Kaneibidyadharpur,0,14.5,14.09,0,0,0,14.09,0.4,0.4
Odisha,Puri ,Sadar,21,Kashiharipur,0,7.91,7.91,0,0,0,7.91,0,0
Odisha,Puri ,Sadar,22,Kerandipur,0,8.82,8.82,0,0,0,8.82,-0.01,0.21
Odisha,Puri ,Sadar,23,Malatipatpur,0,6.27,6.62,0,0,0,6.62,-0.35,0.68
Odisha,Puri ,Sadar,24,Pratap Purusotampur,0,14.83,14.75,0,0,0,14.75,0.07,0.1
Odisha,Puri ,Sadar,25,Pratapramachandrapur,0,27.01,25.06,3.06,0,0,28.12,-1.11,0.67
Odisha,Puri ,Sadar,26,Raygorada,0,12.71,12.67,0,0,0,12.67,0.04,0.04
Odisha,Puri ,Sadar,27,Samanga,0,14.46,9.84,5.48,0,0,15.32,-0.86,0.03
Odisha,Puri ,Sadar,28,Samangara,0,1.91,1.55,0,0,0,1.55,0.36,0.14
Odisha,Puri ,Sadar,29,Sasandamodarpur,0,12.93,13.23,3.1,0,0,16.33,-3.4,0.77
Odisha,Puri ,Sadar,30,Talajanga,0,9.14,9.21,0,0,0,9.21,-0.07,0
Odisha,Puri ,Sadar,,Total,-0.02,355.38,335.45,53.56,0,0,389.01,-33.63,15.35
Odisha,Puri ,Sadar,,Block Level Line Deptt.,0,0,28.7,8.53,0,0,37.24,-37.24,1.54
Odisha,Puri ,Sadar,,Po,0,74.28,0,NA,NA,26.4,26.4,47.88,NA
Odisha,Puri ,Satyabadi,,Grand Total,-0.02,429.66,364.15,62.09,0,26.4,452.65,-22.99,16.89
Odisha,Puri ,Satyabadi,1,Algum,0,35.57,35.46,0.11,0,0,35.57,0,0.17
Odisha,Puri ,Satyabadi,2,Alisha,0,17.75,17.75,0,0,0,17.75,0,0.12
Odisha,Puri ,Satyabadi,3,Balapur,0,16.34,16.34,0,0,0,16.34,0,0.19
Odisha,Puri ,Satyabadi,4,Balarampurgarh,0,19.78,19.56,0.22,0,0,19.78,0,0.09
Odisha,Puri ,Satyabadi,5,Bidyadharpur,0,1.9,1.68,0.22,0,0,1.9,0,0.02
Odisha,Puri ,Satyabadi,6,Biraramchandrapur,0,21.52,21.59,2.76,0,0,24.35,-2.82,0.38
Odisha,Puri ,Satyabadi,7,Biswanathpur,0,6.2,6.24,0,0,0,6.24,-0.05,0.14
Odisha,Puri ,Satyabadi,8,Dasbidyadharpur,0,15.21,15.21,0,0,0,15.21,0,0
Odisha,Puri ,Satyabadi,9,Dugal,0,22.48,22.15,1.56,0,0,23.71,-1.24,0.35
Odisha,Puri ,Satyabadi,10,Jaypur,0,5.36,5.25,0.11,0,0,5.36,0,0
Odisha,Puri ,Satyabadi,11,Kadua,0,17.81,17.37,0.44,0,0,17.81,0,0.17
Odisha,Puri ,Satyabadi,12,Ketakipatana,0,15.65,15.65,0,0,0,15.65,0,0.18
Odisha,Puri ,Satyabadi,13,Madhuban,0,29.12,29.12,0,0,0,29.12,0,0.1
Odisha,Puri ,Satyabadi,14,Mahura,0,8.14,8.14,1.48,0,0,9.61,-1.48,0.12
Odisha,Puri ,Satyabadi,15,Mulaalasa,0,8.23,8.51,0,0,0,8.51,-0.27,0.03
Odisha,Puri ,Satyabadi,16,Narendrapur,0,23.05,23.05,0,0,0,23.05,0,0
Odisha,Puri ,Satyabadi,17,Nuasomeswarpur,0,10.4,10.4,0,0,0,10.4,0,0
Odisha,Puri ,Satyabadi,18,Parajapada,0,16.67,16.65,0,0,0,16.65,0.02,0.13
Odisha,Puri ,Satyabadi,19,Penthapada,0,5.71,5.26,0.44,0,0,5.71,0,0
Odisha,Puri ,Satyabadi,20,Raikhandi,0,14.2,14.05,0.56,0,0,14.61,-0.41,0.09
Odisha,Puri ,Satyabadi,21,Sandrasasan,0,26.03,26.03,0,0,0,26.03,0,0.03
Odisha,Puri ,Satyabadi,22,Sarangajodi,0,13.9,13.9,0,0,0,13.9,0,0.06
Odisha,Puri ,Satyabadi,23,Sriramchandrapur,0,7.62,7.69,4.61,0,0,12.3,-4.68,0.05
Odisha,Puri ,Satyabadi,24,Sukal,0,26.68,26.68,0,0,0,26.68,0,1.3
Odisha,Puri ,Satyabadi,,Total,0,385.32,383.72,12.52,0,0,396.24,-10.92,3.71
Odisha,Puri ,Satyabadi,,Block Level Line Deptt.,-0.02,-0.02,17.54,8.74,0,0.82,27.11,-27.13,0.09
Odisha,Puri ,Satyabadi,,Po,0,45.91,0,NA,NA,25.43,25.43,20.48,NA
Odisha,Puri ,Satyabadi,,Grand Total,-0.02,431.21,401.26,21.26,0,26.25,448.78,-17.57,3.8
